   0.0000000e+00   0.0000000e+00  -2.4502152e-02   1.5049295e+00   1.4755733e+00  -2.9356230e-02
   1.4755733e+00  -2.9356230e-02   3.6257097e-03  -1.5122813e-04   1.4754280e+00  -2.9365486e-02
   1.4754280e+00  -2.9365486e-02   1.0510048e-03  -4.1697537e-04   1.4751719e+00  -2.9213440e-02
   1.4751719e+00  -2.9213440e-02   2.8202866e-03   3.3094286e-04   1.4753620e+00  -2.9389984e-02
   1.4753620e+00  -2.9389984e-02   1.3992078e-02  -2.8594883e-04   1.4752490e+00  -2.9453355e-02
   1.4752490e+00  -2.9453355e-02  -2.0348309e-02   1.5420033e-03   1.4756091e+00  -3.0204676e-02
   1.4756091e+00  -3.0204676e-02  -1.3867214e-02   7.1075003e-04   1.4756437e+00  -3.0527997e-02
   1.4756437e+00  -3.0527997e-02   1.2696134e-03   6.1116480e-05   1.4755750e+00  -3.0695522e-02
   1.4755750e+00  -3.0695522e-02   1.0363221e-04   1.1804913e-03   1.4756804e+00  -3.1774223e-02
   1.4756804e+00  -3.1774223e-02  -1.6114815e-03   1.1018871e-03   1.4754641e+00  -3.3030546e-02
   1.4754641e+00  -3.3030546e-02  -1.2695638e-03   1.2709370e-03   1.4754506e+00  -3.4260608e-02
   1.4754506e+00  -3.4260608e-02  -6.8964779e-03   1.9386335e-03   1.4755829e+00  -3.5742034e-02
   1.4755829e+00  -3.5742034e-02  -2.7123516e-03   5.9011041e-03   1.4754732e+00  -4.1613077e-02
   1.4754732e+00  -4.1613077e-02  -5.9774357e-03   6.9380502e-03   1.4755813e+00  -4.8108889e-02
   1.4755813e+00  -4.8108889e-02  -7.7605687e-03   6.8360442e-03   1.4755859e+00  -5.4472164e-02
   1.4755859e+00  -5.4472164e-02  -1.0537003e-02   6.2943813e-03   1.4751037e+00  -6.0566265e-02
   1.4751037e+00  -6.0566265e-02  -3.4889410e-02   3.3602184e-02   1.4747043e+00  -9.2153024e-02
   1.4747043e+00  -9.2153024e-02  -3.2359842e-02   3.2785225e-02   1.4734747e+00  -1.2378345e-01
   1.4734747e+00  -1.2378345e-01  -3.2722321e-02   3.1717841e-02   1.4716687e+00  -1.5474940e-01
   1.4716687e+00  -1.5474940e-01  -2.2647571e-02   2.8797857e-02   1.4688629e+00  -1.8448089e-01
   1.4688629e+00  -1.8448089e-01  -1.2387897e-01   1.1123451e-01   1.4557519e+00  -2.9802599e-01
   1.4557519e+00  -2.9802599e-01  -1.1422224e-01   9.5428577e-02   1.4350648e+00  -4.0366544e-01
   1.4350648e+00  -4.0366544e-01  -1.0666204e-01   8.0909549e-02   1.4081746e+00  -5.0119723e-01
   1.4081746e+00  -5.0119723e-01  -8.3906939e-02   6.2951099e-02   1.3754962e+00  -5.8836634e-01
   1.3754962e+00  -5.8836634e-01  -1.0901082e-01   5.7817898e-02   1.3240209e+00  -6.8616870e-01
   1.3240209e+00  -6.8616870e-01  -5.9701219e-02   2.5402506e-02   1.2660310e+00  -7.6299351e-01
   1.2660310e+00  -7.6299351e-01  -5.6035367e-02  -3.0464197e-03   1.2012338e+00  -8.1832166e-01
   1.2012338e+00  -8.1832166e-01  -3.4650213e-02  -2.8336465e-02   1.1332821e+00  -8.5380507e-01
   1.1332821e+00  -8.5380507e-01  -2.6791324e-02  -5.9906735e-02   1.0510803e+00  -8.7278096e-01
   1.0510803e+00  -8.7278096e-01  -1.6117923e-02  -8.1725484e-02   9.6797278e-01  -8.7209114e-01
   9.6797278e-01  -8.7209114e-01   1.3425008e-03  -9.9390474e-02   8.8579547e-01  -8.5505683e-01
   8.8579547e-01  -8.5505683e-01   3.1442945e-02  -1.1307368e-01   8.0573268e-01  -8.2638213e-01
   8.0573268e-01  -8.2638213e-01   3.7278036e-02  -1.4557017e-01   7.1163832e-01  -7.8022255e-01
   7.1163832e-01  -7.8022255e-01   6.3042199e-02  -1.5013172e-01   6.2337994e-01  -7.2763714e-01
   6.2337994e-01  -7.2763714e-01   6.2587640e-02  -1.4597413e-01   5.4169743e-01  -6.7286274e-01
   5.4169743e-01  -6.7286274e-01   4.8940401e-02  -1.3668109e-01   4.6635396e-01  -6.1919951e-01
   4.6635396e-01  -6.1919951e-01   7.0690351e-02  -1.8153441e-01   3.6914684e-01  -5.4629392e-01
   3.6914684e-01  -5.4629392e-01   4.3066341e-02  -1.5319815e-01   2.8448355e-01  -4.8492322e-01
   2.8448355e-01  -4.8492322e-01   5.9928101e-02  -1.3694362e-01   2.0929540e-01  -4.3342409e-01
   2.0929540e-01  -4.3342409e-01   4.4298774e-02  -1.1658559e-01   1.4169963e-01  -3.9222870e-01
   1.4169963e-01  -3.9222870e-01   2.1176763e-02  -9.3781619e-02   8.0879592e-02  -3.6309530e-01
   8.0879592e-02  -3.6309530e-01   3.7074390e-02  -8.2933793e-02   2.4080607e-02  -3.4384182e-01
   2.4080607e-02  -3.4384182e-01  -3.8946122e-03  -6.1515796e-02  -2.9727704e-02  -3.3539257e-01
  -2.9727704e-02  -3.3539257e-01  -8.3466377e-03  -5.1211962e-02  -8.2990115e-02  -3.3581273e-01
  -8.2990115e-02  -3.3581273e-01  -4.3311594e-03  -4.4077504e-02  -1.3768162e-01  -3.4555963e-01
  -1.3768162e-01  -3.4555963e-01  -2.2714546e-02  -3.3774999e-02  -1.9427370e-01  -3.6371809e-01
  -1.9427370e-01  -3.6371809e-01  -3.9375604e-02  -2.3632445e-02  -2.5440948e-01  -3.9195252e-01
  -2.5440948e-01  -3.9195252e-01  -4.0520250e-02  -2.2929257e-02  -3.2124272e-01  -4.2714786e-01
  -3.2124272e-01  -4.2714786e-01  -6.4944273e-02  -2.4654944e-02  -4.2082417e-01  -4.8779604e-01
  -4.2082417e-01  -4.8779604e-01  -8.2429434e-02  -2.4026217e-02  -5.3619673e-01  -5.6061203e-01
  -5.3619673e-01  -5.6061203e-01  -7.3172762e-02  -4.0546314e-02  -6.7023321e-01  -6.3728973e-01
  -6.7023321e-01  -6.3728973e-01  -7.0305104e-02  -6.7985565e-02  -8.2014715e-01  -7.0271475e-01
  -8.2014715e-01  -7.0271475e-01  -2.7549725e-02  -7.6495665e-02  -9.2972755e-01  -7.2919506e-01
  -9.2972755e-01  -7.2919506e-01  -1.9266159e-02  -1.0713972e-01  -1.0415429e+00  -7.2915573e-01
  -1.0415429e+00  -7.2915573e-01   4.9742080e-02  -1.5887229e-01  -1.1504648e+00  -6.9162811e-01
  -1.1504648e+00  -6.9162811e-01   6.9808863e-02  -1.9960280e-01  -1.2500216e+00  -6.0936739e-01
  -1.2500216e+00  -6.0936739e-01   1.4352803e-01  -2.5248364e-01  -1.3328848e+00  -4.7703742e-01
  -1.3328848e+00  -4.7703742e-01   1.8024680e-01  -2.7950822e-01  -1.3911005e+00  -3.0348641e-01
  -1.3911005e+00  -3.0348641e-01   2.2251340e-01  -2.8637754e-01  -1.4187573e+00  -1.0482962e-01
  -1.4187573e+00  -1.0482962e-01   2.1202778e-01  -2.5914193e-01  -1.4137338e+00   1.0102517e-01
  -1.4137338e+00   1.0102517e-01   1.1035601e-01  -1.4010925e-01  -1.3935306e+00   2.3042610e-01
  -1.3935306e+00   2.3042610e-01   1.1708252e-01  -1.1510629e-01  -1.3601871e+00   3.4548258e-01
  -1.3601871e+00   3.4548258e-01   1.2192761e-01  -8.7663310e-02  -1.3162896e+00   4.4164416e-01
  -1.3162896e+00   4.4164416e-01   6.8270679e-02  -3.9524158e-02  -1.2620809e+00   5.1520579e-01
  -1.2620809e+00   5.1520579e-01   5.1429893e-02  -8.0149186e-03  -1.2021323e+00   5.6770938e-01
  -1.2021323e+00   5.6770938e-01   2.2682299e-02   2.6469001e-02  -1.1374144e+00   5.9902293e-01
  -1.1374144e+00   5.9902293e-01   1.8750168e-02   4.8757715e-02  -1.0708997e+00   6.1095004e-01
  -1.0708997e+00   6.1095004e-01  -2.1268566e-02   7.7895989e-02  -1.0038030e+00   6.0687384e-01
  -1.0038030e+00   6.0687384e-01  -1.1724951e-02   9.4844262e-02  -9.3165926e-01   5.8794050e-01
  -9.3165926e-01   5.8794050e-01  -1.8856194e-02   1.0615122e-01  -8.6246238e-01   5.5714266e-01
  -8.6246238e-01   5.5714266e-01  -5.7296560e-02   1.2332834e-01  -7.9740571e-01   5.1787696e-01
  -7.9740571e-01   5.1787696e-01  -3.7945080e-02   1.1788050e-01  -7.3685477e-01   4.7333257e-01
  -7.3685477e-01   4.7333257e-01  -5.7696323e-02   1.5644146e-01  -6.6391293e-01   4.0957531e-01
  -6.6391293e-01   4.0957531e-01  -6.7194366e-02   1.5184670e-01  -6.0097145e-01   3.4401522e-01
  -6.0097145e-01   3.4401522e-01  -7.9679846e-02   1.4569767e-01  -5.4814115e-01   2.7924997e-01
  -5.4814115e-01   2.7924997e-01  -5.2304394e-02   1.2424522e-01  -5.0500486e-01   2.1686395e-01
  -5.0500486e-01   2.1686395e-01  -9.2804975e-02   1.7052382e-01  -4.5780880e-01   1.2724706e-01
  -4.5780880e-01   1.2724706e-01  -5.5664801e-02   1.3053055e-01  -4.3094641e-01   4.4093568e-02
  -4.3094641e-01   4.4093568e-02  -1.0248379e-01   1.2582887e-01  -4.2330441e-01  -3.5780214e-02
  -4.2330441e-01  -3.5780214e-02  -8.2381811e-02   9.8549389e-02  -4.3394904e-01  -1.1373816e-01
  -4.3394904e-01  -1.1373816e-01  -9.0610842e-02   8.9243945e-02  -4.6780949e-01  -2.0200357e-01
  -4.6780949e-01  -2.0200357e-01  -8.9391859e-02   6.8185350e-02  -5.2553199e-01  -2.9306388e-01
  -5.2553199e-01  -2.9306388e-01  -6.8468082e-02   3.7601985e-02  -6.0773369e-01  -3.8581045e-01
  -6.0773369e-01  -3.8581045e-01  -1.0961070e-01   2.5967109e-02  -7.1419860e-01  -4.7433917e-01
  -7.1419860e-01  -4.7433917e-01  -6.2606600e-02  -2.4402881e-03  -7.9113615e-01  -5.2342384e-01
  -7.9113615e-01  -5.2342384e-01  -4.2906202e-02  -2.9578267e-02  -8.7539086e-01  -5.6045339e-01
  -8.7539086e-01  -5.6045339e-01  -2.9098592e-02  -5.6461308e-02  -9.6427978e-01  -5.8075616e-01
  -9.6427978e-01  -5.8075616e-01   2.6838014e-02  -1.0603579e-01  -1.0545376e+00  -5.7630601e-01
  -1.0545376e+00  -5.7630601e-01   3.4428462e-02  -1.3807333e-01  -1.1419424e+00  -5.4035548e-01
  -1.1419424e+00  -5.4035548e-01   8.4721503e-02  -1.8709479e-01  -1.2203023e+00  -4.6829794e-01
  -1.2203023e+00  -4.6829794e-01   1.2188750e-01  -2.2496795e-01  -1.2835574e+00  -3.6001423e-01
  -1.2835574e+00  -3.6001423e-01   1.5693738e-01  -2.5079811e-01  -1.3263038e+00  -2.2160973e-01
  -1.3263038e+00  -2.2160973e-01   1.1652613e-01  -1.7854758e-01  -1.3423511e+00  -1.1145779e-01
  -1.3423511e+00  -1.1145779e-01   1.3247393e-01  -1.7543872e-01  -1.3453637e+00   7.3226602e-04
  -1.3453637e+00   7.3226602e-04   1.2096883e-01  -1.5543314e-01  -1.3354906e+00   1.1037192e-01
  -1.3354906e+00   1.1037192e-01   1.0771030e-01  -1.2913775e-01  -1.3137759e+00   2.1106889e-01
  -1.3137759e+00   2.1106889e-01   9.5541567e-02  -1.0050167e-01  -1.2815174e+00   2.9881542e-01
  -1.2815174e+00   2.9881542e-01   5.1798890e-02  -5.3177286e-02  -1.2396855e+00   3.6913510e-01
  -1.2396855e+00   3.6913510e-01   6.2621235e-02  -3.3726514e-02  -1.1910879e+00   4.2126650e-01
  -1.1910879e+00   4.2126650e-01   5.1994985e-02  -5.4351455e-03  -1.1374915e+00   4.5494194e-01
  -1.1374915e+00   4.5494194e-01  -6.0276856e-03   4.1834871e-02  -1.0828397e+00   4.7073167e-01
  -1.0828397e+00   4.7073167e-01  -1.0910082e-03   5.2909423e-02  -1.0284279e+00   4.7277813e-01
  -1.0284279e+00   4.7277813e-01  -3.3337429e-02   8.1917858e-02  -9.7407038e-01   4.6202884e-01
  -9.7407038e-01   4.6202884e-01  -2.6748305e-02   8.6933784e-02  -9.2108148e-01   4.4172083e-01
  -9.2108148e-01   4.4172083e-01  -5.5405672e-02   1.2286374e-01  -8.6103094e-01   4.0746276e-01
  -8.6103094e-01   4.0746276e-01  -6.2896544e-02   1.3037969e-01  -8.0606792e-01   3.6481219e-01
  -8.0606792e-01   3.6481219e-01  -5.6641783e-02   1.2674134e-01  -7.5695320e-01   3.1700917e-01
  -7.5695320e-01   3.1700917e-01  -5.4900039e-02   1.2288309e-01  -7.1406202e-01   2.6623046e-01
  -7.1406202e-01   2.6623046e-01  -7.0761346e-02   1.6098614e-01  -6.6580615e-01   1.9154931e-01
  -6.6580615e-01   1.9154931e-01  -8.9454941e-02   1.5845978e-01  -6.3134635e-01   1.1615136e-01
  -6.3134635e-01   1.1615136e-01  -7.1404723e-02   1.3392669e-01  -6.1086139e-01   4.1905355e-02
  -6.1086139e-01   4.1905355e-02  -7.0617761e-02   1.1892337e-01  -6.0382952e-01  -3.0825643e-02
  -6.0382952e-01  -3.0825643e-02  -1.3221167e-01   1.7233086e-01  -6.2228197e-01  -1.4754821e-01
  -6.2228197e-01  -1.4754821e-01  -1.3600667e-01   1.3467690e-01  -6.7637242e-01  -2.5936273e-01
  -6.7637242e-01  -2.5936273e-01  -1.0404836e-01   7.4473274e-02  -7.6354724e-01  -3.6155308e-01
  -7.6354724e-01  -3.6155308e-01  -6.7378488e-02   1.5028500e-03  -8.7878316e-01  -4.3940823e-01
  -8.7878316e-01  -4.3940823e-01  -1.4758091e-02  -3.1434735e-02  -9.4115844e-01  -4.6174851e-01
  -9.4115844e-01  -4.6174851e-01  -6.4000072e-03  -5.3011977e-02  -1.0052929e+00  -4.6910511e-01
  -1.0052929e+00  -4.6910511e-01   4.0929965e-02  -9.8620456e-02  -1.0691453e+00  -4.5865287e-01
  -1.0691453e+00  -4.5865287e-01   4.6593898e-02  -1.2027048e-01  -1.1302284e+00  -4.2741074e-01
  -1.1302284e+00  -4.2741074e-01   6.5650193e-02  -1.4718390e-01  -1.1850106e+00  -3.7475684e-01
  -1.1850106e+00  -3.7475684e-01   8.9114526e-02  -1.7418758e-01  -1.2303988e+00  -3.0041883e-01
  -1.2303988e+00  -3.0041883e-01   9.6915811e-02  -1.8499537e-01  -1.2633416e+00  -2.0814758e-01
  -1.2633416e+00  -2.0814758e-01   9.2212267e-02  -1.8010829e-01  -1.2821486e+00  -1.0425247e-01
  -1.2821486e+00  -1.0425247e-01   1.0590973e-01  -1.5752895e-01  -1.2865442e+00  -1.7657456e-02
  -1.2865442e+00  -1.7657456e-02   9.6401409e-02  -1.3934758e-01  -1.2803726e+00   6.6745710e-02
  -1.2803726e+00   6.6745710e-02   9.6464498e-02  -1.2473724e-01  -1.2647081e+00   1.4543912e-01
  -1.2647081e+00   1.4543912e-01   6.9511877e-02  -8.9870629e-02  -1.2400837e+00   2.1506892e-01
  -1.2400837e+00   2.1506892e-01   5.0797953e-02  -5.7830204e-02  -1.2080275e+00   2.7187735e-01
  -1.2080275e+00   2.7187735e-01   5.3105063e-02  -4.1214418e-02  -1.1703819e+00   3.1585193e-01
  -1.1703819e+00   3.1585193e-01   3.4016527e-02  -1.2703828e-02  -1.1288287e+00   3.4756745e-01
  -1.1288287e+00   3.4756745e-01   1.5554134e-02   1.7224324e-02  -1.0843026e+00   3.6447259e-01
  -1.0843026e+00   3.6447259e-01   1.4075596e-03   4.1181705e-02  -1.0377612e+00   3.6888336e-01
  -1.0377612e+00   3.6888336e-01  -6.9551868e-03   5.8514141e-02  -9.9110604e-01   3.6175351e-01
  -9.9110604e-01   3.6175351e-01  -2.0980385e-02   7.5608199e-02  -9.4646841e-01   3.4516962e-01
  -9.4646841e-01   3.4516962e-01  -2.3257927e-02   8.2991897e-02  -9.0358198e-01   3.2114699e-01
  -9.0358198e-01   3.2114699e-01  -5.6165146e-02   1.2594399e-01  -8.5551073e-01   2.8243723e-01
  -8.5551073e-01   2.8243723e-01  -4.5556467e-02   1.1944089e-01  -8.1304571e-01   2.3749082e-01
  -8.1304571e-01   2.3749082e-01  -7.4118807e-02   1.3754047e-01  -7.7733015e-01   1.8820624e-01
  -7.7733015e-01   1.8820624e-01  -5.6943206e-02   1.2040651e-01  -7.4938613e-01   1.3643911e-01
  -7.4938613e-01   1.3643911e-01  -9.3797771e-02   1.8039765e-01  -7.2114829e-01   5.1857818e-02
  -7.2114829e-01   5.1857818e-02  -1.2671436e-01   1.8592575e-01  -7.1127027e-01  -3.2159836e-02
  -7.1127027e-01  -3.2159836e-02  -1.0667561e-01   1.5054635e-01  -7.2144755e-01  -1.1478690e-01
  -7.2144755e-01  -1.1478690e-01  -9.8858963e-02   1.2178335e-01  -7.5073928e-01  -1.9291269e-01
  -7.5073928e-01  -1.9291269e-01  -6.4589627e-02   7.1732789e-02  -7.8927425e-01  -2.5514280e-01
  -7.8927425e-01  -2.5514280e-01  -7.6463939e-02   6.0263639e-02  -8.3963429e-01  -3.0845183e-01
  -8.3963429e-01  -3.0845183e-01  -5.5546682e-02   2.4336222e-02  -8.9908485e-01  -3.5027882e-01
  -8.9908485e-01  -3.5027882e-01  -4.3293660e-02  -8.7810018e-03  -9.6569922e-01  -3.7515562e-01
  -9.6569922e-01  -3.7515562e-01  -3.5100423e-03  -7.2258969e-02  -1.0422449e+00  -3.7674990e-01
  -1.0422449e+00  -3.7674990e-01   5.6015183e-02  -1.4955080e-01  -1.1152265e+00  -3.4347591e-01
  -1.1152265e+00  -3.4347591e-01   7.4910770e-02  -1.8888324e-01  -1.1767519e+00  -2.7445621e-01
  -1.1767519e+00  -2.7445621e-01   1.1197816e-01  -2.3211221e-01  -1.2191825e+00  -1.7263497e-01
  -1.2191825e+00  -1.7263497e-01   1.1571093e-01  -1.7278520e-01  -1.2332802e+00  -1.0541435e-01
  -1.2332802e+00  -1.0541435e-01   9.0895601e-02  -1.4827791e-01  -1.2385988e+00  -3.4838745e-02
  -1.2385988e+00  -3.4838745e-02   8.6123688e-02  -1.3542951e-01  -1.2350560e+00   3.5044978e-02
  -1.2350560e+00   3.5044978e-02   9.2748627e-02  -1.2880508e-01  -1.2230590e+00   1.0089979e-01
  -1.2230590e+00   1.0089979e-01   6.9413874e-02  -9.5470590e-02  -1.2032728e+00   1.5965785e-01
  -1.2032728e+00   1.5965785e-01   8.2741988e-02  -9.1332592e-02  -1.1772152e+00   2.0921501e-01
  -1.1772152e+00   2.0921501e-01   5.2819134e-02  -4.7258914e-02  -1.1448659e+00   2.4521090e-01
  -1.1448659e+00   2.4521090e-01   2.9926801e-02  -1.5528481e-02  -1.1090718e+00   2.7164726e-01
  -1.1090718e+00   2.7164726e-01   1.9504375e-02   5.9869252e-03  -1.0732097e+00   2.8518844e-01
  -1.0732097e+00   2.8518844e-01   4.3326616e-03   3.0399537e-02  -1.0354910e+00   2.8885367e-01
  -1.0354910e+00   2.8885367e-01  -7.2788046e-03   4.8853193e-02  -9.9814853e-01   2.8352432e-01
  -9.9814853e-01   2.8352432e-01  -3.1801096e-02   7.7029965e-02  -9.6187135e-01   2.6996530e-01
  -9.6187135e-01   2.6996530e-01  -2.2087143e-02   8.3259182e-02  -9.2201674e-01   2.4557808e-01
  -9.2201674e-01   2.4557808e-01  -3.2192728e-02   9.5681021e-02  -8.8558352e-01   2.1423850e-01
  -8.8558352e-01   2.1423850e-01  -5.3274981e-02   1.1502001e-01  -8.5396374e-01   1.7733718e-01
  -8.5396374e-01   1.7733718e-01  -5.5933714e-02   1.1575152e-01  -8.2790022e-01   1.3679872e-01
  -8.2790022e-01   1.3679872e-01  -7.5225409e-02   1.6192133e-01  -7.9971042e-01   6.9612603e-02
  -7.9971042e-01   6.9612603e-02  -9.3328026e-02   1.6517367e-01  -7.8558273e-01   1.6769644e-03
  -7.8558273e-01   1.6769644e-03  -8.1648559e-02   1.4069467e-01  -7.8633821e-01  -6.6581330e-02
  -7.8633821e-01  -6.6581330e-02  -1.0217642e-01   1.4370038e-01  -8.0101314e-01  -1.3275935e-01
  -8.0101314e-01  -1.3275935e-01  -7.8887668e-02   9.9167883e-02  -8.2489107e-01  -1.8415584e-01
  -8.2489107e-01  -1.8415584e-01  -3.8451196e-02   4.8535041e-02  -8.5746286e-01  -2.3011223e-01
  -8.5746286e-01  -2.3011223e-01  -4.3812999e-02   3.6969737e-02  -8.9828778e-01  -2.6759584e-01
  -8.9828778e-01  -2.6759584e-01  -3.3290925e-02   1.2822780e-02  -9.4498711e-01  -2.9629103e-01
  -9.4498711e-01  -2.9629103e-01  -3.5347359e-02  -7.5648487e-03  -9.9912924e-01  -3.0992803e-01
  -9.9912924e-01  -3.0992803e-01   1.9161433e-02  -7.8690739e-02  -1.0539558e+00  -3.0403381e-01
  -1.0539558e+00  -3.0403381e-01   3.8871357e-02  -1.1745093e-01  -1.1053989e+00  -2.7471035e-01
  -1.1053989e+00  -2.7471035e-01   7.2929261e-02  -1.6485158e-01  -1.1494039e+00  -2.2312169e-01
  -1.1494039e+00  -2.2312169e-01   5.9472972e-02  -1.2891894e-01  -1.1729832e+00  -1.7461309e-01
  -1.1729832e+00  -1.7461309e-01   6.4535893e-02  -1.3467134e-01  -1.1893861e+00  -1.1839590e-01
  -1.1893861e+00  -1.1839590e-01   1.0194162e-01  -1.6719238e-01  -1.1975720e+00  -5.8009936e-02
  -1.1975720e+00  -5.8009936e-02   7.6857576e-02  -1.3642826e-01  -1.1972573e+00   3.9240931e-03
  -1.1972573e+00   3.9240931e-03   6.3455597e-02  -1.1302675e-01  -1.1889490e+00   6.3119160e-02
  -1.1889490e+00   6.3119160e-02   5.8715370e-02  -9.3597937e-02  -1.1724392e+00   1.1538104e-01
  -1.1724392e+00   1.1538104e-01   6.4789420e-02  -8.4491034e-02  -1.1492265e+00   1.5887111e-01
  -1.1492265e+00   1.5887111e-01   6.7466163e-02  -7.1119627e-02  -1.1206628e+00   1.9128808e-01
  -1.1206628e+00   1.9128808e-01   3.7731522e-02  -2.8665975e-02  -1.0925753e+00   2.1019831e-01
  -1.0925753e+00   2.1019831e-01   1.1974167e-02   5.5892006e-03  -1.0631958e+00   2.2190803e-01
  -1.0631958e+00   2.2190803e-01   1.6037711e-04   2.7716313e-02  -1.0326343e+00   2.2459049e-01
  -1.0326343e+00   2.2459049e-01  -1.2089581e-02   4.6870736e-02  -1.0026107e+00   2.2008352e-01
  -1.0026107e+00   2.2008352e-01  -9.5353587e-03   5.6588306e-02  -9.6925514e-01   2.0664033e-01
  -9.6925514e-01   2.0664033e-01  -5.7254747e-03   5.8040231e-02  -9.3822192e-01   1.8554532e-01
  -9.3822192e-01   1.8554532e-01  -4.4152217e-02   9.9669969e-02  -9.1026729e-01   1.5968207e-01
  -9.1026729e-01   1.5968207e-01  -4.4920080e-02   1.0087447e-01  -8.8666194e-01   1.2932845e-01
  -8.8666194e-01   1.2932845e-01  -6.2333026e-02   1.4074908e-01  -8.6037895e-01   8.0333352e-02
  -8.6037895e-01   8.0333352e-02  -8.5017768e-02   1.5794529e-01  -8.4424750e-01   2.8320524e-02
  -8.4424750e-01   2.8320524e-02  -9.5541685e-02   1.6081481e-01  -8.3830108e-01  -2.5065376e-02
  -8.3830108e-01  -2.5065376e-02  -7.5042524e-02   1.2941521e-01  -8.4228723e-01  -7.8313971e-02
  -8.4228723e-01  -7.8313971e-02  -7.9935006e-02   1.1849216e-01  -8.5562310e-01  -1.2429067e-01
  -8.5562310e-01  -1.2429067e-01  -2.5653331e-02   4.6989763e-02  -8.7701300e-01  -1.6496655e-01
  -8.7701300e-01  -1.6496655e-01  -6.6546758e-02   8.2540169e-02  -9.0466680e-01  -2.0290119e-01
  -9.0466680e-01  -2.0290119e-01  -5.4120434e-02   5.2374158e-02  -9.3893008e-01  -2.3045237e-01
  -9.3893008e-01  -2.3045237e-01  -5.9299788e-03  -1.3056760e-02  -9.7675984e-01  -2.4871624e-01
  -9.7675984e-01  -2.4871624e-01  -4.0398688e-05  -3.4438437e-02  -1.0169806e+00  -2.5445402e-01
  -1.0169806e+00  -2.5445402e-01   7.4886488e-03  -5.6635447e-02  -1.0567292e+00  -2.4587564e-01
  -1.0567292e+00  -2.4587564e-01   1.6565164e-02  -7.8849094e-02  -1.0936619e+00  -2.2243586e-01
  -1.0936619e+00  -2.2243586e-01   4.5262647e-02  -1.2008607e-01  -1.1251564e+00  -1.8459681e-01
  -1.1251564e+00  -1.8459681e-01   8.9640721e-02  -1.7433980e-01  -1.1486840e+00  -1.3482672e-01
  -1.1486840e+00  -1.3482672e-01   1.0185877e-01  -1.8717312e-01  -1.1621432e+00  -7.6527890e-02
  -1.1621432e+00  -7.6527890e-02   9.8917690e-02  -1.7503726e-01  -1.1652282e+00  -1.7241434e-02
  -1.1652282e+00  -1.7241434e-02   6.2986271e-02  -1.1414894e-01  -1.1614976e+00   2.8526342e-02
  -1.1614976e+00   2.8526342e-02   5.4795798e-02  -9.2949397e-02  -1.1519951e+00   6.7920890e-02
  -1.1519951e+00   6.7920890e-02   5.1446756e-02  -7.9033688e-02  -1.1375343e+00   1.0190895e-01
  -1.1375343e+00   1.0190895e-01   6.7394431e-02  -8.9008953e-02  -1.1194166e+00   1.3068652e-01
  -1.1194166e+00   1.3068652e-01   3.8884489e-02  -4.3633624e-02  -1.0972652e+00   1.5103781e-01
  -1.0972652e+00   1.5103781e-01   5.4254888e-03   3.1733184e-03  -1.0731409e+00   1.6561754e-01
  -1.0731409e+00   1.6561754e-01  -1.6764193e-04   2.0070498e-02  -1.0479123e+00   1.7097354e-01
  -1.0479123e+00   1.7097354e-01  -3.7111723e-02   6.7366403e-02  -1.0225280e+00   1.7300812e-01
  -1.0225280e+00   1.7300812e-01  -2.4104714e-02   6.4364114e-02  -9.9542846e-01   1.6447470e-01
  -9.9542846e-01   1.6447470e-01   6.5046118e-03   3.1593846e-02  -9.6937723e-01   1.5114088e-01
  -9.6937723e-01   1.5114088e-01  -4.5028299e-02   9.4520651e-02  -9.4604802e-01   1.3414829e-01
  -9.4604802e-01   1.3414829e-01  -3.7676150e-02   8.8884111e-02  -9.2593399e-01   1.1094835e-01
  -9.2593399e-01   1.1094835e-01  -6.1374152e-02   1.3663348e-01  -9.0249485e-01   7.2346860e-02
  -9.0249485e-01   7.2346860e-02  -5.2587136e-02   1.1793794e-01  -8.8763075e-01   3.3494099e-02
  -8.8763075e-01   3.3494099e-02  -6.6810627e-02   1.3168787e-01  -8.8012106e-01  -8.7020518e-03
  -8.8012106e-01  -8.7020518e-03  -7.3022036e-02   1.3472580e-01  -8.7938016e-01  -5.2656209e-02
  -8.7938016e-01  -5.2656209e-02  -7.3072454e-02   1.2053137e-01  -8.8764704e-01  -9.0934742e-02
  -8.8764704e-01  -9.0934742e-02  -3.5850251e-02   6.6121243e-02  -9.0178406e-01  -1.2657367e-01
  -9.0178406e-01  -1.2657367e-01  -5.1165899e-02   7.6031487e-02  -9.2235989e-01  -1.5920131e-01
  -9.2235989e-01  -1.5920131e-01  -1.7845454e-02   2.1751203e-02  -9.4856579e-01  -1.8473983e-01
  -9.4856579e-01  -1.8473983e-01  -4.1585976e-02   4.1362372e-02  -9.7591820e-01  -2.0096948e-01
  -9.7591820e-01  -2.0096948e-01  -1.1092593e-02  -7.7644745e-03  -1.0052101e+00  -2.0843253e-01
  -1.0052101e+00  -2.0843253e-01   5.5862799e-03  -3.8785442e-02  -1.0357447e+00  -2.0729704e-01
  -1.0357447e+00  -2.0729704e-01   2.7855312e-02  -7.6320315e-02  -1.0642298e+00  -1.9510358e-01
  -1.0642298e+00  -1.9510358e-01   4.5667488e-02  -1.0948458e-01  -1.0919255e+00  -1.7201266e-01
  -1.0919255e+00  -1.7201266e-01   7.0902841e-02  -1.4714813e-01  -1.1140767e+00  -1.3856081e-01
  -1.1140767e+00  -1.3856081e-01   3.9451299e-02  -1.1031294e-01  -1.1304855e+00  -9.5822078e-02
  -1.1304855e+00  -9.5822078e-02   8.4680248e-02  -1.6347790e-01  -1.1381978e+00  -5.0370907e-02
  -1.1381978e+00  -5.0370907e-02   7.2522626e-02  -1.2960840e-01  -1.1382523e+00  -1.5712968e-02
  -1.1382523e+00  -1.5712968e-02   5.3608698e-02  -1.0194260e-01  -1.1350879e+00   1.8937248e-02
  -1.1350879e+00   1.8937248e-02   5.6631234e-02  -9.8613823e-02  -1.1266211e+00   5.1261631e-02
  -1.1266211e+00   5.1261631e-02   7.8686999e-02  -1.1788679e-01  -1.1134719e+00   7.7972800e-02
  -1.1134719e+00   7.7972800e-02   7.5545190e-02  -1.0892560e-01  -1.0985724e+00   1.0120336e-01
  -1.0985724e+00   1.0120336e-01   4.5906750e-02  -5.9008025e-02  -1.0801060e+00   1.1728494e-01
  -1.0801060e+00   1.1728494e-01   1.7641132e-02  -1.2734508e-02  -1.0597849e+00   1.2664696e-01
  -1.0597849e+00   1.2664696e-01  -1.1776753e-02   3.0388192e-02  -1.0392668e+00   1.3266179e-01
  -1.0392668e+00   1.3266179e-01   7.3155091e-03   1.4859721e-02  -1.0169218e+00   1.3023772e-01
  -1.0169218e+00   1.3023772e-01  -8.4936600e-03   3.8310809e-02  -9.9589182e-01   1.2451077e-01
  -9.9589182e-01   1.2451077e-01  -1.1148732e-02   4.8117198e-02  -9.7595950e-01   1.1155534e-01
  -9.7595950e-01   1.1155534e-01  -3.8150848e-02   8.5246537e-02  -9.5785429e-01   9.6747218e-02
  -9.5785429e-01   9.6747218e-02  -4.2216001e-02   1.0484323e-01  -9.3820409e-01   6.9704893e-02
  -9.3820409e-01   6.9704893e-02  -6.8311057e-02   1.3733225e-01  -9.2362973e-01   4.1432268e-02
  -9.2362973e-01   4.1432268e-02  -3.9383034e-02   9.7416562e-02  -9.1359372e-01   8.7492738e-03
  -9.1359372e-01   8.7492738e-03  -7.4717565e-02   1.3987505e-01  -9.1019846e-01  -2.3532911e-02
  -9.1019846e-01  -2.3532911e-02  -5.1347868e-02   1.0556211e-01  -9.1215673e-01  -5.9154042e-02
  -9.1215673e-01  -5.9154042e-02  -8.2651670e-02   1.4294834e-01  -9.2053687e-01  -9.4281201e-02
  -9.2053687e-01  -9.4281201e-02  -6.0686508e-02   9.9747528e-02  -9.3525719e-01  -1.2308474e-01
  -9.3525719e-01  -1.2308474e-01  -3.7274934e-02   5.4834024e-02  -9.5548795e-01  -1.4532158e-01
  -9.5548795e-01  -1.4532158e-01  -1.7985275e-02   1.9747902e-02  -9.7554923e-01  -1.5953938e-01
  -9.7554923e-01  -1.5953938e-01  -3.3911146e-03  -5.0898282e-03  -9.9641522e-01  -1.7047114e-01
  -9.9641522e-01  -1.7047114e-01  -5.1306666e-04  -2.1347177e-02  -1.0199583e+00  -1.7193119e-01
  -1.0199583e+00  -1.7193119e-01   4.3674369e-02  -8.7522546e-02  -1.0417460e+00  -1.6908016e-01
  -1.0417460e+00  -1.6908016e-01   6.8496714e-02  -1.3530488e-01  -1.0652458e+00  -1.5628416e-01
  -1.0652458e+00  -1.5628416e-01   8.9651314e-02  -1.7100994e-01  -1.0851393e+00  -1.3525863e-01
