   0.0000000e+00   0.0000000e+00  -2.0635570e+00   1.0058172e+00   1.0039635e+00  -2.0654107e+00
   1.0039635e+00  -2.0654107e+00  -5.7698773e-01   4.7525753e-01   1.2909553e+00  -2.6483014e+00
   1.2909553e+00  -2.6483014e+00  -6.9097420e-01   5.7832913e-01   1.6362110e+00  -3.3462428e+00
   1.6362110e+00  -3.3462428e+00  -8.8850710e-01   6.6023969e-01   2.0754383e+00  -4.2336629e+00
   2.0754383e+00  -4.2336629e+00  -1.1139665e+00   7.8634979e-01   2.6326753e+00  -5.3539490e+00
   2.6326753e+00  -5.3539490e+00  -1.3882532e+00   9.4133042e-01   3.3366120e+00  -6.7482204e+00
   3.3366120e+00  -6.7482204e+00  -1.8657571e+00   1.2284997e+00   4.3056852e+00  -8.6068672e+00
   4.3056852e+00  -8.6068672e+00  -2.2498137e+00   1.4963217e+00   5.5297188e+00  -1.0847742e+01
   5.5297188e+00  -1.0847742e+01  -2.5061245e+00   1.7421552e+00   7.0198666e+00  -1.3327416e+01
   7.0198666e+00  -1.3327416e+01  -2.2956352e+00   1.9215019e+00   8.7156630e+00  -1.5619193e+01
   8.7156630e+00  -1.5619193e+01  -8.6893253e-01   9.6197849e-01   9.5999216e+00  -1.6486852e+01
   9.5999216e+00  -1.6486852e+01  -5.1374184e-01   9.0840603e-01   1.0460094e+01  -1.7006015e+01
   1.0460094e+01  -1.7006015e+01  -4.6696897e-02   7.9662832e-01   1.1251721e+01  -1.7054122e+01
   1.1251721e+01  -1.7054122e+01   5.1864664e-01   6.3147210e-01   1.1920361e+01  -1.6535353e+01
   1.1920361e+01  -1.6535353e+01   1.1670147e+00   4.2873072e-01   1.2408962e+01  -1.5386269e+01
   1.2408962e+01  -1.5386269e+01   1.7417752e+00   1.4631742e-01   1.2662072e+01  -1.3646562e+01
   1.2662072e+01  -1.3646562e+01   2.2094520e+00  -1.6237508e-01   1.2638257e+01  -1.1428518e+01
   1.2638257e+01  -1.1428518e+01   2.5390412e+00  -4.4624816e-01   1.2327681e+01  -8.8948629e+00
   1.2327681e+01  -8.8948629e+00   2.4353383e+00  -6.6788587e-01   1.1793859e+01  -6.4536360e+00
   1.1793859e+01  -6.4536360e+00   2.3311584e+00  -8.7109042e-01   1.1050479e+01  -4.1113254e+00
   1.1050479e+01  -4.1113254e+00   2.0970873e+00  -1.0232130e+00   1.0139187e+01  -2.0021787e+00
   1.0139187e+01  -2.0021787e+00   1.7834934e+00  -1.1196187e+00   9.1095161e+00  -2.0980483e-01
   9.1095161e+00  -2.0980483e-01   1.3162963e+00  -1.0006782e+00   8.1428016e+00   1.0832249e+00
   8.1428016e+00   1.0832249e+00   1.0307457e+00  -1.0235623e+00   7.1568691e+00   2.1086525e+00
   7.1568691e+00   2.1086525e+00   7.6760429e-01  -1.0173046e+00   6.1804686e+00   2.8864568e+00
   6.1804686e+00   2.8864568e+00   5.6038617e-01  -9.7177793e-01   5.2350787e+00   3.4516777e+00
   5.2350787e+00   3.4516777e+00   3.9877807e-01  -9.3205356e-01   4.3185027e+00   3.8511638e+00
   4.3185027e+00   3.8511638e+00   2.5085182e-01  -8.7034219e-01   3.4624014e+00   4.1072975e+00
   3.4624014e+00   4.1072975e+00   1.3482081e-01  -8.0622988e-01   2.6734404e+00   4.2547382e+00
   2.6734404e+00   4.2547382e+00   6.6553170e-02  -7.2339568e-01   1.9545476e+00   4.3235758e+00
   1.9545476e+00   4.3235758e+00   1.7438636e-02  -9.1804838e-01   1.0296873e+00   4.3336400e+00
   1.0296873e+00   4.3336400e+00  -4.7625264e-02  -7.8425888e-01   2.4268949e-01   4.2847641e+00
   2.4268949e-01   4.2847641e+00  -6.5494404e-02  -6.6014135e-01  -4.2097966e-01   4.2177266e+00
  -4.2097966e-01   4.2177266e+00  -6.9520095e-02  -5.6539440e-01  -9.7826900e-01   4.1583562e+00
  -9.7826900e-01   4.1583562e+00  -4.0937424e-02  -4.8948932e-01  -1.4639066e+00   4.1224402e+00
  -1.4639066e+00   4.1224402e+00  -5.7877692e-03  -4.1611749e-01  -1.8737321e+00   4.1231052e+00
  -1.8737321e+00   4.1231052e+00   4.1618476e-02  -3.5360736e-01  -2.2239930e+00   4.1669453e+00
  -2.2239930e+00   4.1669453e+00   9.3258582e-02  -3.0665241e-01  -2.5313697e+00   4.2570254e+00
  -2.5313697e+00   4.2570254e+00   1.2547421e-01  -2.6718211e-01  -2.7940306e+00   4.3838035e+00
  -2.7940306e+00   4.3838035e+00   1.6500342e-01  -2.5326266e-01  -3.0402175e+00   4.5517576e+00
  -3.0402175e+00   4.5517576e+00   2.2215012e-01  -2.2857453e-01  -3.2775180e+00   4.7597634e+00
  -3.2775180e+00   4.7597634e+00   2.4528062e-01  -2.4452974e-01  -3.5136576e+00   5.0075942e+00
  -3.5136576e+00   5.0075942e+00   3.1270043e-01  -2.8986595e-01  -3.7857752e+00   5.3307709e+00
  -3.7857752e+00   5.3307709e+00   3.6824985e-01  -2.9165824e-01  -4.0695739e+00   5.6985109e+00
  -4.0695739e+00   5.6985109e+00   3.9073906e-01  -3.2575344e-01  -4.3693419e+00   6.1065524e+00
  -4.3693419e+00   6.1065524e+00   4.3476854e-01  -3.3564263e-01  -4.6889429e+00   6.5479110e+00
  -4.6889429e+00   6.5479110e+00   5.5998233e-01  -4.1746128e-01  -5.0982829e+00   7.1041001e+00
  -5.0982829e+00   7.1041001e+00   5.7042354e-01  -4.4918366e-01  -5.5365559e+00   7.6735505e+00
  -5.5365559e+00   7.6735505e+00   5.5538565e-01  -4.7012880e-01  -5.9976070e+00   8.2266794e+00
  -5.9976070e+00   8.2266794e+00   4.9480746e-01  -4.8642644e-01  -6.4709281e+00   8.7246960e+00
  -6.4709281e+00   8.7246960e+00   4.0094120e-01  -5.0206783e-01  -6.9564885e+00   9.1342831e+00
  -6.9564885e+00   9.1342831e+00   2.4656666e-01  -4.5706274e-01  -7.4112432e+00   9.3784162e+00
  -7.4112432e+00   9.3784162e+00   2.1746831e-02  -3.9929702e-01  -7.8046201e+00   9.4056728e+00
  -7.8046201e+00   9.4056728e+00  -2.3909267e-01  -3.1466909e-01  -8.1044783e+00   9.1858187e+00
  -8.1044783e+00   9.1858187e+00  -4.8808292e-01  -1.7854439e-01  -8.2813793e+00   8.7082533e+00
  -8.2813793e+00   8.7082533e+00  -7.0601930e-01  -2.5675899e-02  -8.3102697e+00   8.0116271e+00
  -8.3102697e+00   8.0116271e+00  -8.4339066e-01   1.5225857e-01  -8.1807766e+00   7.1602673e+00
  -8.1807766e+00   7.1602673e+00  -9.2508797e-01   2.9759041e-01  -7.9041346e+00   6.2301807e+00
  -7.9041346e+00   6.2301807e+00  -8.7923094e-01   3.8962547e-01  -7.5261870e+00   5.3541740e+00
  -7.5261870e+00   5.3541740e+00  -7.9832646e-01   4.7530103e-01  -7.0646003e+00   4.5554387e+00
  -7.0646003e+00   4.5554387e+00  -6.6046547e-01   5.3875526e-01  -6.5532190e+00   3.8784266e+00
  -6.5532190e+00   3.8784266e+00  -5.1678497e-01   5.5227875e-01  -6.0246509e+00   3.3462662e+00
  -6.0246509e+00   3.3462662e+00  -3.8215629e-01   4.8625828e-01  -5.5329385e+00   2.9756300e+00
  -5.5329385e+00   2.9756300e+00  -2.3989686e-01   4.7047719e-01  -5.0735789e+00   2.7283640e+00
  -5.0735789e+00   2.7283640e+00  -1.5859257e-01   3.9193749e-01  -4.6614228e+00   2.5924299e+00
  -4.6614228e+00   2.5924299e+00  -2.0367879e-02   3.7868314e-01  -4.3059142e+00   2.5491961e+00
  -4.3059142e+00   2.5491961e+00   2.9819816e-02   2.9773058e-01  -4.0023312e+00   2.5844232e+00
  -4.0023312e+00   2.5844232e+00   1.0305881e-01   2.3413110e-01  -3.7660213e+00   2.6881453e+00
  -3.7660213e+00   2.6881453e+00   1.6908010e-01   1.7429063e-01  -3.5966294e+00   2.8498762e+00
  -3.5966294e+00   2.8498762e+00   2.0731493e-01   9.6802708e-02  -3.4919281e+00   3.0621280e+00
  -3.4919281e+00   3.0621280e+00   3.1490648e-01   4.8550345e-02  -3.4466898e+00   3.3692872e+00
  -3.4466898e+00   3.3692872e+00   3.5859607e-01  -4.9356933e-02  -3.4813078e+00   3.7376417e+00
  -3.4813078e+00   3.7376417e+00   4.2813049e-01  -1.1896130e-01  -3.5930398e+00   4.1671367e+00
  -3.5930398e+00   4.1671367e+00   5.0996960e-01  -1.7493137e-01  -3.7777781e+00   4.6604079e+00
  -3.7777781e+00   4.6604079e+00   5.8440805e-01  -2.3735013e-01  -4.0323485e+00   5.2198036e+00
  -4.0323485e+00   5.2198036e+00   6.2606871e-01  -3.3102963e-01  -4.3574885e+00   5.8435242e+00
  -4.3574885e+00   5.8435242e+00   6.6708400e-01  -4.1548377e-01  -4.7515224e+00   6.5233946e+00
  -4.7515224e+00   6.5233946e+00   7.1559565e-01  -4.6956533e-01  -5.2093390e+00   7.2415647e+00
  -5.2093390e+00   7.2415647e+00   8.6719470e-01  -6.2799218e-01  -5.8251231e+00   8.1099903e+00
  -5.8251231e+00   8.1099903e+00   7.8268233e-01  -6.8761989e-01  -6.4950221e+00   8.9006100e+00
  -6.4950221e+00   8.9006100e+00   6.0514131e-01  -6.7317663e-01  -7.1748222e+00   9.4916569e+00
  -7.1748222e+00   9.4916569e+00   2.4213582e-01  -6.3812531e-01  -7.7942488e+00   9.7495386e+00
  -7.7942488e+00   9.7495386e+00  -7.4228890e-02  -3.3709667e-01  -8.1410457e+00   9.6665038e+00
  -8.1410457e+00   9.6665038e+00  -3.1960874e-01  -2.4769562e-01  -8.3914898e+00   9.3479514e+00
  -8.3914898e+00   9.3479514e+00  -5.4477837e-01  -1.1957678e-01  -8.5206680e+00   8.7999808e+00
  -8.5206680e+00   8.7999808e+00  -7.4726016e-01   1.2694842e-02  -8.5144224e+00   8.0549605e+00
  -8.5144224e+00   8.0549605e+00  -8.6318881e-01   1.7632709e-01  -8.3679456e+00   7.1718431e+00
  -8.3679456e+00   7.1718431e+00  -9.5761916e-01   2.7401492e-01  -8.0880238e+00   6.2310129e+00
  -8.0880238e+00   6.2310129e+00  -9.2989870e-01   3.9851277e-01  -7.6935246e+00   5.3075489e+00
  -7.6935246e+00   5.3075489e+00  -8.6567375e-01   4.6784093e-01  -7.2133681e+00   4.4638093e+00
  -7.2133681e+00   4.4638093e+00  -7.6611905e-01   5.5094225e-01  -6.6551909e+00   3.7133441e+00
  -6.6551909e+00   3.7133441e+00  -5.9095527e-01   5.8337301e-01  -6.0774632e+00   3.1231670e+00
  -6.0774632e+00   3.1231670e+00  -4.1626188e-01   5.7777937e-01  -5.5134442e+00   2.6976207e+00
  -5.5134442e+00   2.6976207e+00  -2.5688289e-01   5.4499269e-01  -4.9889362e+00   2.4229858e+00
  -4.9889362e+00   2.4229858e+00  -1.4088750e-01   4.2550983e-01  -4.5640732e+00   2.2829346e+00
  -4.5640732e+00   2.2829346e+00  -5.5624905e-02   3.6798694e-01  -4.1936890e+00   2.2302864e+00
  -4.1936890e+00   2.2302864e+00   8.0091690e-03   2.9993802e-01  -3.8819405e+00   2.2500235e+00
  -3.8819405e+00   2.2500235e+00   8.8794517e-02   2.6134355e-01  -3.6291016e+00   2.3294072e+00
  -3.6291016e+00   2.3294072e+00   1.4835337e-01   2.1361457e-01  -3.4049180e+00   2.4868311e+00
  -3.4049180e+00   2.4868311e+00   2.1472240e-01   1.4141688e-01  -3.2599411e+00   2.7029663e+00
  -3.2599411e+00   2.7029663e+00   2.7580231e-01   7.4262608e-02  -3.1904817e+00   2.9712347e+00
  -3.1904817e+00   2.9712347e+00   3.0968026e-01  -1.2756415e-02  -3.1913499e+00   3.2897671e+00
  -3.1913499e+00   3.2897671e+00   4.7411261e-01  -1.0118216e-01  -3.2844602e+00   3.7673486e+00
  -3.2844602e+00   3.7673486e+00   5.6744536e-01  -1.9909462e-01  -3.4799309e+00   4.3329616e+00
  -3.4799309e+00   4.3329616e+00   6.3762417e-01  -3.2452449e-01  -3.7778527e+00   4.9911159e+00
  -3.7778527e+00   4.9911159e+00   7.4879260e-01  -4.0999549e-01  -4.1736779e+00   5.7470146e+00
  -4.1736779e+00   5.7470146e+00   7.3163659e-01  -4.2557006e-01  -4.5929211e+00   6.4781404e+00
  -4.5929211e+00   6.4781404e+00   7.8144175e-01  -5.0192623e-01  -5.0840179e+00   7.2631760e+00
  -5.0840179e+00   7.2631760e+00   8.0559064e-01  -5.6519060e-01  -5.6402397e+00   8.0703447e+00
  -5.6402397e+00   8.0703447e+00   7.7414767e-01  -6.1545876e-01  -6.2461664e+00   8.8469867e+00
  -6.2461664e+00   8.8469867e+00   5.7848816e-01  -5.4883711e-01  -6.7843335e+00   9.4309333e+00
  -6.7843335e+00   9.4309333e+00   4.5213452e-01  -5.3218642e-01  -7.3182154e+00   9.8773354e+00
  -7.3182154e+00   9.8773354e+00   2.5234012e-01  -4.9463971e-01  -7.8184029e+00   1.0121895e+01
  -7.8184029e+00   1.0121895e+01  -1.5842310e-02  -4.3588273e-01  -8.2499501e+00   1.0110527e+01
  -8.2499501e+00   1.0110527e+01  -3.2986707e-01  -3.4370916e-01  -8.5759150e+00   9.8012724e+00
  -8.5759150e+00   9.8012724e+00  -6.0131467e-01  -1.7418603e-01  -8.7578763e+00   9.1973662e+00
  -8.7578763e+00   9.1973662e+00  -8.4591471e-01   5.2125258e-03  -8.7699582e+00   8.3413872e+00
  -8.7699582e+00   8.3413872e+00  -1.0376024e+00   1.7463149e-01  -8.6059886e+00   7.3019161e+00
  -8.6059886e+00   7.3019161e+00  -1.0151502e+00   3.0712922e-01  -8.3118574e+00   6.2822986e+00
  -8.3118574e+00   6.2822986e+00  -9.9799460e-01   4.2465016e-01  -7.8983326e+00   5.2814953e+00
  -7.8983326e+00   5.2814953e+00  -9.2122324e-01   5.0642143e-01  -7.3938341e+00   4.3659626e+00
  -7.3938341e+00   4.3659626e+00  -7.8321317e-01   5.6973956e-01  -6.8312340e+00   3.5820297e+00
  -6.8312340e+00   3.5820297e+00  -6.1946318e-01   5.9245847e-01  -6.2494471e+00   2.9569312e+00
  -6.2494471e+00   2.9569312e+00  -4.6658068e-01   5.8338133e-01  -5.6738698e+00   2.4863093e+00
  -5.6738698e+00   2.4863093e+00  -3.1159790e-01   5.6131645e-01  -5.1283902e+00   2.1613673e+00
  -5.1283902e+00   2.1613673e+00  -1.9102586e-01   5.0806553e-01  -4.6302832e+00   1.9618990e+00
  -4.6302832e+00   1.9618990e+00  -8.2120343e-02   4.4214263e-01  -4.2030890e+00   1.8654768e+00
  -4.2030890e+00   1.8654768e+00  -1.2347050e-02   3.7237615e-01  -3.8356151e+00   1.8483240e+00
  -3.8356151e+00   1.8483240e+00   5.7505723e-02   3.1618683e-01  -3.5298130e+00   1.8949992e+00
  -3.5298130e+00   1.8949992e+00   1.0462833e-01   2.5150143e-01  -3.2843363e+00   1.9927980e+00
  -3.2843363e+00   1.9927980e+00   1.7702335e-01   2.2098208e-01  -3.0645397e+00   2.1672845e+00
  -3.0645397e+00   2.1672845e+00   2.3826843e-01   1.4926135e-01  -2.9255248e+00   2.3935014e+00
  -2.9255248e+00   2.3935014e+00   2.7239947e-01   6.1059071e-02  -2.8619660e+00   2.6663525e+00
  -2.8619660e+00   2.6663525e+00   3.1464082e-01  -1.2155419e-02  -2.8675135e+00   2.9852531e+00
  -2.8675135e+00   2.9852531e+00   4.2869000e-01  -7.5740584e-02  -2.9496191e+00   3.4044027e+00
  -2.9496191e+00   3.4044027e+00   4.7571220e-01  -1.7753824e-01  -3.1112105e+00   3.8925638e+00
  -3.1112105e+00   3.8925638e+00   5.8029374e-01  -2.2931403e-01  -3.3524232e+00   4.4567232e+00
  -3.3524232e+00   4.4567232e+00   6.5219586e-01  -3.2066378e-01  -3.6718519e+00   5.1054280e+00
  -3.6718519e+00   5.1054280e+00   7.1320171e-01  -3.6558464e-01  -4.0473663e+00   5.8035691e+00
  -4.0473663e+00   5.8035691e+00   7.7855470e-01  -4.5231594e-01  -4.4971128e+00   6.5791321e+00
  -4.4971128e+00   6.5791321e+00   8.5160510e-01  -5.1593773e-01  -5.0203695e+00   7.4173785e+00
  -5.0203695e+00   7.4173785e+00   8.7474995e-01  -5.9161613e-01  -5.6112542e+00   8.2866997e+00
  -5.6112542e+00   8.2866997e+00   8.0878742e-01  -6.0445397e-01  -6.2172370e+00   9.0883024e+00
  -6.2172370e+00   9.0883024e+00   7.2789463e-01  -6.2944636e-01  -6.8535167e+00   9.8043089e+00
  -6.8535167e+00   9.8043089e+00   5.6655389e-01  -6.1946846e-01  -7.4902804e+00   1.0349660e+01
  -7.4902804e+00   1.0349660e+01   2.7561447e-01  -6.0325794e-01  -8.0850121e+00   1.0631913e+01
  -8.0850121e+00   1.0631913e+01  -9.1751157e-02  -5.2567416e-01  -8.5894798e+00   1.0561993e+01
  -8.5894798e+00   1.0561993e+01  -4.9307140e-01  -3.7356305e-01  -8.9421812e+00   1.0093115e+01
  -8.9421812e+00   1.0093115e+01  -8.5124962e-01  -1.4011929e-01  -9.0925673e+00   9.2373112e+00
  -9.0925673e+00   9.2373112e+00  -1.1727061e+00   8.3573669e-02  -9.0166420e+00   8.0647747e+00
  -9.0166420e+00   8.0647747e+00  -1.1156799e+00   2.4920734e-01  -8.7790972e+00   6.9448209e+00
  -8.7790972e+00   6.9448209e+00  -1.1457648e+00   3.8965235e-01  -8.3955222e+00   5.8005167e+00
  -8.3955222e+00   5.8005167e+00  -1.0743858e+00   5.1959467e-01  -7.8920194e+00   4.7170612e+00
  -7.8920194e+00   4.7170612e+00  -9.3845188e-01   6.1446019e-01  -7.3033164e+00   3.7589459e+00
  -7.3033164e+00   3.7589459e+00  -7.8876337e-01   6.3559068e-01  -6.6725437e+00   2.9704534e+00
  -6.6725437e+00   2.9704534e+00  -6.0102150e-01   6.5758425e-01  -6.0311251e+00   2.3571190e+00
  -6.0311251e+00   2.3571190e+00  -4.2309200e-01   6.4423831e-01  -5.4090647e+00   1.9145439e+00
  -5.4090647e+00   1.9145439e+00  -3.1864277e-01   5.5656603e-01  -4.8287244e+00   1.6216921e+00
  -4.8287244e+00   1.6216921e+00  -1.6076103e-01   4.8980191e-01  -4.3417472e+00   1.4591174e+00
  -4.3417472e+00   1.4591174e+00  -8.0685342e-02   4.2681065e-01  -3.9105087e+00   1.3833643e+00
  -3.9105087e+00   1.3833643e+00  -1.9795730e-02   3.5934957e-01  -3.5380017e+00   1.3768489e+00
  -3.5380017e+00   1.3768489e+00   6.4862553e-02   3.3026742e-01  -3.2245126e+00   1.4245328e+00
  -3.2245126e+00   1.4245328e+00   1.0147643e-01   2.8419553e-01  -2.9346642e+00   1.5310395e+00
  -2.9346642e+00   1.5310395e+00   1.4449179e-01   2.1129230e-01  -2.7165226e+00   1.6814995e+00
  -2.7165226e+00   1.6814995e+00   1.8461925e-01   1.4861208e-01  -2.5652557e+00   1.8676547e+00
  -2.5652557e+00   1.8676547e+00   2.1539125e-01   8.6684534e-02  -2.4749466e+00   2.0853730e+00
  -2.4749466e+00   2.0853730e+00   3.3265044e-01   3.9862991e-02  -2.4380240e+00   2.4130911e+00
  -2.4380240e+00   2.4130911e+00   3.7476385e-01  -5.8578163e-02  -2.4860603e+00   2.7961661e+00
  -2.4860603e+00   2.7961661e+00   4.5356492e-01  -1.2440105e-01  -2.6161187e+00   3.2413899e+00
  -2.6161187e+00   3.2413899e+00   5.2907642e-01  -2.0212750e-01  -2.8229081e+00   3.7626922e+00
  -2.8229081e+00   3.7626922e+00   4.8652835e-01  -2.3674387e-01  -3.0484715e+00   4.2575557e+00
  -3.0484715e+00   4.2575557e+00   5.4303275e-01  -3.0206794e-01  -3.3288715e+00   4.8190992e+00
  -3.3288715e+00   4.8190992e+00   6.3649096e-01  -3.3821246e-01  -3.6668387e+00   5.4521563e+00
  -3.6668387e+00   5.4521563e+00   7.1090776e-01  -3.9739891e-01  -4.0648422e+00   6.1583738e+00
  -4.0648422e+00   6.1583738e+00   1.0877482e+00  -6.6490671e-01  -4.7185567e+00   7.2510986e+00
  -4.7185567e+00   7.2510986e+00   1.1773539e+00  -7.9387358e-01  -5.4937319e+00   8.4404613e+00
  -5.4937319e+00   8.4404613e+00   1.1790791e+00  -8.9771621e-01  -6.3738828e+00   9.6304443e+00
  -6.3738828e+00   9.6304443e+00   1.0131206e+00  -9.4494392e-01  -7.3096186e+00   1.0647081e+01
  -7.3096186e+00   1.0647081e+01   4.6559992e-01  -6.0133085e-01  -7.9144077e+00   1.1106622e+01
  -7.9144077e+00   1.1106622e+01   1.9850632e-01  -5.6699217e-01  -8.4729736e+00   1.1312452e+01
  -8.4729736e+00   1.1312452e+01  -1.1325935e-01  -4.7294216e-01  -8.9467237e+00   1.1199010e+01
  -8.9467237e+00   1.1199010e+01  -4.8319209e-01  -3.6000481e-01  -9.2941501e+00   1.0731051e+01
  -9.2941501e+00   1.0731051e+01  -8.1121558e-01  -1.6522495e-01  -9.4780590e+00   9.9055846e+00
  -9.4780590e+00   9.9055846e+00  -1.1138059e+00   1.2110695e-02  -9.4698499e+00   8.7939304e+00
  -9.4698499e+00   8.7939304e+00  -1.3115853e+00   2.0487999e-01  -9.2577497e+00   7.4966550e+00
  -9.2577497e+00   7.4966550e+00  -1.3690729e+00   4.1233422e-01  -8.8573590e+00   6.1229991e+00
  -8.8573590e+00   6.1229991e+00  -1.2590421e+00   5.3912519e-01  -8.3309246e+00   4.8579991e+00
  -8.3309246e+00   4.8579991e+00  -1.1238713e+00   6.4744359e-01  -7.6986862e+00   3.7249008e+00
  -7.6986862e+00   3.7249008e+00  -9.4615528e-01   7.0313047e-01  -7.0028559e+00   2.7764514e+00
  -7.0028559e+00   2.7764514e+00  -7.4163850e-01   7.2497230e-01  -6.2832532e+00   2.0333467e+00
  -6.2832532e+00   2.0333467e+00  -5.0210881e-01   6.3901592e-01  -5.6447619e+00   1.5333421e+00
