   0.0000000e+00   0.0000000e+00   0.0000000e+00   0.0000000e+00   0.0000000e+00  -3.6990166e-03   3.0465421e-03   0.0000000e+00   5.6099108e-03  -3.6990166e-02
   3.0465421e-03   0.0000000e+00   5.6099108e-03  -3.6990166e-02   1.4828602e+00  -2.0616746e-03  -5.6617545e-03   1.4803900e+00  -4.7910253e-02  -2.0513749e-02
  -5.6617545e-03   1.4803900e+00  -4.7910253e-02  -2.0513749e-02   7.4644332e-01  -4.4711298e-03   1.4720503e+00   1.4829539e+00  -8.1294502e-03  -4.3820049e-02
   1.4720503e+00   1.4829539e+00  -8.1294502e-03  -4.3820049e-02   4.9047839e-01  -3.7099415e-03   1.5082226e+00   1.4494628e+00  -4.0109020e-02  -3.5442425e-02
   1.5082226e+00   1.4494628e+00  -4.0109020e-02  -3.5442425e-02   3.7672968e-01  -3.9704795e-03   1.4571392e+00   1.4670545e+00  -3.0853798e-02  -3.6570538e-02
   1.4571392e+00   1.4670545e+00  -3.0853798e-02  -3.6570538e-02   3.0463558e-01  -1.8512875e-03   1.4813277e+00   1.4605008e+00  -5.2204447e-02  -1.6246577e-02
   1.4813277e+00   1.4605008e+00  -5.2204447e-02  -1.6246577e-02   2.6048516e-01  -4.5471530e-03   1.4644222e+00   1.4708098e+00  -1.1201376e-02  -3.7529273e-02
   1.4644222e+00   1.4708098e+00  -1.1201376e-02  -3.7529273e-02   2.2880595e-01  -7.0489446e-03   1.4715458e+00   1.4740084e+00  -1.7388199e-02  -5.3913302e-02
   1.4715458e+00   1.4740084e+00  -1.7388199e-02  -5.3913302e-02   2.0589138e-01  -7.1042109e-03   1.4717596e+00   1.4769743e+00  -4.0011601e-02  -4.9495514e-02
   1.4717596e+00   1.4769743e+00  -4.0011601e-02  -4.9495514e-02   1.9112297e-01  -5.9337313e-03   1.4545895e+00   1.4971177e+00  -4.8864601e-02  -3.6884665e-02
   1.4545895e+00   1.4971177e+00  -4.8864601e-02  -3.6884665e-02   1.7551475e-01  -7.1744618e-03   1.4951308e+00   1.4769057e+00  -3.5350408e-02  -3.8763783e-02
   1.4951308e+00   1.4769057e+00  -3.5350408e-02  -3.8763783e-02   1.6490957e-01  -9.4192729e-03   1.4819113e+00   1.4696863e+00  -3.9842665e-02  -4.2725457e-02
   1.4819113e+00   1.4696863e+00  -3.9842665e-02  -4.2725457e-02   1.5945753e-01  -1.6442353e-02   1.4581513e+00   1.4862065e+00  -3.3459629e-02  -5.9580141e-02
   1.4581513e+00   1.4862065e+00  -3.3459629e-02  -5.9580141e-02   1.5287198e-01  -2.6898910e-02   1.4877542e+00   1.4730104e+00  -4.3969680e-02  -7.1954269e-02
   1.4877542e+00   1.4730104e+00  -4.3969680e-02  -7.1954269e-02   1.4914732e-01  -4.2118896e-02   1.4777673e+00   1.4697719e+00  -6.2951707e-02  -7.1588284e-02
   1.4777673e+00   1.4697719e+00  -6.2951707e-02  -7.1588284e-02   1.4768922e-01  -1.2228217e-01   1.4702625e+00   1.4731926e+00  -7.8986556e-02  -8.6498987e-02
   1.4702625e+00   1.4731926e+00  -7.8986556e-02  -8.6498987e-02   1.4806519e-01   4.6291389e-01   1.4654115e+00   1.4800206e+00  -7.6280666e-02  -1.3516864e-01
   1.4654115e+00   1.4800206e+00  -7.6280666e-02  -1.3516864e-01   1.4758819e-01   1.2907892e-01   1.4869866e+00   1.4635801e+00  -1.2472456e-01  -1.6631109e-01
   1.4869866e+00   1.4635801e+00  -1.2472456e-01  -1.6631109e-01   1.5206332e-01   7.8300059e-02   1.4509212e+00   1.4808650e+00  -1.7494269e-01  -1.7789937e-01
   1.4509212e+00   1.4808650e+00  -1.7494269e-01  -1.7789937e-01   1.5265633e-01   9.6907899e-02   1.4910437e+00   1.4445870e+00  -1.6404379e-01  -3.1329313e-01
   1.4910437e+00   1.4445870e+00  -1.6404379e-01  -3.1329313e-01   1.5677601e-01   9.5983219e-02   1.4533859e+00   1.4255602e+00  -3.1957796e-01  -3.9943113e-01
   1.4533859e+00   1.4255602e+00  -3.1957796e-01  -3.9943113e-01   1.6336392e-01   1.0287590e-01   1.4228774e+00   1.4101726e+00  -3.8330408e-01  -5.1936497e-01
   1.4228774e+00   1.4101726e+00  -3.8330408e-01  -5.1936497e-01   1.7283760e-01   1.0017033e-01   1.3871126e+00   1.3973858e+00  -5.2031826e-01  -5.8950352e-01
   1.3871126e+00   1.3973858e+00  -5.2031826e-01  -5.8950352e-01   1.7686899e-01   1.0288218e-01   1.4019328e+00   1.3189213e+00  -5.9243432e-01  -6.8547931e-01
   1.4019328e+00   1.3189213e+00  -5.9243432e-01  -6.8547931e-01   1.8491230e-01   1.0174491e-01   1.3347612e+00   1.2490145e+00  -7.0028432e-01  -7.5026060e-01
   1.3347612e+00   1.2490145e+00  -7.0028432e-01  -7.5026060e-01   2.0186655e-01   1.0005423e-01   1.2415865e+00   1.2081151e+00  -7.6915534e-01  -8.0157808e-01
   1.2415865e+00   1.2081151e+00  -7.6915534e-01  -8.0157808e-01   2.1640045e-01   1.0064173e-01   1.2252740e+00   1.1155473e+00  -7.9517524e-01  -8.6238766e-01
   1.2252740e+00   1.1155473e+00  -7.9517524e-01  -8.6238766e-01   2.4449697e-01   9.6553322e-02   1.1210639e+00   1.0449309e+00  -8.6460582e-01  -8.7291169e-01
   1.1210639e+00   1.0449309e+00  -8.6460582e-01  -8.7291169e-01   2.9394221e-01   9.1357084e-02   1.0276015e+00   9.8467156e-01  -8.8620384e-01  -8.6078685e-01
   1.0276015e+00   9.8467156e-01  -8.8620384e-01  -8.6078685e-01   3.6542419e-01   8.9718989e-02   9.9555347e-01   8.7427492e-01  -8.4670421e-01  -8.7113385e-01
   9.9555347e-01   8.7427492e-01  -8.4670421e-01  -8.7113385e-01   5.6333566e-01   8.4372334e-02   8.8449241e-01   7.9497932e-01  -8.6438527e-01  -8.3527978e-01
   8.8449241e-01   7.9497932e-01  -8.6438527e-01  -8.3527978e-01   1.7109763e+00   7.7106063e-02   7.9447983e-01   7.1143527e-01  -8.4745488e-01  -7.7039378e-01
   7.9447983e-01   7.1143527e-01  -8.4745488e-01  -7.7039378e-01  -1.0917562e+00   7.3022518e-02   6.9686152e-01   6.3730335e-01  -7.7106551e-01  -7.2897998e-01
   6.9686152e-01   6.3730335e-01  -7.7106551e-01  -7.2897998e-01  -3.4772683e-01   6.6892409e-02   6.2970643e-01   5.4852410e-01  -7.4369649e-01  -6.6054901e-01
   6.2970643e-01   5.4852410e-01  -7.4369649e-01  -6.6054901e-01  -1.7727728e-01   6.3954791e-02   5.6149186e-01   4.5301630e-01  -6.6333572e-01  -6.1831376e-01
   5.6149186e-01   4.5301630e-01  -6.6333572e-01  -6.1831376e-01  -1.0906786e-01   5.9006610e-02   4.3945478e-01   3.8259175e-01  -6.1506985e-01  -5.5257134e-01
   4.3945478e-01   3.8259175e-01  -6.1506985e-01  -5.5257134e-01  -6.5638867e-02   5.7789015e-02   3.7594250e-01   2.9046540e-01  -5.2129154e-01  -5.1822785e-01
   3.7594250e-01   2.9046540e-01  -5.2129154e-01  -5.1822785e-01  -3.7593981e-02   5.2647984e-02   2.9990285e-01   1.9918650e-01  -5.0712298e-01  -4.4650757e-01
   2.9990285e-01   1.9918650e-01  -5.0712298e-01  -4.4650757e-01  -2.4385069e-02   5.0131803e-02   1.9149400e-01   1.4920197e-01  -4.4517297e-01  -3.9652638e-01
   1.9149400e-01   1.4920197e-01  -4.4517297e-01  -3.9652638e-01  -9.7200374e-03   5.1703780e-02   1.6326891e-01   6.6851128e-02  -3.8723776e-01  -3.7533444e-01
   1.6326891e-01   6.6851128e-02  -3.8723776e-01  -3.7533444e-01  -2.9552762e-03   5.4085328e-02   6.8301309e-02   2.2365604e-02  -3.6848535e-01  -3.5352530e-01
   6.8301309e-02   2.2365604e-02  -3.6848535e-01  -3.5352530e-01   6.7906704e-03   5.8038163e-02   4.6943164e-02  -5.5566502e-02  -3.5733050e-01  -3.3361726e-01
   4.6943164e-02  -5.5566502e-02  -3.5733050e-01  -3.3361726e-01   9.9164127e-03   6.6861035e-02  -5.2945160e-02  -8.6429051e-02  -3.4351789e-01  -3.2779346e-01
  -5.2945160e-02  -8.6429051e-02  -3.4351789e-01  -3.2779346e-01   1.6154970e-02   8.0825899e-02  -7.6511773e-02  -1.4800633e-01  -3.5087555e-01  -3.2394953e-01
  -7.6511773e-02  -1.4800633e-01  -3.5087555e-01  -3.2394953e-01   2.0853666e-02   1.2021884e-01  -1.4441867e-01  -1.9844392e-01  -3.2009076e-01  -3.6947200e-01
  -1.4441867e-01  -1.9844392e-01  -3.2009076e-01  -3.6947200e-01   2.6878306e-02   1.8618926e-01  -1.9129537e-01  -2.6274353e-01  -3.7000296e-01  -3.9247914e-01
  -1.9129537e-01  -2.6274353e-01  -3.7000296e-01  -3.9247914e-01   3.2816120e-02   3.9635034e-01  -2.5857611e-01  -3.2609083e-01  -3.7713894e-01  -4.4451692e-01
  -2.5857611e-01  -3.2609083e-01  -3.7713894e-01  -4.4451692e-01   4.2563541e-02   3.8405564e+00  -3.2213291e-01  -4.2560274e-01  -4.5848107e-01  -4.7579361e-01
  -3.2213291e-01  -4.2560274e-01  -4.5848107e-01  -4.7579361e-01   5.4755059e-02  -6.2805779e-01  -4.1724634e-01  -5.4545052e-01  -4.8864937e-01  -5.4954418e-01
  -4.1724634e-01  -5.4545052e-01  -4.8864937e-01  -5.4954418e-01   6.8122541e-02  -3.4064668e-01  -5.4642302e-01  -6.6927169e-01  -5.5394707e-01  -6.3534820e-01
  -5.4642302e-01  -6.6927169e-01  -5.5394707e-01  -6.3534820e-01   8.5704490e-02  -2.4417543e-01  -6.6833179e-01  -8.2184116e-01  -6.4770106e-01  -6.9263337e-01
  -6.6833179e-01  -8.2184116e-01  -6.4770106e-01  -6.9263337e-01   1.0116972e-01  -1.9178890e-01  -8.1561830e-01  -9.3664411e-01  -6.9902247e-01  -7.2491936e-01
  -8.1561830e-01  -9.3664411e-01  -6.9902247e-01  -7.2491936e-01   1.1822301e-01  -1.5090636e-01  -9.3441585e-01  -1.0444467e+00  -7.4914171e-01  -7.0702144e-01
  -9.3441585e-01  -1.0444467e+00  -7.4914171e-01  -7.0702144e-01   1.3926998e-01  -1.2708189e-01  -1.0364832e+00  -1.1590987e+00  -6.9676019e-01  -7.0450939e-01
  -1.0364832e+00  -1.1590987e+00  -6.9676019e-01  -7.0450939e-01   1.6247120e-01  -9.6119118e-02  -1.1542505e+00  -1.2555197e+00  -7.0637045e-01  -6.1006120e-01
  -1.1542505e+00  -1.2555197e+00  -7.0637045e-01  -6.1006120e-01   1.9020800e-01  -6.7416986e-02  -1.2471198e+00  -1.3419941e+00  -6.1165813e-01  -4.7776380e-01
  -1.2471198e+00  -1.3419941e+00  -6.1165813e-01  -4.7776380e-01   2.2142377e-01  -3.8336738e-02  -1.3360356e+00  -1.3977744e+00  -4.8609447e-01  -2.9732666e-01
  -1.3360356e+00  -1.3977744e+00  -4.8609447e-01  -2.9732666e-01   2.5805120e-01  -1.2756436e-02  -1.3962425e+00  -1.4210506e+00  -2.9774771e-01  -1.0647960e-01
  -1.3962425e+00  -1.4210506e+00  -2.9774771e-01  -1.0647960e-01   3.0526574e-01   1.0262257e-02  -1.4175383e+00  -1.4182713e+00  -9.8270888e-02   9.0874291e-02
  -1.4175383e+00  -1.4182713e+00  -9.8270888e-02   9.0874291e-02   3.7456535e-01   2.5615243e-02  -1.4119539e+00  -1.4004124e+00   8.1491894e-02   2.3757585e-01
  -1.4119539e+00  -1.4004124e+00   8.1491894e-02   2.3757585e-01   4.8991520e-01   3.5697332e-02  -1.3923582e+00  -1.3688990e+00   2.3790398e-01   3.4275518e-01
  -1.3923582e+00  -1.3688990e+00   2.3790398e-01   3.4275518e-01   7.1740593e-01   4.3282532e-02  -1.3783957e+00  -1.3068446e+00   3.5610339e-01   4.2558348e-01
  -1.3783957e+00  -1.3068446e+00   3.5610339e-01   4.2558348e-01   1.5168670e+00   5.2062181e-02  -1.3093381e+00  -1.2603557e+00   4.2004856e-01   5.1882155e-01
  -1.3093381e+00  -1.2603557e+00   4.2004856e-01   5.1882155e-01  -7.1654198e+00   5.7172506e-02  -1.2583295e+00  -1.2047865e+00   5.1284073e-01   5.7164424e-01
  -1.2583295e+00  -1.2047865e+00   5.1284073e-01   5.7164424e-01  -9.7505533e-01   6.0878174e-02  -1.2066741e+00  -1.1364192e+00   5.6393433e-01   6.0463284e-01
  -1.2066741e+00  -1.1364192e+00   5.6393433e-01   6.0463284e-01  -5.0013956e-01   6.3164209e-02  -1.1321122e+00  -1.0759002e+00   5.9687080e-01   6.1685385e-01
  -1.1321122e+00  -1.0759002e+00   5.9687080e-01   6.1685385e-01  -3.1895279e-01   6.3811745e-02  -1.0866963e+00  -9.9366987e-01   6.1557165e-01   6.0636000e-01
  -1.0866963e+00  -9.9366987e-01   6.1557165e-01   6.0636000e-01  -2.2652220e-01   6.3930292e-02  -1.0089324e+00  -9.1707495e-01   6.0780103e-01   5.8456782e-01
  -1.0089324e+00  -9.1707495e-01   6.0780103e-01   5.8456782e-01  -1.7750266e-01   6.5395883e-02  -9.0320382e-01  -8.7706436e-01   5.7179319e-01   5.6855017e-01
  -9.0320382e-01  -8.7706436e-01   5.7179319e-01   5.6855017e-01  -1.3558745e-01   6.2541665e-02  -8.9067382e-01  -7.8429171e-01   5.7455318e-01   5.1016806e-01
  -8.9067382e-01  -7.8429171e-01   5.7455318e-01   5.1016806e-01  -1.1215615e-01   6.2473399e-02  -7.8496273e-01  -7.3685089e-01   5.1102831e-01   4.7098836e-01
  -7.8496273e-01  -7.3685089e-01   5.1102831e-01   4.7098836e-01  -9.0118996e-02   6.1923220e-02  -7.4437252e-01  -6.5693958e-01   4.5483777e-01   4.2389334e-01
  -7.4437252e-01  -6.5693958e-01   4.5483777e-01   4.2389334e-01  -7.4536306e-02   5.4954772e-02  -6.6697715e-01  -5.9157071e-01   4.3180510e-01   3.3431808e-01
  -6.6697715e-01  -5.9157071e-01   4.3180510e-01   3.3431808e-01  -6.6287816e-02   5.1453198e-02  -5.7644435e-01  -5.6373586e-01   3.4096634e-01   2.7068371e-01
  -5.7644435e-01  -5.6373586e-01   3.4096634e-01   2.7068371e-01  -5.5197624e-02   4.8298005e-02  -5.7331265e-01  -4.9606552e-01   2.7375926e-01   2.1180961e-01
  -5.7331265e-01  -4.9606552e-01   2.7375926e-01   2.1180961e-01  -4.8893603e-02   3.4596594e-02  -4.9591226e-01  -4.5862198e-01   2.1758382e-01   1.1992401e-01
  -4.9591226e-01  -4.5862198e-01   2.1758382e-01   1.1992401e-01  -4.5190487e-02   2.0824136e-02  -4.5273825e-01  -4.3740762e-01   1.0972171e-01   5.2322691e-02
  -4.5273825e-01  -4.3740762e-01   1.0972171e-01   5.2322691e-02  -4.2668072e-02  -2.2248135e-02  -4.3951425e-01  -4.2163233e-01   4.8493077e-02  -3.4122824e-02
  -4.3951425e-01  -4.2163233e-01   4.8493077e-02  -3.4122824e-02  -4.4669137e-02  -2.0734482e-01  -4.0998076e-01  -4.4604069e-01  -3.7940882e-02  -1.1187377e-01
  -4.0998076e-01  -4.4604069e-01  -3.7940882e-02  -1.1187377e-01  -4.7090024e-02   4.6239383e-01  -4.4405546e-01  -4.7040172e-01  -1.0309522e-01  -2.1271099e-01
  -4.4405546e-01  -4.7040172e-01  -1.0309522e-01  -2.1271099e-01  -5.5065954e-02   2.0519938e-01  -4.5169315e-01  -5.4479955e-01  -2.0916892e-01  -2.9856516e-01
  -4.5169315e-01  -5.4479955e-01  -2.0916892e-01  -2.9856516e-01  -6.2922572e-02   1.5671245e-01  -5.4296496e-01  -6.1027962e-01  -3.0442083e-01  -3.8166400e-01
  -5.4296496e-01  -6.1027962e-01  -3.0442083e-01  -3.8166400e-01  -7.5253982e-02   1.3967491e-01  -6.1684165e-01  -7.0793720e-01  -3.8531301e-01  -4.7371425e-01
  -6.1684165e-01  -7.0793720e-01  -3.8531301e-01  -4.7371425e-01  -8.7743881e-02   1.2293673e-01  -7.0802520e-01  -7.9160058e-01  -4.6925193e-01  -5.3032059e-01
  -7.0802520e-01  -7.9160058e-01  -4.6925193e-01  -5.3032059e-01  -1.0127533e-01   1.0361706e-01  -8.0197292e-01  -8.6549786e-01  -5.5519127e-01  -5.3807163e-01
  -8.0197292e-01  -8.6549786e-01  -5.5519127e-01  -5.3807163e-01  -1.1997155e-01   9.7523053e-02  -8.7240742e-01  -9.5795740e-01  -5.3382693e-01  -5.8710039e-01
  -8.7240742e-01  -9.5795740e-01  -5.3382693e-01  -5.8710039e-01  -1.4453618e-01   8.5690656e-02  -9.5170695e-01  -1.0614695e+00  -5.8387868e-01  -5.8159966e-01
  -9.5170695e-01  -1.0614695e+00  -5.8387868e-01  -5.8159966e-01  -1.7089313e-01   7.3459675e-02  -1.0711002e+00  -1.1329689e+00  -5.7410777e-01  -5.4995339e-01
  -1.0711002e+00  -1.1329689e+00  -5.7410777e-01  -5.4995339e-01  -2.0560019e-01   6.0800569e-02  -1.1513794e+00  -1.2025909e+00  -5.2718246e-01  -4.9314917e-01
  -1.1513794e+00  -1.2025909e+00  -5.2718246e-01  -4.9314917e-01  -2.5366277e-01   4.2044029e-02  -1.2160139e+00  -1.2709034e+00  -4.9140593e-01  -3.6386383e-01
  -1.2160139e+00  -1.2709034e+00  -4.9140593e-01  -3.6386383e-01  -3.2265800e-01   2.3739556e-02  -1.2685448e+00  -1.3297333e+00  -3.7055430e-01  -2.1629828e-01
  -1.2685448e+00  -1.3297333e+00  -3.7055430e-01  -2.1629828e-01  -4.2485251e-01   1.2548113e-02  -1.3171755e+00  -1.3556974e+00  -2.1104578e-01  -1.1892118e-01
  -1.3171755e+00  -1.3556974e+00  -2.1104578e-01  -1.1892118e-01  -6.0190106e-01   8.0242302e-04  -1.3602960e+00  -1.3415768e+00  -1.1234464e-01  -7.8223697e-03
  -1.3602960e+00  -1.3415768e+00  -1.1234464e-01  -7.8223697e-03  -1.0701396e+00  -1.1430988e-02  -1.3461479e+00  -1.3318360e+00  -1.3118755e-02   1.1342116e-01
  -1.3461479e+00  -1.3318360e+00  -1.3118755e-02   1.1342116e-01  -5.3425207e+00  -1.8999107e-02  -1.3227631e+00  -1.3236322e+00   1.3237667e-01   1.8993275e-01
  -1.3227631e+00  -1.3236322e+00   1.3237667e-01   1.8993275e-01   1.7069913e+00  -3.1714992e-02  -1.3227263e+00  -1.2828231e+00   1.6958327e-01   3.1625307e-01
  -1.3227263e+00  -1.2828231e+00   1.6958327e-01   3.1625307e-01   7.0533703e-01  -3.8223415e-02  -1.2935631e+00  -1.2295913e+00   3.0687311e-01   3.7638132e-01
  -1.2935631e+00  -1.2295913e+00   3.0687311e-01   3.7638132e-01   4.3673318e-01  -4.4261980e-02  -1.2342610e+00  -1.1868688e+00   3.6960331e-01   4.2596175e-01
  -1.2342610e+00  -1.1868688e+00   3.6960331e-01   4.2596175e-01   3.0601612e-01  -4.8884218e-02  -1.2035093e+00  -1.1214852e+00   4.2406875e-01   4.5483161e-01
  -1.2035093e+00  -1.1214852e+00   4.2406875e-01   4.5483161e-01   2.3558304e-01  -5.1928587e-02  -1.1277088e+00  -1.0778770e+00   4.6204392e-01   4.6174440e-01
  -1.1277088e+00  -1.0778770e+00   4.6204392e-01   4.6174440e-01   1.9105941e-01  -5.3894810e-02  -1.0675959e+00  -1.0394035e+00   4.8028277e-01   4.5221601e-01
  -1.0675959e+00  -1.0394035e+00   4.8028277e-01   4.5221601e-01   1.5643923e-01  -5.7609470e-02  -1.0361835e+00  -9.7785569e-01   4.6290086e-01   4.4968119e-01
  -1.0361835e+00  -9.7785569e-01   4.6290086e-01   4.4968119e-01   1.2899540e-01  -6.1385760e-02  -9.9690069e-01  -9.0280618e-01   4.5130508e-01   4.3845740e-01
  -9.9690069e-01  -9.0280618e-01   4.5130508e-01   4.3845740e-01   1.1088222e-01  -5.8990952e-02  -9.1335821e-01  -8.5122706e-01   4.6598848e-01   3.7802960e-01
  -9.1335821e-01  -8.5122706e-01   4.6598848e-01   3.7802960e-01   9.6255979e-02  -6.6447959e-02  -8.6087292e-01  -7.9683248e-01   3.6819067e-01   3.7276259e-01
  -8.6087292e-01  -7.9683248e-01   3.6819067e-01   3.7276259e-01   8.6212043e-02  -6.5932917e-02  -7.9583109e-01  -7.5840369e-01   3.7437019e-01   3.1353537e-01
  -7.9583109e-01  -7.5840369e-01   3.7437019e-01   3.1353537e-01   7.6114464e-02  -6.7407299e-02  -7.7100955e-01  -7.0236557e-01   3.1799929e-01   2.5974607e-01
  -7.7100955e-01  -7.0236557e-01   3.1799929e-01   2.5974607e-01   7.0410020e-02  -6.3361980e-02  -6.9534561e-01  -6.7356690e-01   2.6497485e-01   1.8456666e-01
  -6.9534561e-01  -6.7356690e-01   2.6497485e-01   1.8456666e-01   6.4873182e-02  -5.6406939e-02  -6.6898497e-01  -6.3636454e-01   1.8951244e-01   1.0961555e-01
  -6.6898497e-01  -6.3636454e-01   1.8951244e-01   1.0961555e-01   6.1013411e-02  -5.1682493e-02  -6.4033975e-01  -6.0734961e-01   1.0050027e-01   4.9320009e-02
  -6.4033975e-01  -6.0734961e-01   1.0050027e-01   4.9320009e-02   5.9555006e-02  -5.0249441e-01  -6.1658360e-01  -5.9554422e-01   3.8763301e-02  -2.2238885e-02
  -6.1658360e-01  -5.9554422e-01   3.8763301e-02  -2.2238885e-02   6.1922041e-02  -1.2650466e-01  -6.0283997e-01  -6.1584727e-01  -3.9442736e-02  -1.3186343e-01
  -6.0283997e-01  -6.1584727e-01  -3.9442736e-02  -1.3186343e-01   6.8439618e-02  -1.3009454e-01  -6.2287916e-01  -6.7014550e-01  -1.2909453e-01  -2.6409825e-01
  -6.2287916e-01  -6.7014550e-01  -1.2909453e-01  -2.6409825e-01   7.9791148e-02  -1.2199242e-01  -6.7338085e-01  -7.6122291e-01  -2.6227038e-01  -3.6566661e-01
  -6.7338085e-01  -7.6122291e-01  -2.6227038e-01  -3.6566661e-01   9.5666795e-02  -1.1476283e-01  -7.6139390e-01  -8.7949214e-01  -3.5591933e-01  -4.5158125e-01
  -7.6139390e-01  -8.7949214e-01  -3.5591933e-01  -4.5158125e-01   1.0906035e-01  -9.4570018e-02  -8.6648919e-01  -9.5477119e-01  -4.5862693e-01  -4.5706140e-01
  -8.6648919e-01  -9.5477119e-01  -4.5862693e-01  -4.5706140e-01   1.2355479e-01  -8.1583360e-02  -9.4396665e-01  -1.0166441e+00  -4.6458648e-01  -4.6362977e-01
  -9.4396665e-01  -1.0166441e+00  -4.6458648e-01  -4.6362977e-01   1.4086184e-01  -7.1934981e-02  -1.0130900e+00  -1.0733441e+00  -4.5853311e-01  -4.6584831e-01
  -1.0130900e+00  -1.0733441e+00  -4.5853311e-01  -4.6584831e-01   1.6240311e-01  -5.8304307e-02  -1.0778073e+00  -1.1263063e+00  -4.7570894e-01  -4.2004316e-01
  -1.0778073e+00  -1.1263063e+00  -4.7570894e-01  -4.2004316e-01   1.9465389e-01  -4.9555426e-02  -1.1088144e+00  -1.2032279e+00  -4.0733133e-01  -3.8954049e-01
  -1.1088144e+00  -1.2032279e+00  -4.0733133e-01  -3.8954049e-01   2.3024462e-01  -3.5209153e-02  -1.1990668e+00  -1.2354303e+00  -3.9490902e-01  -2.9711383e-01
  -1.1990668e+00  -1.2354303e+00  -3.9490902e-01  -2.9711383e-01   2.8349660e-01  -2.3582335e-02  -1.2250857e+00  -1.2747353e+00  -2.9689666e-01  -2.1063886e-01
  -1.2250857e+00  -1.2747353e+00  -2.9689666e-01  -2.1063886e-01   3.6163167e-01  -1.0654601e-02  -1.2622857e+00  -1.2954705e+00  -2.1699981e-01  -9.9474937e-02
  -1.2622857e+00  -1.2954705e+00  -2.1699981e-01  -9.9474937e-02   4.9128316e-01  -9.8710493e-04  -1.2889519e+00  -1.2932135e+00  -1.0982663e-01  -9.5229232e-03
  -1.2889519e+00  -1.2932135e+00  -1.0982663e-01  -9.5229232e-03   7.6675187e-01   6.8793959e-03  -1.3039532e+00  -1.2697731e+00  -1.2894504e-02   6.7844073e-02
  -1.3039532e+00  -1.2697731e+00  -1.2894504e-02   6.7844073e-02   1.9057945e+00   1.5342643e-02  -1.2706573e+00  -1.2639591e+00   5.7828550e-02   1.5308862e-01
  -1.2706573e+00  -1.2639591e+00   5.7828550e-02   1.5308862e-01  -3.6951117e+00   2.1871700e-02  -1.2621451e+00  -1.2424091e+00   1.4716756e-01   2.1859333e-01
  -1.2621451e+00  -1.2424091e+00   1.4716756e-01   2.1859333e-01  -9.0781638e-01   2.7662787e-02  -1.2417596e+00  -1.2095023e+00   2.1451325e-01   2.7416169e-01
  -1.2417596e+00  -1.2095023e+00   2.1451325e-01   2.7416169e-01  -5.0638105e-01   3.2945567e-02  -1.2087263e+00  -1.1723219e+00   2.6861967e-01   3.2050521e-01
  -1.2087263e+00  -1.1723219e+00   2.6861967e-01   3.2050521e-01  -3.4708577e-01   3.7056078e-02  -1.1654484e+00  -1.1366172e+00   3.1584385e-01   3.5012807e-01
  -1.1654484e+00  -1.1366172e+00   3.1584385e-01   3.5012807e-01  -2.5525259e-01   4.0004859e-02  -1.1493268e+00  -1.0724873e+00   3.4950854e-01   3.6302281e-01
  -1.1493268e+00  -1.0724873e+00   3.4950854e-01   3.6302281e-01  -2.0126846e-01   4.2002893e-02  -1.0872712e+00  -1.0237751e+00   3.6829733e-01   3.6163088e-01
  -1.0872712e+00  -1.0237751e+00   3.6829733e-01   3.6163088e-01  -1.6854778e-01   4.5187590e-02  -1.0179283e+00  -9.9792676e-01   3.5749672e-01   3.6415953e-01
  -1.0179283e+00  -9.9792676e-01   3.5749672e-01   3.6415953e-01  -1.4103912e-01   4.6696344e-02  -1.0009928e+00  -9.4435529e-01   3.6102376e-01   3.4683671e-01
  -1.0009928e+00  -9.4435529e-01   3.6102376e-01   3.4683671e-01  -1.2491338e-01   4.7994669e-02  -9.2386998e-01  -9.2482854e-01   3.4333736e-01   3.2261685e-01
  -9.2386998e-01  -9.2482854e-01   3.4333736e-01   3.2261685e-01  -1.0473272e-01   4.8088534e-02  -9.3891829e-01  -8.4182529e-01   3.1709493e-01   2.8608862e-01
  -9.3891829e-01  -8.4182529e-01   3.1709493e-01   2.8608862e-01  -9.3297558e-02   4.5171265e-02  -8.5375811e-01  -8.0157699e-01   2.9053763e-01   2.3114316e-01
  -8.5375811e-01  -8.0157699e-01   2.9053763e-01   2.3114316e-01  -8.5923704e-02   4.3973584e-02  -8.0153408e-01  -7.7842987e-01   2.3132946e-01   1.8617296e-01
  -8.0153408e-01  -7.7842987e-01   2.3132946e-01   1.8617296e-01  -7.8021223e-02   4.0134968e-02  -7.9223267e-01  -7.3628290e-01   1.8773910e-01   1.3277245e-01
  -7.9223267e-01  -7.3628290e-01   1.8773910e-01   1.3277245e-01  -7.4864466e-02   2.3676588e-02  -7.3000254e-01  -7.2768823e-01   1.2702917e-01   5.5628100e-02
  -7.3000254e-01  -7.2768823e-01   1.2702917e-01   5.5628100e-02  -7.1363332e-02  -3.9726394e-02  -7.3312386e-01  -7.0693041e-01   7.5592884e-02  -5.4320766e-02
  -7.3312386e-01  -7.0693041e-01   7.5592884e-02  -5.4320766e-02  -7.2222083e-02  -3.3931954e-01  -7.0730095e-01  -7.2172206e-01  -4.4834082e-02  -1.2608566e-01
