   0.0000000e+00   0.0000000e+00   0.0000000e+00   0.0000000e+00   0.0000000e+00   0.0000000e+00  -4.1313610e+00   2.2642729e-01  -3.9492771e-01   0.0000000e+00  -1.2641255e+00   0.0000000e+00   2.2048499e+00   0.0000000e+00   1.2601460e+01
   0.0000000e+00  -1.2641255e+00   0.0000000e+00   2.2048499e+00   0.0000000e+00   1.2601460e+01  -3.4903547e+00   3.0292009e-01  -5.3195741e-01  -1.2641255e+00  -1.4287819e+00   2.2048499e+00   2.5090811e+00   1.2601460e+01   1.2168348e+01
  -1.2641255e+00  -1.4287819e+00   2.2048499e+00   2.5090811e+00   1.2601460e+01   1.2168348e+01  -2.8261184e+00   4.3361847e-01  -7.6804634e-01  -1.4287819e+00  -1.6560231e+00   2.5090811e+00   2.9332295e+00   1.2168348e+01   1.1719539e+01
  -1.4287819e+00  -1.6560231e+00   2.5090811e+00   2.9332295e+00   1.2168348e+01   1.1719539e+01  -2.2814195e+00   6.2438050e-01  -1.1156337e+00  -1.6560231e+00  -1.9249647e+00   2.9332295e+00   3.4394979e+00   1.1719539e+01   1.1351500e+01
  -1.6560231e+00  -1.9249647e+00   2.9332295e+00   3.4394979e+00   1.1719539e+01   1.1351500e+01  -1.8865018e+00   8.8000773e-01  -1.5854190e+00  -1.9249647e+00  -2.2434272e+00   3.4394979e+00   4.0417510e+00   1.1351500e+01   1.1084663e+01
  -1.9249647e+00  -2.2434272e+00   3.4394979e+00   4.0417510e+00   1.1351500e+01   1.1084663e+01  -1.6804190e+00   1.1543971e+00  -2.0936080e+00  -2.2434272e+00  -2.6214471e+00   4.0417510e+00   4.7542413e+00   1.1084663e+01   1.0945418e+01
  -2.2434272e+00  -2.6214471e+00   4.0417510e+00   4.7542413e+00   1.1084663e+01   1.0945418e+01  -1.7328555e+00   1.3458852e+00  -2.4516015e+00  -2.6214471e+00  -3.1516549e+00   4.7542413e+00   5.7409071e+00   1.0945418e+01   1.0980848e+01
  -2.6214471e+00  -3.1516549e+00   4.7542413e+00   5.7409071e+00   1.0945418e+01   1.0980848e+01  -2.1981988e+00   1.2776600e+00  -2.3293759e+00  -3.1516549e+00  -3.7953387e+00   5.7409071e+00   6.9195016e+00   1.0980848e+01   1.1295269e+01
  -3.1516549e+00  -3.7953387e+00   5.7409071e+00   6.9195016e+00   1.0980848e+01   1.1295269e+01  -3.2617289e+00   1.0360702e+00  -1.8809121e+00  -3.7953387e+00  -4.5667298e+00   6.9195016e+00   8.2905748e+00   1.1295269e+01   1.2013871e+01
  -3.7953387e+00  -4.5667298e+00   6.9195016e+00   8.2905748e+00   1.1295269e+01   1.2013871e+01  -5.1528394e+00   7.8626439e-01  -1.4101200e+00  -4.5667298e+00  -5.4749921e+00   8.2905748e+00   9.8190838e+00   1.2013871e+01   1.3291648e+01
  -4.5667298e+00  -5.4749921e+00   8.2905748e+00   9.8190838e+00   1.2013871e+01   1.3291648e+01  -7.6327162e+00   6.1735883e-01  -1.0866268e+00  -5.4749921e+00  -6.3677361e+00   9.8190838e+00   1.1207992e+01   1.3291648e+01   1.4967241e+01
  -5.4749921e+00  -6.3677361e+00   9.8190838e+00   1.1207992e+01   1.3291648e+01   1.4967241e+01  -1.1082062e+01   4.9056412e-01  -8.3791162e-01  -6.3677361e+00  -7.3465699e+00   1.1207992e+01   1.2548362e+01   1.4967241e+01   1.7297879e+01
  -6.3677361e+00  -7.3465699e+00   1.1207992e+01   1.2548362e+01   1.4967241e+01   1.7297879e+01  -1.5583737e+01   3.9769095e-01  -6.4936612e-01  -7.3465699e+00  -8.3750151e+00   1.2548362e+01   1.3675069e+01   1.7297879e+01   2.0339552e+01
  -7.3465699e+00  -8.3750151e+00   1.2548362e+01   1.3675069e+01   1.7297879e+01   2.0339552e+01  -2.1057202e+01   3.2980193e-01  -5.0507044e-01  -8.3750151e+00  -9.3847379e+00   1.3675069e+01   1.4372122e+01   2.0339552e+01   2.4037839e+01
  -8.3750151e+00  -9.3847379e+00   1.3675069e+01   1.4372122e+01   2.0339552e+01   2.4037839e+01  -2.5559675e+01   2.9133283e-01  -4.1889630e-01  -9.3847379e+00  -1.0062666e+01   1.4372122e+01   1.4468721e+01   2.4037839e+01   2.7080051e+01
  -9.3847379e+00  -1.0062666e+01   1.4372122e+01   1.4468721e+01   2.4037839e+01   2.7080051e+01  -3.0203122e+01   2.6048271e-01  -3.4587185e-01  -1.0062666e+01  -1.0631609e+01   1.4468721e+01   1.4116770e+01   2.7080051e+01   3.0217515e+01
  -1.0062666e+01  -1.0631609e+01   1.4468721e+01   1.4116770e+01   2.7080051e+01   3.0217515e+01  -3.4688816e+01   2.3556054e-01  -2.8319427e-01  -1.0631609e+01  -1.1042319e+01   1.4116770e+01   1.3275235e+01   3.0217515e+01   3.3248389e+01
  -1.0631609e+01  -1.1042319e+01   1.4116770e+01   1.3275235e+01   3.0217515e+01   3.3248389e+01  -3.8694088e+01   2.1521745e-01  -2.2874791e-01  -1.1042319e+01  -1.1253572e+01   1.3275235e+01   1.1961070e+01   3.3248389e+01   3.5954654e+01
  -1.1042319e+01  -1.1253572e+01   1.3275235e+01   1.1961070e+01   3.3248389e+01   3.5954654e+01  -4.1892271e+01   1.9845511e-01  -1.8105748e-01  -1.1253572e+01  -1.1234777e+01   1.1961070e+01   1.0249877e+01   3.5954654e+01   3.8115589e+01
  -1.1253572e+01  -1.1234777e+01   1.1961070e+01   1.0249877e+01   3.5954654e+01   3.8115589e+01  -4.4064623e+01   1.8425656e-01  -1.3937455e-01  -1.1234777e+01  -1.0971886e+01   1.0249877e+01   8.2993069e+00   3.8115589e+01   3.9583394e+01
  -1.1234777e+01  -1.0971886e+01   1.0249877e+01   8.2993069e+00   3.8115589e+01   3.9583394e+01  -4.5127533e+01   1.7174665e-01  -1.0294062e-01  -1.0971886e+01  -1.0473652e+01   8.2993069e+00   6.2776436e+00   3.9583394e+01   4.0301576e+01
  -1.0971886e+01  -1.0473652e+01   8.2993069e+00   6.2776436e+00   3.9583394e+01   4.0301576e+01  -4.5124421e+01   1.6029081e-01  -7.1056194e-02  -1.0473652e+01  -9.7743647e+00   6.2776436e+00   4.3329319e+00   4.0301576e+01   4.0299474e+01
  -1.0473652e+01  -9.7743647e+00   6.2776436e+00   4.3329319e+00   4.0301576e+01   4.0299474e+01  -4.4256573e+01   1.4950704e-01  -4.3917957e-02  -9.7743647e+00  -8.9414448e+00   4.3329319e+00   2.6265652e+00   4.0299474e+01   3.9713090e+01
  -9.7743647e+00  -8.9414448e+00   4.3329319e+00   2.6265652e+00   4.0299474e+01   3.9713090e+01  -4.2751795e+01   1.3869931e-01  -2.0708737e-02  -8.9414448e+00  -8.0130328e+00   2.6265652e+00   1.1963996e+00   3.9713090e+01   3.8696348e+01
  -8.9414448e+00  -8.0130328e+00   2.6265652e+00   1.1963996e+00   3.9713090e+01   3.8696348e+01  -4.0820160e+01   1.2763075e-01  -1.2889073e-03  -8.0130328e+00  -7.0404159e+00   1.1963996e+00   7.1099191e-02   3.8696348e+01   3.7391189e+01
  -8.0130328e+00  -7.0404159e+00   1.1963996e+00   7.1099191e-02   3.8696348e+01   3.7391189e+01  -3.8674262e+01   1.1609170e-01   1.4617708e-02  -7.0404159e+00  -6.0672444e+00   7.1099191e-02  -7.6395820e-01   3.7391189e+01   3.5941258e+01
  -7.0404159e+00  -6.0672444e+00   7.1099191e-02  -7.6395820e-01   3.7391189e+01   3.5941258e+01  -3.6899728e+01   1.0638585e-01   2.5194984e-02  -6.0672444e+00  -5.3048768e+00  -7.6395820e-01  -1.2563352e+00   3.5941258e+01   3.4742248e+01
  -6.0672444e+00  -5.3048768e+00  -7.6395820e-01  -1.2563352e+00   3.5941258e+01   3.4742248e+01  -3.5134064e+01   9.6450806e-02   3.3902211e-02  -5.3048768e+00  -4.5793361e+00  -1.2563352e+00  -1.6096249e+00   3.4742248e+01   3.3549232e+01
  -5.3048768e+00  -4.5793361e+00  -1.2563352e+00  -1.6096249e+00   3.4742248e+01   3.3549232e+01  -3.3413243e+01   8.6378010e-02   4.0947781e-02  -4.5793361e+00  -3.9002290e+00  -1.6096249e+00  -1.8489164e+00   3.3549232e+01   3.2386516e+01
  -4.5793361e+00  -3.9002290e+00  -1.6096249e+00  -1.8489164e+00   3.3549232e+01   3.2386516e+01  -3.1758879e+01   7.6276918e-02   4.6570080e-02  -3.9002290e+00  -3.2736073e+00  -1.8489164e+00  -1.9986669e+00   3.2386516e+01   3.1268702e+01
  -3.9002290e+00  -3.2736073e+00  -1.8489164e+00  -1.9986669e+00   3.2386516e+01   3.1268702e+01  -2.9744046e+01   6.3421775e-02   5.2124066e-02  -3.2736073e+00  -2.5492165e+00  -1.9986669e+00  -2.0951089e+00   3.1268702e+01   2.9907328e+01
  -3.2736073e+00  -2.5492165e+00  -1.9986669e+00  -2.0951089e+00   3.1268702e+01   2.9907328e+01  -2.7858857e+01   5.0881364e-02   5.6245715e-02  -2.5492165e+00  -1.9155360e+00  -2.0951089e+00  -2.1174883e+00   2.9907328e+01   2.8633552e+01
  -2.5492165e+00  -1.9155360e+00  -2.0951089e+00  -2.1174883e+00   2.9907328e+01   2.8633552e+01  -2.6098252e+01   3.8790763e-02   5.9423412e-02  -1.9155360e+00  -1.3680691e+00  -2.1174883e+00  -2.0957394e+00   2.8633552e+01   2.7443954e+01
  -1.9155360e+00  -1.3680691e+00  -2.1174883e+00  -2.0957394e+00   2.8633552e+01   2.7443954e+01  -2.4452166e+01   2.7233007e-02   6.2118589e-02  -1.3680691e+00  -8.9987298e-01  -2.0957394e+00  -2.0526136e+00   2.7443954e+01   2.6331734e+01
  -1.3680691e+00  -8.9987298e-01  -2.0957394e+00  -2.0526136e+00   2.7443954e+01   2.6331734e+01  -2.2662095e+01   1.4426188e-02   6.5188635e-02  -8.9987298e-01  -4.4179410e-01  -2.0526136e+00  -1.9963662e+00   2.6331734e+01   2.5122226e+01
  -8.9987298e-01  -4.4179410e-01  -2.0526136e+00  -1.9963662e+00   2.6331734e+01   2.5122226e+01  -2.0993498e+01   2.2458478e-03   6.8723876e-02  -4.4179410e-01  -6.3713786e-02  -1.9963662e+00  -1.9496683e+00   2.5122226e+01   2.3994796e+01
  -4.4179410e-01  -6.3713786e-02  -1.9963662e+00  -1.9496683e+00   2.5122226e+01   2.3994796e+01  -1.9432588e+01  -9.4646308e-03   7.3270800e-02  -6.3713786e-02   2.4854361e-01  -1.9496683e+00  -1.9241098e+00   2.3994796e+01   2.2940127e+01
  -6.3713786e-02   2.4854361e-01  -1.9496683e+00  -1.9241098e+00   2.3994796e+01   2.2940127e+01  -1.7967781e+01  -2.0999397e-02   7.9350270e-02   2.4854361e-01   5.0988187e-01  -1.9241098e+00  -1.9266869e+00   2.2940127e+01   2.1950393e+01
   2.4854361e-01   5.0988187e-01  -1.9241098e+00  -1.9266869e+00   2.2940127e+01   2.1950393e+01  -1.6830363e+01  -3.0617413e-02   8.5837871e-02   5.0988187e-01   6.9635428e-01  -1.9266869e+00  -1.9522737e+00   2.1950393e+01   2.1181867e+01
   5.0988187e-01   6.9635428e-01  -1.9266869e+00  -1.9522737e+00   2.1950393e+01   2.1181867e+01  -1.5749632e+01  -4.0561328e-02   9.4016229e-02   6.9635428e-01   8.6327839e-01  -1.9522737e+00  -2.0009744e+00   2.1181867e+01   2.0451643e+01
   6.9635428e-01   8.6327839e-01  -1.9522737e+00  -2.0009744e+00   2.1181867e+01   2.0451643e+01  -1.4723735e+01  -5.1066466e-02   1.0424273e-01   8.6327839e-01   1.0160664e+00  -2.0009744e+00  -2.0741111e+00   2.0451643e+01   1.9758469e+01
   8.6327839e-01   1.0160664e+00  -2.0009744e+00  -2.0741111e+00   2.0451643e+01   1.9758469e+01  -1.3751353e+01  -6.2425680e-02   1.1690842e-01   1.0160664e+00   1.1600508e+00  -2.0741111e+00  -2.1724986e+00   1.9758469e+01   1.9101455e+01
   1.0160664e+00   1.1600508e+00  -2.0741111e+00  -2.1724986e+00   1.9758469e+01   1.9101455e+01  -1.2813282e+01  -7.5256329e-02   1.3281776e-01   1.1600508e+00   1.3030818e+00  -2.1724986e+00  -2.2997722e+00   1.9101455e+01   1.8467623e+01
   1.1600508e+00   1.3030818e+00  -2.1724986e+00  -2.2997722e+00   1.9101455e+01   1.8467623e+01  -1.1931504e+01  -8.9676426e-02   1.5230997e-01   1.3030818e+00   1.4459116e+00  -2.2997722e+00  -2.4557932e+00   1.8467623e+01   1.7871827e+01
   1.3030818e+00   1.4459116e+00  -2.2997722e+00  -2.4557932e+00   1.8467623e+01   1.7871827e+01  -1.1107717e+01  -1.0607822e-01   1.7602424e-01   1.4459116e+00   1.5922796e+00  -2.4557932e+00  -2.6421991e+00   1.7871827e+01   1.7315214e+01
   1.4459116e+00   1.5922796e+00  -2.4557932e+00  -2.6421991e+00   1.7871827e+01   1.7315214e+01  -1.0344441e+01  -1.2490713e-01   2.0464053e-01   1.5922796e+00   1.7460736e+00  -2.6421991e+00  -2.8606648e+00   1.7315214e+01   1.6799487e+01
   1.5922796e+00   1.7460736e+00  -2.6421991e+00  -2.8606648e+00   1.7315214e+01   1.6799487e+01  -9.5393494e+00  -1.5040594e-01   2.4490593e-01   1.7460736e+00   1.9388848e+00  -2.8606648e+00  -3.1570854e+00   1.6799487e+01   1.6255506e+01
   1.7460736e+00   1.9388848e+00  -2.8606648e+00  -3.1570854e+00   1.6799487e+01   1.6255506e+01  -8.8294759e+00  -1.8030359e-01   2.9366698e-01   1.9388848e+00   2.1513327e+00  -3.1570854e+00  -3.5039534e+00   1.6255506e+01   1.5775862e+01
   1.9388848e+00   2.1513327e+00  -3.1570854e+00  -3.5039534e+00   1.6255506e+01   1.5775862e+01  -8.2267626e+00  -2.1481401e-01   3.5135188e-01   2.1513327e+00   2.3881403e+00  -3.5039534e+00  -3.9060655e+00   1.5775862e+01   1.5368623e+01
   2.1513327e+00   2.3881403e+00  -3.5039534e+00  -3.9060655e+00   1.5775862e+01   1.5368623e+01  -7.7467719e+00  -2.5358981e-01   4.1723959e-01   2.3881403e+00   2.6547329e+00  -3.9060655e+00  -4.3679189e+00   1.5368623e+01   1.5044305e+01
   2.3881403e+00   2.6547329e+00  -3.9060655e+00  -4.3679189e+00   1.5368623e+01   1.5044305e+01  -7.3658816e+00  -3.0285966e-01   5.0180513e-01   2.6547329e+00   3.0146329e+00  -4.3679189e+00  -4.9949151e+00   1.5044305e+01   1.4786947e+01
   2.6547329e+00   3.0146329e+00  -4.3679189e+00  -4.9949151e+00   1.5044305e+01   1.4786947e+01  -7.2281860e+00  -3.5123720e-01   5.8550872e-01   3.0146329e+00   3.4308213e+00  -4.9949151e+00  -5.7191432e+00   1.4786947e+01   1.4693909e+01
   3.0146329e+00   3.4308213e+00  -4.9949151e+00  -5.7191432e+00   1.4786947e+01   1.4693909e+01  -7.3918772e+00  -3.9145034e-01   6.5509194e-01   3.4308213e+00   3.9102066e+00  -5.7191432e+00  -6.5437287e+00   1.4693909e+01   1.4804512e+01
   3.4308213e+00   3.9102066e+00  -5.7191432e+00  -6.5437287e+00   1.4693909e+01   1.4804512e+01  -7.9290103e+00  -4.1618415e-01   6.9655276e-01   3.9102066e+00   4.4593627e+00  -6.5437287e+00  -7.4634784e+00   1.4804512e+01   1.5167439e+01
   3.9102066e+00   4.4593627e+00  -6.5437287e+00  -7.4634784e+00   1.4804512e+01   1.5167439e+01  -9.2824372e+00  -4.1981235e-01   6.9763260e-01   4.4593627e+00   5.2660564e+00  -7.4634784e+00  -8.7509876e+00   1.5167439e+01   1.6081917e+01
   4.4593627e+00   5.2660564e+00  -7.4634784e+00  -8.7509876e+00   1.5167439e+01   1.6081917e+01  -1.1608530e+01  -3.9453870e-01   6.4340836e-01   5.2660564e+00   6.1892087e+00  -8.7509876e+00  -1.0093278e+01   1.6081917e+01   1.7653602e+01
   5.2660564e+00   6.1892087e+00  -8.7509876e+00  -1.0093278e+01   1.6081917e+01   1.7653602e+01  -1.5071881e+01  -3.5352623e-01   5.5681189e-01   6.1892087e+00   7.2004128e+00  -1.0093278e+01  -1.1340815e+01   1.7653602e+01   1.9993704e+01
   6.1892087e+00   7.2004128e+00  -1.0093278e+01  -1.1340815e+01   1.7653602e+01   1.9993704e+01  -1.9681813e+01  -3.0941500e-01   4.6084535e-01   7.2004128e+00   8.2295245e+00  -1.1340815e+01  -1.2257124e+01   1.9993704e+01   2.3108522e+01
   7.2004128e+00   8.2295245e+00  -1.1340815e+01  -1.2257124e+01   1.9993704e+01   2.3108522e+01  -2.3256456e+01  -2.8210783e-01   3.9894814e-01   8.2295245e+00   8.8659840e+00  -1.2257124e+01  -1.2538000e+01   2.3108522e+01   2.5523822e+01
   8.2295245e+00   8.8659840e+00  -1.2257124e+01  -1.2538000e+01   2.3108522e+01   2.5523822e+01  -2.7067642e+01  -2.5755128e-01   3.4079197e-01   8.8659840e+00   9.4206834e+00  -1.2538000e+01  -1.2465453e+01   2.5523822e+01   2.8098947e+01
   8.8659840e+00   9.4206834e+00  -1.2538000e+01  -1.2465453e+01   2.5523822e+01   2.8098947e+01  -3.0877194e+01  -2.3600570e-01   2.8724633e-01   9.4206834e+00   9.8475591e+00  -1.2465453e+01  -1.1985623e+01   2.8098947e+01   3.0672969e+01
   9.4206834e+00   9.8475591e+00  -1.2465453e+01  -1.1985623e+01   2.8098947e+01   3.0672969e+01  -3.4405405e+01  -2.1734594e-01   2.3856655e-01   9.8475591e+00   1.0105237e+01  -1.1985623e+01  -1.1091863e+01   3.0672969e+01   3.3056895e+01
   9.8475591e+00   1.0105237e+01  -1.1985623e+01  -1.1091863e+01   3.0672969e+01   3.3056895e+01  -3.7349276e+01  -2.0131153e-01   1.9467475e-01   1.0105237e+01   1.0160595e+01  -1.1091863e+01  -9.8256232e+00   3.3056895e+01   3.5045997e+01
   1.0105237e+01   1.0160595e+01  -1.1091863e+01  -9.8256232e+00   3.3056895e+01   3.5045997e+01  -3.9474229e+01  -1.8736063e-01   1.5575586e-01   1.0160595e+01   9.9944818e+00  -9.8256232e+00  -8.3085709e+00   3.5045997e+01   3.6481776e+01
   1.0160595e+01   9.9944818e+00  -9.8256232e+00  -8.3085709e+00   3.5045997e+01   3.6481776e+01  -4.0658765e+01  -1.7489877e-01   1.2160110e-01   9.9944818e+00   9.6096863e+00  -8.3085709e+00  -6.6812845e+00   3.6481776e+01   3.7282138e+01
   9.9944818e+00   9.6096863e+00  -8.3085709e+00  -6.6812845e+00   3.6481776e+01   3.7282138e+01  -4.0897280e+01  -1.6348446e-01   9.1788960e-02   9.6096863e+00   9.0352296e+00  -6.6812845e+00  -5.0728633e+00   3.7282138e+01   3.7443298e+01
   9.6096863e+00   9.0352296e+00  -6.6812845e+00  -5.0728633e+00   3.7282138e+01   3.7443298e+01  -4.0293315e+01  -1.5245311e-01   6.5766589e-02   9.0352296e+00   8.3011365e+00  -5.0728633e+00  -3.5810187e+00   3.7443298e+01   3.7035213e+01
   9.0352296e+00   8.3011365e+00  -5.0728633e+00  -3.5810187e+00   3.7443298e+01   3.7035213e+01  -3.9023715e+01  -1.4164287e-01   4.4110834e-02   8.3011365e+00   7.4695011e+00  -3.5810187e+00  -2.3261738e+00   3.7035213e+01   3.6177375e+01
   8.3011365e+00   7.4695011e+00  -3.5810187e+00  -2.3261738e+00   3.7035213e+01   3.6177375e+01  -3.7284523e+01  -1.3090873e-01   2.6715457e-02   7.4695011e+00   6.5957698e+00  -2.3261738e+00  -1.3460447e+00   3.6177375e+01   3.5002245e+01
   7.4695011e+00   6.5957698e+00  -2.3261738e+00  -1.3460447e+00   3.6177375e+01   3.5002245e+01  -3.5293015e+01  -1.2007313e-01   1.3274948e-02   6.5957698e+00   5.7266795e+00  -1.3460447e+00  -6.3312560e-01   3.5002245e+01   3.3656632e+01
   6.5957698e+00   5.7266795e+00  -1.3460447e+00  -6.3312560e-01   3.5002245e+01   3.3656632e+01  -3.3620761e+01  -1.1123703e-01   4.9605824e-03   5.7266795e+00   5.0538835e+00  -6.3312560e-01  -2.2537643e-01   3.3656632e+01   3.2526731e+01
   5.7266795e+00   5.0538835e+00  -6.3312560e-01  -2.2537643e-01   3.3656632e+01   3.2526731e+01  -3.1933048e+01  -1.0249840e-01  -1.2752662e-03   5.0538835e+00   4.4230897e+00  -2.2537643e-01   5.5031265e-02   3.2526731e+01   3.1386384e+01
   5.0538835e+00   4.4230897e+00  -2.2537643e-01   5.5031265e-02   3.2526731e+01   3.1386384e+01  -3.0266581e+01  -9.3971305e-02  -5.6638817e-03   4.4230897e+00   3.8435002e+00   5.5031265e-02   2.3165721e-01   3.1386384e+01   3.0260393e+01
   4.4230897e+00   3.8435002e+00   5.5031265e-02   2.3165721e-01   3.1386384e+01   3.0260393e+01  -2.8644104e+01  -8.5782450e-02  -8.4650179e-03   3.8435002e+00   3.3204884e+00   2.3165721e-01   3.2766602e-01   3.0260393e+01   2.9164124e+01
   3.8435002e+00   3.3204884e+00   2.3165721e-01   3.2766602e-01   3.0260393e+01   2.9164124e+01  -2.7177469e+01  -7.8537265e-02  -9.8825155e-03   3.3204884e+00   2.8843839e+00   3.2766602e-01   3.6294832e-01   2.9164124e+01   2.8173155e+01
   3.3204884e+00   2.8843839e+00   3.2766602e-01   3.6294832e-01   2.9164124e+01   2.8173155e+01  -2.5763095e+01  -7.1760909e-02  -1.0314405e-02   2.8843839e+00   2.4983555e+00   3.6294832e-01   3.5909593e-01   2.8173155e+01   2.7217496e+01
   2.8843839e+00   2.4983555e+00   3.6294832e-01   3.5909593e-01   2.8173155e+01   2.7217496e+01  -2.4402008e+01  -6.5515400e-02  -9.9252288e-03   2.4983555e+00   2.1604153e+00   3.5909593e-01   3.2729123e-01   2.7217496e+01   2.6297843e+01
   2.4983555e+00   2.1604153e+00   3.5909593e-01   3.2729123e-01   2.7217496e+01   2.6297843e+01  -2.3093294e+01  -5.9848282e-02  -8.8587502e-03   2.1604153e+00   1.8676945e+00   3.2729123e-01   2.7645638e-01   2.6297843e+01   2.5413577e+01
   2.1604153e+00   1.8676945e+00   3.2729123e-01   2.7645638e-01   2.6297843e+01   2.5413577e+01  -2.1836246e+01  -5.4793390e-02  -7.2308976e-03   1.8676945e+00   1.6168675e+00   2.7645638e-01   2.1337252e-01   2.5413577e+01   2.4564221e+01
   1.8676945e+00   1.6168675e+00   2.7645638e-01   2.1337252e-01   2.5413577e+01   2.4564221e+01  -2.0626629e+01  -5.0362306e-02  -5.1286103e-03   1.6168675e+00   1.4037900e+00   2.1337252e-01   1.4295398e-01   2.4564221e+01   2.3746912e+01
   1.6168675e+00   1.4037900e+00   2.1337252e-01   1.4295398e-01   2.4564221e+01   2.3746912e+01  -1.9461858e+01  -4.6566044e-02  -2.6165943e-03   1.4037900e+00   1.2246780e+00   1.4295398e-01   6.8815925e-02   2.3746912e+01   2.2959904e+01
   1.4037900e+00   1.2246780e+00   1.4295398e-01   6.8815925e-02   2.3746912e+01   2.2959904e+01  -1.8339489e+01  -4.3407810e-02   2.6770694e-04   1.2246780e+00   1.0757798e+00   6.8815925e-02  -6.6346058e-03   2.2959904e+01   2.2201546e+01
   1.2246780e+00   1.0757798e+00   6.8815925e-02  -6.6346058e-03   2.2959904e+01   2.2201546e+01  -1.7257273e+01  -4.0880376e-02   3.5197128e-03   1.0757798e+00   9.5335653e-01  -6.6346058e-03  -8.2081954e-02   2.2201546e+01   2.1470320e+01
   1.0757798e+00   9.5335653e-01  -6.6346058e-03  -8.2081954e-02   2.2201546e+01   2.1470320e+01  -1.6213147e+01  -3.8995345e-02   7.1470804e-03   9.5335653e-01   8.5437465e-01  -8.2081954e-02  -1.5659008e-01   2.1470320e+01   2.0764829e+01
   9.5335653e-01   8.5437465e-01  -8.2081954e-02  -1.5659008e-01   2.1470320e+01   2.0764829e+01  -1.5205501e+01  -3.7767801e-02   1.1187660e-02   8.5437465e-01   7.7605182e-01  -1.5659008e-01  -2.2988375e-01   2.0764829e+01   2.0083987e+01
   8.5437465e-01   7.7605182e-01  -1.5659008e-01  -2.2988375e-01   2.0764829e+01   2.0083987e+01  -1.4232713e+01  -3.7208201e-02   1.5714357e-02   7.7605182e-01   7.1564008e-01  -2.2988375e-01  -3.0224045e-01   2.0083987e+01   1.9426698e+01
   7.7605182e-01   7.1564008e-01  -2.2988375e-01  -3.0224045e-01   2.0083987e+01   1.9426698e+01  -1.3304099e+01  -3.7336759e-02   2.0766018e-02   7.1564008e-01   6.7125937e-01  -3.0224045e-01  -3.7334210e-01   1.9426698e+01   1.8799256e+01
   7.1564008e-01   6.7125937e-01  -3.0224045e-01  -3.7334210e-01   1.9426698e+01   1.8799256e+01  -1.2407157e+01  -3.8200108e-02   2.6517641e-02   6.7125937e-01   6.4047937e-01  -3.7334210e-01  -4.4460613e-01   1.8799256e+01   1.8193214e+01
   6.7125937e-01   6.4047937e-01  -3.7334210e-01  -4.4460613e-01   1.8799256e+01   1.8193214e+01  -1.1540829e+01  -3.9866305e-02   3.3139248e-02   6.4047937e-01   6.2174353e-01  -4.4460613e-01  -5.1683026e-01   1.8193214e+01   1.7607857e+01
   6.4047937e-01   6.2174353e-01  -4.4460613e-01  -5.1683026e-01   1.8193214e+01   1.7607857e+01  -1.0704315e+01  -4.2435004e-02   4.0855137e-02   6.2174353e-01   6.1383466e-01  -5.1683026e-01  -5.9098142e-01   1.7607857e+01   1.7042645e+01
   6.2174353e-01   6.1383466e-01  -5.1683026e-01  -5.9098142e-01   1.7607857e+01   1.7042645e+01  -9.7498721e+00  -4.6825242e-02   5.1841559e-02   6.1383466e-01   6.1694611e-01  -5.9098142e-01  -6.8303861e-01   1.7042645e+01   1.6397751e+01
   6.1383466e-01   6.1694611e-01  -5.9098142e-01  -6.8303861e-01   1.7042645e+01   1.6397751e+01  -8.8351224e+00  -5.2991485e-02   6.5426463e-02   6.1694611e-01   6.3268413e-01  -6.8303861e-01  -7.8114975e-01   1.6397751e+01   1.5779677e+01
   6.1694611e-01   6.3268413e-01  -6.8303861e-01  -7.8114975e-01   1.6397751e+01   1.5779677e+01  -7.9593698e+00  -6.1404357e-02   8.2497036e-02   6.3268413e-01   6.6045944e-01  -7.8114975e-01  -8.8733029e-01   1.5779677e+01   1.5187953e+01
   6.3268413e-01   6.6045944e-01  -7.8114975e-01  -8.8733029e-01   1.5779677e+01   1.5187953e+01  -7.1219587e+00  -7.2706884e-02   1.0431230e-01   6.6045944e-01   6.9975058e-01  -8.8733029e-01  -1.0039296e+00   1.5187953e+01   1.4622134e+01
   6.6045944e-01   6.9975058e-01  -8.8733029e-01  -1.0039296e+00   1.5187953e+01   1.4622134e+01  -6.2448441e+00  -8.9595025e-02   1.3595051e-01   6.9975058e-01   7.5609049e-01  -1.0039296e+00  -1.1472835e+00   1.4622134e+01   1.4029489e+01
   6.9975058e-01   7.5609049e-01  -1.0039296e+00  -1.1472835e+00   1.4622134e+01   1.4029489e+01  -5.4139014e+00  -1.1302900e-01   1.7901956e-01   7.5609049e-01   8.2692950e-01  -1.1472835e+00  -1.3097219e+00   1.4029489e+01   1.3468041e+01
   7.5609049e-01   8.2692950e-01  -1.1472835e+00  -1.3097219e+00   1.4029489e+01   1.3468041e+01  -4.6299303e+00  -1.4597930e-01   2.3898267e-01   8.2692950e-01   9.1334324e-01  -1.3097219e+00  -1.4952340e+00   1.3468041e+01   1.2938331e+01
   8.2692950e-01   9.1334324e-01  -1.3097219e+00  -1.4952340e+00   1.3468041e+01   1.2938331e+01  -3.8946695e+00  -1.9316648e-01   3.2459526e-01   9.1334324e-01   1.0166481e+00  -1.4952340e+00  -1.7083666e+00   1.2938331e+01   1.2441533e+01
   9.1334324e-01   1.0166481e+00  -1.4952340e+00  -1.7083666e+00   1.2938331e+01   1.2441533e+01  -2.9859951e+00  -2.9402062e-01   5.0771337e-01   1.0166481e+00   1.1864110e+00  -1.7083666e+00  -2.0486887e+00   1.2441533e+01   1.1827564e+01
   1.0166481e+00   1.1864110e+00  -1.7083666e+00  -2.0486887e+00   1.2441533e+01   1.1827564e+01  -2.1837961e+00  -4.7332396e-01   8.3462129e-01   1.1864110e+00   1.3968149e+00  -2.0486887e+00  -2.4630307e+00   1.1827564e+01   1.1285538e+01
   1.1864110e+00   1.3968149e+00  -2.0486887e+00  -2.4630307e+00   1.1827564e+01   1.1285538e+01  -1.5157861e+00  -8.0825467e-01   1.4490254e+00   1.3968149e+00   1.6555962e+00  -2.4630307e+00  -2.9681250e+00   1.1285538e+01   1.0834180e+01
   1.3968149e+00   1.6555962e+00  -2.4630307e+00  -2.9681250e+00   1.1285538e+01   1.0834180e+01  -1.0491453e+00  -1.3911394e+00   2.5268040e+00   1.6555962e+00   1.9723074e+00  -2.9681250e+00  -3.5824116e+00   1.0834180e+01   1.0518882e+01
   1.6555962e+00   1.9723074e+00  -2.9681250e+00  -3.5824116e+00   1.0834180e+01   1.0518882e+01  -8.4292489e-01  -2.1683631e+00   3.9797891e+00   1.9723074e+00   2.4699557e+00  -3.5824116e+00  -4.5333288e+00   1.0518882e+01   1.0379544e+01
   1.9723074e+00   2.4699557e+00  -3.5824116e+00  -4.5333288e+00   1.0518882e+01   1.0379544e+01  -9.4290595e-01  -2.4435693e+00   4.5135903e+00   2.4699557e+00   3.1135893e+00  -4.5333288e+00  -5.7512042e+00   1.0379544e+01   1.0447099e+01
   2.4699557e+00   3.1135893e+00  -4.5333288e+00  -5.7512042e+00   1.0379544e+01   1.0447099e+01  -1.4933000e+00  -1.9492014e+00   3.6038745e+00   3.1135893e+00   3.9334357e+00  -5.7512042e+00  -7.2725214e+00   1.0447099e+01   1.0818986e+01
   3.1135893e+00   3.9334357e+00  -5.7512042e+00  -7.2725214e+00   1.0447099e+01   1.0818986e+01  -3.1128335e+00  -1.1777282e+00   2.1583300e+00   3.9334357e+00   4.9541513e+00  -7.2725214e+00  -9.0790836e+00   1.0818986e+01   1.1913266e+01
   3.9334357e+00   4.9541513e+00  -7.2725214e+00  -9.0790836e+00   1.0818986e+01   1.1913266e+01  -5.0639997e+00  -8.4431201e-01   1.5264339e+00   4.9541513e+00   5.7778322e+00  -9.0790836e+00  -1.0445758e+01   1.1913266e+01   1.3231621e+01
   4.9541513e+00   5.7778322e+00  -9.0790836e+00  -1.0445758e+01   1.1913266e+01   1.3231621e+01  -7.8673447e+00  -6.3013885e-01   1.1143771e+00   5.7778322e+00   6.6993507e+00  -1.0445758e+01  -1.1847552e+01   1.3231621e+01   1.5125773e+01
   5.7778322e+00   6.6993507e+00  -1.0445758e+01  -1.1847552e+01   1.3231621e+01   1.5125773e+01  -1.1651968e+01  -4.8895449e-01   8.3618228e-01   6.6993507e+00   7.6990301e+00  -1.1847552e+01  -1.3166445e+01   1.5125773e+01   1.7682952e+01
   6.6993507e+00   7.6990301e+00  -1.1847552e+01  -1.3166445e+01   1.5125773e+01   1.7682952e+01  -1.6463450e+01  -3.9250975e-01   6.3946045e-01   7.6990301e+00   8.7325196e+00  -1.3166445e+01  -1.4226655e+01   1.7682952e+01   2.0933952e+01
   7.6990301e+00   8.7325196e+00  -1.3166445e+01  -1.4226655e+01   1.7682952e+01   2.0933952e+01  -2.0909272e+01  -3.3705524e-01   5.2151929e-01   8.7325196e+00   9.5237562e+00  -1.4226655e+01  -1.4735930e+01   2.0933952e+01   2.3937886e+01
   8.7325196e+00   9.5237562e+00  -1.4226655e+01  -1.4735930e+01   2.0933952e+01   2.3937886e+01  -2.5774053e+01  -2.9420900e-01   4.2575759e-01   9.5237562e+00   1.0247241e+01  -1.4735930e+01  -1.4829052e+01   2.3937886e+01   2.7224900e+01
   9.5237562e+00   1.0247241e+01  -1.4735930e+01  -1.4829052e+01   2.3937886e+01   2.7224900e+01  -3.0795274e+01  -2.6069011e-01   3.4631239e-01   1.0247241e+01   1.0848680e+01  -1.4829052e+01  -1.4411872e+01   2.7224900e+01   3.0617618e+01
   1.0247241e+01   1.0848680e+01  -1.4829052e+01  -1.4411872e+01   2.7224900e+01   3.0617618e+01  -3.5626738e+01  -2.3415431e-01   2.7923287e-01   1.0848680e+01   1.1273182e+01  -1.4411872e+01  -1.3443455e+01   3.0617618e+01   3.3882120e+01
   1.0848680e+01   1.1273182e+01  -1.4411872e+01  -1.3443455e+01   3.0617618e+01   3.3882120e+01  -3.9861567e+01  -2.1296283e-01   2.2162558e-01   1.1273182e+01   1.1471665e+01  -1.3443455e+01  -1.1938301e+01   3.3882120e+01   3.6743492e+01
   1.1273182e+01   1.1471665e+01  -1.3443455e+01  -1.1938301e+01   3.3882120e+01   3.6743492e+01  -4.3134837e+01  -1.9568695e-01   1.7206896e-01   1.1471665e+01   1.1406655e+01  -1.1938301e+01  -1.0029954e+01   3.6743492e+01   3.8955160e+01
   1.1471665e+01   1.1406655e+01  -1.1938301e+01  -1.0029954e+01   3.6743492e+01   3.8955160e+01  -4.5219243e+01  -1.8109559e-01   1.2918577e-01   1.1406655e+01   1.1066223e+01  -1.0029954e+01  -7.8941655e+00   3.8955160e+01   4.0363542e+01
   1.1406655e+01   1.1066223e+01  -1.0029954e+01  -7.8941655e+00   3.8955160e+01   4.0363542e+01  -4.6045902e+01  -1.6831148e-01   9.1672450e-02   1.1066223e+01   1.0473046e+01  -7.8941655e+00  -5.7042441e+00   4.0363542e+01   4.0922096e+01
   1.1066223e+01   1.0473046e+01  -7.8941655e+00  -5.7042441e+00   4.0363542e+01   4.0922096e+01  -4.5767766e+01  -1.5721002e-01   6.0761812e-02   1.0473046e+01   9.7231774e+00  -5.7042441e+00  -3.7580168e+00   4.0922096e+01   4.0734167e+01
   1.0473046e+01   9.7231774e+00  -5.7042441e+00  -3.7580168e+00   4.0922096e+01   4.0734167e+01  -4.4662658e+01  -1.4637906e-01   3.3992558e-02   9.7231774e+00   8.8346999e+00  -3.7580168e+00  -2.0516189e+00   4.0734167e+01   3.9987472e+01
   9.7231774e+00   8.8346999e+00  -3.7580168e+00  -2.0516189e+00   4.0734167e+01   3.9987472e+01  -4.2950334e+01  -1.3544330e-01   1.1181458e-02   8.8346999e+00   7.8612633e+00  -2.0516189e+00  -6.4898288e-01   3.9987472e+01   3.8830496e+01
   8.8346999e+00   7.8612633e+00  -2.0516189e+00  -6.4898288e-01   3.9987472e+01   3.8830496e+01  -4.0877586e+01  -1.2405523e-01  -7.9011857e-03   7.8612633e+00   6.8528085e+00  -6.4898288e-01   4.3646135e-01   3.8830496e+01   3.7429991e+01
   7.8612633e+00   6.8528085e+00  -6.4898288e-01   4.3646135e-01   3.8830496e+01   3.7429991e+01  -3.9054935e+01  -1.1421408e-01  -2.1047742e-02   6.8528085e+00   6.0278697e+00   4.3646135e-01   1.1108354e+00   3.7429991e+01   3.6198469e+01
   6.8528085e+00   6.0278697e+00   4.3646135e-01   1.1108354e+00   3.7429991e+01   3.6198469e+01  -3.7198347e+01  -1.0402237e-01  -3.2050278e-02   6.0278697e+00   5.2290005e+00   1.1108354e+00   1.6111046e+00   3.6198469e+01   3.4944018e+01
   6.0278697e+00   5.2290005e+00   1.1108354e+00   1.6111046e+00   3.6198469e+01   3.4944018e+01  -3.5364194e+01  -9.3550345e-02  -4.1100738e-02   5.2290005e+00   4.4707196e+00   1.6111046e+00   1.9641817e+00   3.4944018e+01   3.3704725e+01
   5.2290005e+00   4.4707196e+00   1.6111046e+00   1.9641817e+00   3.4944018e+01   3.3704725e+01  -3.3589464e+01  -8.2902211e-02  -4.8441567e-02   4.4707196e+00   3.7630281e+00   1.9641817e+00   2.1988193e+00   3.3704725e+01   3.2505584e+01
   4.4707196e+00   3.7630281e+00   1.9641817e+00   2.1988193e+00   3.3704725e+01   3.2505584e+01  -3.1612517e+01  -7.0370594e-02  -5.5241559e-02   3.7630281e+00   3.0062048e+00   2.1988193e+00   2.3598983e+00   3.2505584e+01   3.1169809e+01
   3.7630281e+00   3.0062048e+00   2.1988193e+00   2.3598983e+00   3.2505584e+01   3.1169809e+01  -2.9755520e+01  -5.7939716e-02  -6.0479850e-02   3.0062048e+00   2.3297653e+00   2.3598983e+00   2.4319045e+00   3.1169809e+01   2.9915081e+01
   3.0062048e+00   2.3297653e+00   2.3598983e+00   2.4319045e+00   3.1169809e+01   2.9915081e+01  -2.8019318e+01  -4.5761438e-02  -6.4573550e-02   2.3297653e+00   1.7327085e+00   2.4319045e+00   2.4450092e+00   2.9915081e+01   2.8741971e+01
   2.3297653e+00   1.7327085e+00   2.4319045e+00   2.4450092e+00   2.9915081e+01   2.8741971e+01  -2.6397391e+01  -3.3956890e-02  -6.7926500e-02   1.7327085e+00   1.2113153e+00   2.4450092e+00   2.4230843e+00   2.8741971e+01   2.7646075e+01
   1.7327085e+00   1.2113153e+00   2.4450092e+00   2.4230843e+00   2.8741971e+01   2.7646075e+01  -2.4550275e+01  -2.0076588e-02  -7.1573433e-02   1.2113153e+00   6.6606184e-01   2.4230843e+00   2.3745236e+00   2.7646075e+01   2.6398024e+01
   1.2113153e+00   6.6606184e-01   2.4230843e+00   2.3745236e+00   2.7646075e+01   2.6398024e+01  -2.2839349e+01  -6.8324399e-03  -7.5268934e-02   6.6606184e-01   2.1087632e-01   2.3745236e+00   2.3230993e+00   2.6398024e+01   2.5241993e+01
   6.6606184e-01   2.1087632e-01   2.3745236e+00   2.3230993e+00   2.6398024e+01   2.5241993e+01  -2.1247741e+01   5.8552628e-03  -7.9576113e-02   2.1087632e-01  -1.6812312e-01   2.3230993e+00   2.2848819e+00   2.5241993e+01   2.4166582e+01
   2.1087632e-01  -1.6812312e-01   2.3230993e+00   2.2848819e+00   2.5241993e+01   2.4166582e+01  -1.9761539e+01   1.8186005e-02  -8.5015979e-02  -1.6812312e-01  -4.8565330e-01   2.2848819e+00   2.2703332e+00   2.4166582e+01   2.3162391e+01
  -1.6812312e-01  -4.8565330e-01   2.2848819e+00   2.2703332e+00   2.4166582e+01   2.3162391e+01  -1.8381936e+01   3.0351102e-02  -9.1978437e-02  -4.8565330e-01  -7.5393515e-01   2.2703332e+00   2.2847861e+00   2.3162391e+01   2.2230227e+01
  -4.8565330e-01  -7.5393515e-01   2.2703332e+00   2.2847861e+00   2.3162391e+01   2.2230227e+01  -1.7088795e+01   4.2721552e-02  -1.0098946e-01  -7.5393515e-01  -9.8656733e-01   2.2847861e+00   2.3321462e+00   2.2230227e+01   2.1356483e+01
  -7.5393515e-01  -9.8656733e-01   2.2847861e+00   2.3321462e+00   2.2230227e+01   2.1356483e+01  -1.5877888e+01   5.5611511e-02  -1.1257074e-01  -9.8656733e-01  -1.1932342e+00   2.3321462e+00   2.4153859e+00   2.1356483e+01   2.0538302e+01
  -9.8656733e-01  -1.1932342e+00   2.3321462e+00   2.4153859e+00   2.1356483e+01   2.0538302e+01  -1.4746386e+01   6.9460518e-02  -1.2725967e-01  -1.1932342e+00  -1.3841779e+00   2.4153859e+00   2.5359734e+00   2.0538302e+01   1.9773775e+01
  -1.1932342e+00  -1.3841779e+00   2.4153859e+00   2.5359734e+00   2.0538302e+01   1.9773775e+01  -1.3817370e+01   8.2797978e-02  -1.4317897e-01  -1.3841779e+00  -1.5460139e+00   2.5359734e+00   2.6734551e+00   1.9773775e+01   1.9146061e+01
  -1.3841779e+00  -1.5460139e+00   2.5359734e+00   2.6734551e+00   1.9773775e+01   1.9146061e+01  -1.2950519e+01   9.7519768e-02  -1.6240778e-01  -1.5460139e+00  -1.7066643e+00   2.6734551e+00   2.8422500e+00   1.9146061e+01   1.8560351e+01
  -1.5460139e+00  -1.7066643e+00   2.6734551e+00   2.8422500e+00   1.9146061e+01   1.8560351e+01  -1.2148145e+01   1.1392835e-01  -1.8541964e-01  -1.7066643e+00  -1.8702947e+00   2.8422500e+00   3.0439252e+00   1.8560351e+01   1.8018206e+01
  -1.7066643e+00  -1.8702947e+00   2.8422500e+00   3.0439252e+00   1.8560351e+01   1.8018206e+01  -1.1413531e+01   1.3234399e-01  -2.1265552e-01  -1.8702947e+00  -2.0412328e+00   3.0439252e+00   3.2799329e+00   1.8018206e+01   1.7521845e+01
  -1.8702947e+00  -2.0412328e+00   3.0439252e+00   3.2799329e+00   1.8018206e+01   1.7521845e+01  -1.0643001e+01   1.5692997e-01  -2.5054947e-01  -2.0412328e+00  -2.2570350e+00   3.2799329e+00   3.6035114e+00   1.7521845e+01   1.7001217e+01
  -2.0412328e+00  -2.2570350e+00   3.2799329e+00   3.6035114e+00   1.7521845e+01   1.7001217e+01  -9.9836574e+00   1.8482976e-01  -2.9507284e-01  -2.2570350e+00  -2.4936176e+00   3.6035114e+00   3.9809542e+00   1.7001217e+01   1.6555714e+01
  -2.2570350e+00  -2.4936176e+00   3.6035114e+00   3.9809542e+00   1.7001217e+01   1.6555714e+01  -9.4504508e+00   2.1579578e-01  -3.4581092e-01  -2.4936176e+00  -2.7559018e+00   3.9809542e+00   4.4163096e+00   1.6555714e+01   1.6195440e+01
  -2.4936176e+00  -2.7559018e+00   3.9809542e+00   4.4163096e+00   1.6555714e+01   1.6195440e+01  -9.0620303e+00   2.4902426e-01  -4.0116987e-01  -2.7559018e+00  -3.0495478e+00   4.4163096e+00   4.9127210e+00   1.6195440e+01   1.5932993e+01
  -2.7559018e+00  -3.0495478e+00   4.4163096e+00   4.9127210e+00   1.6195440e+01   1.5932993e+01  -8.8223846e+00   2.8880087e-01  -4.6797923e-01  -3.0495478e+00  -3.4431248e+00   4.9127210e+00   5.5793145e+00   1.5932993e+01   1.5771071e+01
  -3.0495478e+00  -3.4431248e+00   4.9127210e+00   5.5793145e+00   1.5932993e+01   1.5771071e+01  -8.8688123e+00   3.2492200e-01  -5.2882025e-01  -3.4431248e+00  -3.8941517e+00   5.5793145e+00   6.3378481e+00   1.5771071e+01   1.5802441e+01
  -3.4431248e+00  -3.8941517e+00   5.5793145e+00   6.3378481e+00   1.5771071e+01   1.5802441e+01  -9.2651622e+00   3.5204857e-01  -5.7380556e-01  -3.8941517e+00  -4.4078204e+00   6.3378481e+00   7.1843264e+00   1.5802441e+01   1.6070245e+01
  -3.8941517e+00  -4.4078204e+00   6.3378481e+00   7.1843264e+00   1.5802441e+01   1.6070245e+01  -1.0085381e+01   3.6596321e-01  -5.9456214e-01  -4.4078204e+00  -4.9876737e+00   7.1843264e+00   8.1032242e+00   1.6070245e+01   1.6624447e+01
  -4.4078204e+00  -4.9876737e+00   7.1843264e+00   8.1032242e+00   1.6070245e+01   1.6624447e+01  -1.1953503e+01   3.6257941e-01  -5.8134748e-01  -4.9876737e+00  -5.8568839e+00   8.1032242e+00   9.3907282e+00   1.6624447e+01   1.7886691e+01
  -4.9876737e+00  -5.8568839e+00   8.1032242e+00   9.3907282e+00   1.6624447e+01   1.7886691e+01  -1.4925873e+01   3.3814517e-01  -5.2655354e-01  -5.8568839e+00  -6.8204213e+00   9.3907282e+00   1.0620637e+01   1.7886691e+01   1.9895049e+01
  -5.8568839e+00  -6.8204213e+00   9.3907282e+00   1.0620637e+01   1.7886691e+01   1.9895049e+01  -1.9071033e+01   3.0358073e-01  -4.4941485e-01  -6.8204213e+00  -7.8237811e+00   1.0620637e+01   1.1582169e+01   1.9895049e+01   2.2695833e+01
  -6.8204213e+00  -7.8237811e+00   1.0620637e+01   1.1582169e+01   1.9895049e+01   2.2695833e+01  -2.4168866e+01   2.6816005e-01  -3.6751965e-01  -7.8237811e+00  -8.7582759e+00   1.1582169e+01   1.2003423e+01   2.2695833e+01   2.6140315e+01
  -7.8237811e+00  -8.7582759e+00   1.1582169e+01   1.2003423e+01   2.2695833e+01   2.6140315e+01  -2.7520200e+01   2.4822215e-01  -3.1923367e-01  -8.7582759e+00  -9.2312478e+00   1.2003423e+01   1.1872128e+01   2.6140315e+01   2.8404730e+01
  -8.7582759e+00  -9.2312478e+00   1.2003423e+01   1.1872128e+01   2.6140315e+01   2.8404730e+01  -3.0823250e+01   2.3020675e-01  -2.7379544e-01  -9.2312478e+00  -9.5888110e+00   1.1872128e+01   1.1404412e+01   2.8404730e+01   3.0636520e+01
  -9.2312478e+00  -9.5888110e+00   1.1872128e+01   1.1404412e+01   2.8404730e+01   3.0636520e+01  -3.3850999e+01   2.1416508e-01  -2.3174545e-01  -9.5888110e+00  -9.7968945e+00   1.1404412e+01   1.0601101e+01   3.0636520e+01   3.2682297e+01
  -9.5888110e+00  -9.7968945e+00   1.1404412e+01   1.0601101e+01   3.0636520e+01   3.2682297e+01  -3.6389813e+01   1.9995780e-01  -1.9322843e-01  -9.7968945e+00  -9.8330094e+00   1.0601101e+01   9.5020898e+00   3.2682297e+01   3.4397711e+01
  -9.7968945e+00  -9.8330094e+00   1.0601101e+01   9.5020898e+00   3.2682297e+01   3.4397711e+01  -3.8253250e+01   1.8736520e-01  -1.5836331e-01  -9.8330094e+00  -9.6855784e+00   9.5020898e+00   8.1863666e+00   3.4397711e+01   3.5656791e+01
  -9.8330094e+00  -9.6855784e+00   9.5020898e+00   8.1863666e+00   3.4397711e+01   3.5656791e+01  -3.9344814e+01   1.7599330e-01  -1.2734167e-01  -9.6855784e+00  -9.3573295e+00   8.1863666e+00   6.7705870e+00   3.5656791e+01   3.6394334e+01
  -9.6855784e+00  -9.3573295e+00   8.1863666e+00   6.7705870e+00   3.5656791e+01   3.6394334e+01  -3.9655828e+01   1.6546226e-01  -1.0013185e-01  -9.3573295e+00  -8.8669498e+00   6.7705870e+00   5.3659616e+00   3.6394334e+01   3.6604478e+01
  -9.3573295e+00  -8.8669498e+00   6.7705870e+00   5.3659616e+00   3.6394334e+01   3.6604478e+01  -3.9257293e+01   1.5546919e-01  -7.6619326e-02  -8.8669498e+00  -8.2477020e+00   5.3659616e+00   4.0646856e+00   3.6604478e+01   3.6335198e+01
  -8.8669498e+00  -8.2477020e+00   5.3659616e+00   4.0646856e+00   3.6604478e+01   3.6335198e+01  -3.8289048e+01   1.4572103e-01  -5.6719923e-02  -8.2477020e+00  -7.5398911e+00   4.0646856e+00   2.9347998e+00   3.6335198e+01   3.5680979e+01
  -8.2477020e+00  -7.5398911e+00   4.0646856e+00   2.9347998e+00   3.6335198e+01   3.5680979e+01  -3.6902006e+01   1.3607951e-01  -4.0390838e-02  -7.5398911e+00  -6.7859552e+00   2.9347998e+00   2.0141932e+00   3.5680979e+01   3.4743788e+01
  -7.5398911e+00  -6.7859552e+00   2.9347998e+00   2.0141932e+00   3.5680979e+01   3.4743788e+01  -3.5236270e+01   1.2652923e-01  -2.7526813e-02  -6.7859552e+00  -6.0248896e+00   2.0141932e+00   1.3107327e+00   3.4743788e+01   3.3618291e+01
  -6.7859552e+00  -6.0248896e+00   2.0141932e+00   1.3107327e+00   3.4743788e+01   3.3618291e+01  -3.3426363e+01   1.1705816e-01  -1.7843145e-02  -6.0248896e+00  -5.2876060e+00   1.3107327e+00   8.0598843e-01   3.3618291e+01   3.2395380e+01
  -6.0248896e+00  -5.2876060e+00   1.3107327e+00   8.0598843e-01   3.3618291e+01   3.2395380e+01  -3.1799676e+01   1.0887379e-01  -1.1636502e-02  -5.2876060e+00  -4.6785826e+00   8.0598843e-01   5.0004997e-01   3.2395380e+01   3.1296267e+01
  -5.2876060e+00  -4.6785826e+00   8.0598843e-01   5.0004997e-01   3.2395380e+01   3.1296267e+01  -3.0172261e+01   1.0096399e-01  -7.3966369e-03  -4.6785826e+00  -4.1166375e+00   5.0004997e-01   3.0158549e-01   3.1296267e+01   3.0196663e+01
  -4.6785826e+00  -4.1166375e+00   5.0004997e-01   3.0158549e-01   3.1296267e+01   3.0196663e+01  -2.8572038e+01   9.3449377e-02  -4.9027098e-03  -4.1166375e+00  -3.6081610e+00   3.0158549e-01   1.8929786e-01   3.0196663e+01   2.9115431e+01
  -4.1166375e+00  -3.6081610e+00   3.0158549e-01   1.8929786e-01   3.0196663e+01   2.9115431e+01  -2.7015764e+01   8.6456283e-02  -3.9236670e-03  -3.6081610e+00  -3.1563278e+00   1.8929786e-01   1.4324441e-01   2.9115431e+01   2.8063895e+01
  -3.6081610e+00  -3.1563278e+00   1.8929786e-01   1.4324441e-01   2.9115431e+01   2.8063895e+01  -2.5489139e+01   8.0004962e-02  -4.2542348e-03  -3.1563278e+00  -2.7557535e+00   1.4324441e-01   1.4653619e-01   2.8063895e+01   2.7032391e+01
  -3.1563278e+00  -2.7557535e+00   1.4324441e-01   1.4653619e-01   2.8063895e+01   2.7032391e+01  -2.4019531e+01   7.4291030e-02  -5.7532267e-03  -2.7557535e+00  -2.4113996e+00   1.4653619e-01   1.8674298e-01   2.7032391e+01   2.6039413e+01
  -2.7557535e+00  -2.4113996e+00   1.4653619e-01   1.8674298e-01   2.7032391e+01   2.6039413e+01  -2.2607520e+01   6.9392805e-02  -8.2777483e-03  -2.4113996e+00  -2.1199990e+00   1.8674298e-01   2.5289103e-01   2.6039413e+01   2.5085352e+01
  -2.4113996e+00  -2.1199990e+00   1.8674298e-01   2.5289103e-01   2.6039413e+01   2.5085352e+01  -2.1252216e+01   6.5371369e-02  -1.1726740e-02  -2.1199990e+00  -1.8774141e+00   2.5289103e-01   3.3678270e-01   2.5085352e+01   2.4169605e+01
  -2.1199990e+00  -1.8774141e+00   2.5289103e-01   3.3678270e-01   2.5085352e+01   2.4169605e+01  -1.9824597e+01   6.2014256e-02  -1.6533786e-02  -1.8774141e+00  -1.6613617e+00   3.3678270e-01   4.4294007e-01   2.4169605e+01   2.3204998e+01
  -1.8774141e+00  -1.6613617e+00   3.3678270e-01   4.4294007e-01   2.4169605e+01   2.3204998e+01  -1.8459980e+01   5.9843115e-02  -2.2403601e-02  -1.6613617e+00  -1.4928415e+00   4.4294007e-01   5.5887843e-01   2.3204998e+01   2.2282960e+01
  -1.6613617e+00  -1.4928415e+00   4.4294007e-01   5.5887843e-01   2.3204998e+01   2.2282960e+01  -1.7155639e+01   5.8940827e-02  -2.9405948e-02  -1.4928415e+00  -1.3664426e+00   5.5887843e-01   6.8172680e-01   2.2282960e+01   2.1401648e+01
  -1.4928415e+00  -1.3664426e+00   5.5887843e-01   6.8172680e-01   2.2282960e+01   2.1401648e+01  -1.5909224e+01   5.9385578e-02  -3.7705933e-02  -1.3664426e+00  -1.2767276e+00   6.8172680e-01   8.1063799e-01   2.1401648e+01   2.0559475e+01
  -1.3664426e+00  -1.2767276e+00   6.8172680e-01   8.1063799e-01   2.1401648e+01   2.0559475e+01  -1.4718826e+01   6.1273968e-02  -4.7576904e-02  -1.2767276e+00  -1.2187580e+00   8.1063799e-01   9.4631917e-01   2.0559475e+01   1.9755153e+01
  -1.2767276e+00  -1.2187580e+00   8.1063799e-01   9.4631917e-01   2.0559475e+01   1.9755153e+01  -1.3583010e+01   6.4801827e-02  -5.9363466e-02  -1.2187580e+00  -1.1894646e+00   9.4631917e-01   1.0896413e+00   1.9755153e+01   1.8987709e+01
  -1.2187580e+00  -1.1894646e+00   9.4631917e-01   1.0896413e+00   1.9755153e+01   1.8987709e+01  -1.2500905e+01   7.0218471e-02  -7.3548204e-02  -1.1894646e+00  -1.1862087e+00   1.0896413e+00   1.2424583e+00   1.8987709e+01   1.8256557e+01
  -1.1894646e+00  -1.1862087e+00   1.0896413e+00   1.2424583e+00   1.8987709e+01   1.8256557e+01  -1.1472117e+01   7.7824738e-02  -9.0796328e-02  -1.1862087e+00  -1.2065061e+00   1.2424583e+00   1.4076028e+00   1.8256557e+01   1.7561430e+01
  -1.1862087e+00  -1.2065061e+00   1.2424583e+00   1.4076028e+00   1.8256557e+01   1.7561430e+01  -1.0447591e+01   8.8633028e-02  -1.1321038e-01  -1.2065061e+00  -1.2513535e+00   1.4076028e+00   1.5983455e+00   1.7561430e+01   1.6869183e+01
  -1.2065061e+00  -1.2513535e+00   1.4076028e+00   1.5983455e+00   1.7561430e+01   1.6869183e+01  -9.4834333e+00   1.0299972e-01  -1.4125150e-01  -1.2513535e+00  -1.3199879e+00   1.5983455e+00   1.8102016e+00   1.6869183e+01   1.6217725e+01
  -1.2513535e+00  -1.3199879e+00   1.5983455e+00   1.8102016e+00   1.6869183e+01   1.6217725e+01  -8.5818042e+00   1.2179940e-01  -1.7656181e-01  -1.3199879e+00  -1.4125116e+00   1.8102016e+00   2.0475931e+00   1.6217725e+01   1.5608516e+01
  -1.3199879e+00  -1.4125116e+00   1.8102016e+00   2.0475931e+00   1.6217725e+01   1.5608516e+01  -7.7462216e+00   1.4610603e-01  -2.2124424e-01  -1.4125116e+00  -1.5294185e+00   2.0475931e+00   2.3159552e+00   1.5608516e+01   1.5043934e+01
  -1.4125116e+00  -1.5294185e+00   2.0475931e+00   2.3159552e+00   1.5608516e+01   1.5043934e+01  -6.8513285e+00   1.8369305e-01  -2.8956550e-01  -1.5294185e+00  -1.7007317e+00   2.3159552e+00   2.6809573e+00   1.5043934e+01   1.4439276e+01
  -1.5294185e+00  -1.7007317e+00   2.3159552e+00   2.6809573e+00   1.5043934e+01   1.4439276e+01  -6.0680526e+00   2.3313968e-01  -3.7896141e-01  -1.7007317e+00  -1.9117620e+00   2.6809573e+00   3.1075105e+00   1.4439276e+01   1.3910036e+01
  -1.7007317e+00  -1.9117620e+00   2.6809573e+00   3.1075105e+00   1.4439276e+01   1.3910036e+01  -5.4148694e+00   2.9619814e-01  -4.9293108e-01  -1.9117620e+00  -2.1673976e+00   3.1075105e+00   3.6069695e+00   1.3910036e+01   1.3468696e+01
  -1.9117620e+00  -2.1673976e+00   3.1075105e+00   3.6069695e+00   1.3910036e+01   1.3468696e+01  -4.9182386e+00   3.7219777e-01  -6.3065186e-01  -2.1673976e+00  -2.4737263e+00   3.6069695e+00   4.1914816e+00   1.3468696e+01   1.3133134e+01
  -2.1673976e+00  -2.4737263e+00   3.6069695e+00   4.1914816e+00   1.3468696e+01   1.3133134e+01  -4.5417163e+00   5.0653670e-01  -8.7343139e-01  -2.4737263e+00  -3.1088459e+00   4.1914816e+00   5.3606454e+00   1.3133134e+01   1.2878727e+01
  -2.4737263e+00  -3.1088459e+00   4.1914816e+00   5.3606454e+00   1.3133134e+01   1.2878727e+01  -4.9384636e+00   5.9047573e-01  -1.0272388e+00  -3.1088459e+00  -3.9405985e+00   5.3606454e+00   6.8553803e+00   1.2878727e+01   1.3146800e+01
  -3.1088459e+00  -3.9405985e+00   5.3606454e+00   6.8553803e+00   1.2878727e+01   1.3146800e+01  -6.4872075e+00   5.7002228e-01  -9.8916864e-01  -3.9405985e+00  -4.9970984e+00   6.8553803e+00   8.6715436e+00   1.3146800e+01   1.4193248e+01
  -3.9405985e+00  -4.9970984e+00   6.8553803e+00   8.6715436e+00   1.3146800e+01   1.4193248e+01  -9.7111182e+00   4.7901145e-01  -8.1207109e-01  -4.9970984e+00  -6.2861308e+00   8.6715436e+00   1.0656917e+01   1.4193248e+01   1.6371566e+01
  -4.9970984e+00  -6.2861308e+00   8.6715436e+00   1.0656917e+01   1.4193248e+01   1.6371566e+01  -1.2242704e+01   4.2545995e-01  -7.0478190e-01  -6.2861308e+00  -7.0388923e+00   1.0656917e+01   1.1660049e+01   1.6371566e+01   1.8082097e+01
  -6.2861308e+00  -7.0388923e+00   1.0656917e+01   1.1660049e+01   1.6371566e+01   1.8082097e+01  -1.5422132e+01   3.7529822e-01  -6.0159782e-01  -7.0388923e+00  -7.8214849e+00   1.1660049e+01   1.2537731e+01   1.8082097e+01   2.0230360e+01
  -7.0388923e+00  -7.8214849e+00   1.1660049e+01   1.2537731e+01   1.8082097e+01   2.0230360e+01  -1.9228817e+01   3.3105333e-01  -5.0735936e-01  -7.8214849e+00  -8.6023838e+00   1.2537731e+01   1.3183676e+01   2.0230360e+01   2.2802444e+01
  -7.8214849e+00  -8.6023838e+00   1.2537731e+01   1.3183676e+01   2.0230360e+01   2.2802444e+01  -2.3545969e+01   2.9343204e-01  -4.2375040e-01  -8.6023838e+00  -9.3366778e+00   1.3183676e+01   1.3483262e+01   2.2802444e+01   2.5719438e+01
  -8.6023838e+00  -9.3366778e+00   1.3183676e+01   1.3483262e+01   2.2802444e+01   2.5719438e+01  -2.8164397e+01   2.6199762e-01  -3.5007659e-01  -9.3366778e+00  -9.9716285e+00   1.3483262e+01   1.3323914e+01   2.5719438e+01   2.8839998e+01
  -9.3366778e+00  -9.9716285e+00   1.3483262e+01   1.3323914e+01   2.5719438e+01   2.8839998e+01  -3.2709955e+01   2.3620311e-01  -2.8591350e-01  -9.9716285e+00  -1.0440801e+01   1.3323914e+01   1.2638132e+01   2.8839998e+01   3.1911321e+01
  -9.9716285e+00  -1.0440801e+01   1.3323914e+01   1.2638132e+01   2.8839998e+01   3.1911321e+01  -3.6779651e+01   2.1499295e-01  -2.2995661e-01  -1.0440801e+01  -1.0685629e+01   1.2638132e+01   1.1429357e+01   3.1911321e+01   3.4661116e+01
  -1.0440801e+01  -1.0685629e+01   1.2638132e+01   1.1429357e+01   3.1911321e+01   3.4661116e+01  -4.0015203e+01   1.9732631e-01  -1.8079730e-01  -1.0685629e+01  -1.0670341e+01   1.1429357e+01   9.7765415e+00   3.4661116e+01   3.6847299e+01
  -1.0685629e+01  -1.0670341e+01   1.1429357e+01   9.7765415e+00   3.4661116e+01   3.6847299e+01  -4.1930433e+01   1.8407359e-01  -1.4266514e-01  -1.0670341e+01  -1.0430115e+01   9.7765415e+00   8.0837987e+00   3.6847299e+01   3.8141373e+01
  -1.0670341e+01  -1.0430115e+01   9.7765415e+00   8.0837987e+00   3.6847299e+01   3.8141373e+01  -4.2896254e+01   1.7226107e-01  -1.0907249e-01  -1.0430115e+01  -9.9856143e+00   8.0837987e+00   6.3227041e+00   3.8141373e+01   3.8793955e+01
