   0.0000000e+00   0.0000000e+00   0.0000000e+00   0.0000000e+00   0.0000000e+00   0.0000000e+00   1.3778164e+01   3.2223303e-02   5.3707480e-02   0.0000000e+00   5.9997019e-01   0.0000000e+00   9.9998709e-01   0.0000000e+00   5.0042992e-01
   0.0000000e+00   5.9997019e-01   0.0000000e+00   9.9998709e-01   0.0000000e+00   5.0042992e-01   1.3778164e+01   3.4908610e-02   5.3707459e-02   5.9997019e-01   6.4996830e-01   9.9998709e-01   9.9998671e-01   5.0042992e-01   5.0042994e-01
   5.9997019e-01   6.4996830e-01   9.9998709e-01   9.9998671e-01   5.0042992e-01   5.0042994e-01   1.3778164e+01   3.7593990e-02   5.3707424e-02   6.4996830e-01   6.9996779e-01   9.9998671e-01   9.9998610e-01   5.0042994e-01   5.0042956e-01
   6.4996830e-01   6.9996779e-01   9.9998671e-01   9.9998610e-01   5.0042994e-01   5.0042956e-01   1.3778164e+01   4.0279210e-02   5.3707433e-02   6.9996779e-01   7.4996427e-01   9.9998610e-01   9.9998623e-01   5.0042956e-01   5.0042977e-01
   6.9996779e-01   7.4996427e-01   9.9998610e-01   9.9998623e-01   5.0042956e-01   5.0042977e-01   1.3778164e+01   4.2964365e-02   5.3707465e-02   7.4996427e-01   7.9995956e-01   9.9998623e-01   9.9998686e-01   5.0042977e-01   5.0042948e-01
   7.4996427e-01   7.9995956e-01   9.9998623e-01   9.9998686e-01   5.0042977e-01   5.0042948e-01   1.3778165e+01   4.5649653e-02   5.3707471e-02   7.9995956e-01   8.4995735e-01   9.9998686e-01   9.9998699e-01   5.0042948e-01   5.0042930e-01
   7.9995956e-01   8.4995735e-01   9.9998686e-01   9.9998699e-01   5.0042948e-01   5.0042930e-01   1.3778165e+01   4.8335036e-02   5.3707460e-02   8.4995735e-01   8.9995689e-01   9.9998699e-01   9.9998684e-01   5.0042930e-01   5.0042897e-01
   8.4995735e-01   8.9995689e-01   9.9998699e-01   9.9998684e-01   5.0042930e-01   5.0042897e-01   1.3778165e+01   5.1020345e-02   5.3707427e-02   8.9995689e-01   9.4995506e-01   9.9998684e-01   9.9998622e-01   5.0042897e-01   5.0042886e-01
   8.9995689e-01   9.4995506e-01   9.9998684e-01   9.9998622e-01   5.0042897e-01   5.0042886e-01   1.3778166e+01   5.3705575e-02   5.3707434e-02   9.4995506e-01   9.9995177e-01   9.9998622e-01   9.9998638e-01   5.0042886e-01   5.0042867e-01
   9.4995506e-01   9.9995177e-01   9.9998622e-01   9.9998638e-01   5.0042886e-01   5.0042867e-01   1.3778165e+01   5.6390913e-02   5.3707454e-02   9.9995177e-01   1.0499504e+00   9.9998638e-01   9.9998673e-01   5.0042867e-01   5.0042893e-01
   9.9995177e-01   1.0499504e+00   9.9998638e-01   9.9998673e-01   5.0042867e-01   5.0042893e-01   1.3778165e+01   5.9076226e-02   5.3707289e-02   1.0499504e+00   1.0999486e+00   9.9998673e-01   9.9998362e-01   5.0042893e-01   5.0042912e-01
   1.0499504e+00   1.0999486e+00   9.9998673e-01   9.9998362e-01   5.0042893e-01   5.0042912e-01   1.3778166e+01   6.1761512e-02   5.3707345e-02   1.0999486e+00   1.1499464e+00   9.9998362e-01   9.9998473e-01   5.0042912e-01   5.0042863e-01
   1.0999486e+00   1.1499464e+00   9.9998362e-01   9.9998473e-01   5.0042912e-01   5.0042863e-01   1.3778166e+01   6.4446851e-02   5.3707335e-02   1.1499464e+00   1.1999452e+00   9.9998473e-01   9.9998459e-01   5.0042863e-01   5.0042822e-01
   1.1499464e+00   1.1999452e+00   9.9998473e-01   9.9998459e-01   5.0042863e-01   5.0042822e-01   1.3778167e+01   6.7131992e-02   5.3707436e-02   1.1999452e+00   1.2499403e+00   9.9998459e-01   9.9998651e-01   5.0042822e-01   5.0042781e-01
   1.1999452e+00   1.2499403e+00   9.9998459e-01   9.9998651e-01   5.0042822e-01   5.0042781e-01   1.3778167e+01   6.9817304e-02   5.3707409e-02   1.2499403e+00   1.2999384e+00   9.9998651e-01   9.9998598e-01   5.0042781e-01   5.0042801e-01
   1.2499403e+00   1.2999384e+00   9.9998651e-01   9.9998598e-01   5.0042781e-01   5.0042801e-01   1.3778167e+01   7.2502556e-02   5.3707451e-02   1.2999384e+00   1.3499356e+00   9.9998598e-01   9.9998681e-01   5.0042801e-01   5.0042753e-01
   1.2999384e+00   1.3499356e+00   9.9998598e-01   9.9998681e-01   5.0042801e-01   5.0042753e-01   1.3778167e+01   7.5187823e-02   5.3707433e-02   1.3499356e+00   1.3999330e+00   9.9998681e-01   9.9998649e-01   5.0042753e-01   5.0042753e-01
   1.3499356e+00   1.3999330e+00   9.9998681e-01   9.9998649e-01   5.0042753e-01   5.0042753e-01   1.3778167e+01   7.7873119e-02   5.3707433e-02   1.3999330e+00   1.4499309e+00   9.9998649e-01   9.9998649e-01   5.0042753e-01   5.0042748e-01
   1.3999330e+00   1.4499309e+00   9.9998649e-01   9.9998649e-01   5.0042753e-01   5.0042748e-01   1.3778168e+01   8.0558374e-02   5.3707435e-02   1.4499309e+00   1.4999281e+00   9.9998649e-01   9.9998654e-01   5.0042748e-01   5.0042726e-01
   1.4499309e+00   1.4999281e+00   9.9998649e-01   9.9998654e-01   5.0042748e-01   5.0042726e-01   1.3778167e+01   8.3243600e-02   5.3707386e-02   1.4999281e+00   1.5499247e+00   9.9998654e-01   9.9998563e-01   5.0042726e-01   5.0042738e-01
   1.4999281e+00   1.5499247e+00   9.9998654e-01   9.9998563e-01   5.0042726e-01   5.0042738e-01   1.3778168e+01   8.5928927e-02   5.3707428e-02   1.5499247e+00   1.5999232e+00   9.9998563e-01   9.9998645e-01   5.0042738e-01   5.0042698e-01
   1.5499247e+00   1.5999232e+00   9.9998563e-01   9.9998645e-01   5.0042738e-01   5.0042698e-01   1.3778168e+01   8.8614206e-02   5.3707436e-02   1.5999232e+00   1.6499209e+00   9.9998645e-01   9.9998660e-01   5.0042698e-01   5.0042690e-01
   1.5999232e+00   1.6499209e+00   9.9998645e-01   9.9998660e-01   5.0042698e-01   5.0042690e-01   1.3778168e+01   9.1299475e-02   5.3707426e-02   1.6499209e+00   1.6999183e+00   9.9998660e-01   9.9998644e-01   5.0042690e-01   5.0042670e-01
   1.6499209e+00   1.6999183e+00   9.9998660e-01   9.9998644e-01   5.0042690e-01   5.0042670e-01   1.3778169e+01   9.3984765e-02   5.3707429e-02   1.6999183e+00   1.7499161e+00   9.9998644e-01   9.9998651e-01   5.0042670e-01   5.0042650e-01
   1.6999183e+00   1.7499161e+00   9.9998644e-01   9.9998651e-01   5.0042670e-01   5.0042650e-01   1.3778169e+01   9.6670037e-02   5.3707432e-02   1.7499161e+00   1.7999137e+00   9.9998651e-01   9.9998659e-01   5.0042650e-01   5.0042639e-01
   1.7499161e+00   1.7999137e+00   9.9998651e-01   9.9998659e-01   5.0042650e-01   5.0042639e-01   1.3778170e+01   9.9355268e-02   5.3707516e-02   1.7999137e+00   1.8499106e+00   9.9998659e-01   9.9998825e-01   5.0042639e-01   5.0042537e-01
   1.7999137e+00   1.8499106e+00   9.9998659e-01   9.9998825e-01   5.0042639e-01   5.0042537e-01   1.3778170e+01   1.0204061e-01   5.3707429e-02   1.8499106e+00   1.8999091e+00   9.9998825e-01   9.9998657e-01   5.0042537e-01   5.0042598e-01
   1.8499106e+00   1.8999091e+00   9.9998825e-01   9.9998657e-01   5.0042537e-01   5.0042598e-01   1.3778169e+01   1.0472593e-01   5.3707423e-02   1.8999091e+00   1.9499076e+00   9.9998657e-01   9.9998641e-01   5.0042598e-01   5.0042645e-01
   1.8999091e+00   1.9499076e+00   9.9998657e-01   9.9998641e-01   5.0042598e-01   5.0042645e-01   1.3778170e+01   1.0741115e-01   5.3707424e-02   1.9499076e+00   1.9999042e+00   9.9998641e-01   9.9998650e-01   5.0042645e-01   5.0042575e-01
   1.9499076e+00   1.9999042e+00   9.9998641e-01   9.9998650e-01   5.0042645e-01   5.0042575e-01   1.3778171e+01   1.1009641e-01   5.3707427e-02   1.9999042e+00   2.0499016e+00   9.9998650e-01   9.9998662e-01   5.0042575e-01   5.0042522e-01
   1.9999042e+00   2.0499016e+00   9.9998650e-01   9.9998662e-01   5.0042575e-01   5.0042522e-01   1.3778170e+01   1.1278168e-01   5.3707356e-02   2.0499016e+00   2.0998989e+00   9.9998662e-01   9.9998524e-01   5.0042522e-01   5.0042567e-01
   2.0499016e+00   2.0998989e+00   9.9998662e-01   9.9998524e-01   5.0042522e-01   5.0042567e-01   1.3778171e+01   1.1546698e-01   5.3707418e-02   2.0998989e+00   2.1498969e+00   9.9998524e-01   9.9998646e-01   5.0042567e-01   5.0042513e-01
   2.0998989e+00   2.1498969e+00   9.9998524e-01   9.9998646e-01   5.0042567e-01   5.0042513e-01   1.3778171e+01   1.1815227e-01   5.3707422e-02   2.1498969e+00   2.1998947e+00   9.9998646e-01   9.9998653e-01   5.0042513e-01   5.0042514e-01
   2.1498969e+00   2.1998947e+00   9.9998646e-01   9.9998653e-01   5.0042513e-01   5.0042514e-01   1.3778171e+01   1.2083757e-01   5.3707428e-02   2.1998947e+00   2.2498928e+00   9.9998653e-01   9.9998666e-01   5.0042514e-01   5.0042498e-01
   2.1998947e+00   2.2498928e+00   9.9998653e-01   9.9998666e-01   5.0042514e-01   5.0042498e-01   1.3778171e+01   1.2352279e-01   5.3707425e-02   2.2498928e+00   2.2998894e+00   9.9998666e-01   9.9998660e-01   5.0042498e-01   5.0042497e-01
   2.2498928e+00   2.2998894e+00   9.9998666e-01   9.9998660e-01   5.0042498e-01   5.0042497e-01   1.3778171e+01   1.2620808e-01   5.3707419e-02   2.2998894e+00   2.3498873e+00   9.9998660e-01   9.9998651e-01   5.0042497e-01   5.0042475e-01
   2.2998894e+00   2.3498873e+00   9.9998660e-01   9.9998651e-01   5.0042497e-01   5.0042475e-01   1.3778172e+01   1.2889336e-01   5.3707419e-02   2.3498873e+00   2.3998850e+00   9.9998651e-01   9.9998654e-01   5.0042475e-01   5.0042455e-01
   2.3498873e+00   2.3998850e+00   9.9998651e-01   9.9998654e-01   5.0042475e-01   5.0042455e-01   1.3778172e+01   1.3157864e-01   5.3707418e-02   2.3998850e+00   2.4498826e+00   9.9998654e-01   9.9998653e-01   5.0042455e-01   5.0042440e-01
   2.3998850e+00   2.4498826e+00   9.9998654e-01   9.9998653e-01   5.0042455e-01   5.0042440e-01   1.3778172e+01   1.3426392e-01   5.3707405e-02   2.4498826e+00   2.4998802e+00   9.9998653e-01   9.9998629e-01   5.0042440e-01   5.0042449e-01
   2.4498826e+00   2.4998802e+00   9.9998653e-01   9.9998629e-01   5.0042440e-01   5.0042449e-01   1.3778173e+01   1.3694931e-01   5.3707424e-02   2.4998802e+00   2.5498800e+00   9.9998629e-01   9.9998670e-01   5.0042449e-01   5.0042397e-01
   2.4998802e+00   2.5498800e+00   9.9998629e-01   9.9998670e-01   5.0042449e-01   5.0042397e-01   1.3778173e+01   1.3963447e-01   5.3707416e-02   2.5498800e+00   2.5998755e+00   9.9998670e-01   9.9998655e-01   5.0042397e-01   5.0042398e-01
   2.5498800e+00   2.5998755e+00   9.9998670e-01   9.9998655e-01   5.0042397e-01   5.0042398e-01   1.3778172e+01   1.4231975e-01   5.3707398e-02   2.5998755e+00   2.6498730e+00   9.9998655e-01   9.9998614e-01   5.0042398e-01   5.0042463e-01
   2.5998755e+00   2.6498730e+00   9.9998655e-01   9.9998614e-01   5.0042398e-01   5.0042463e-01   1.3778173e+01   1.4500502e-01   5.3707412e-02   2.6498730e+00   2.6998707e+00   9.9998614e-01   9.9998650e-01   5.0042463e-01   5.0042358e-01
   2.6498730e+00   2.6998707e+00   9.9998614e-01   9.9998650e-01   5.0042463e-01   5.0042358e-01   1.3778173e+01   1.4769033e-01   5.3707415e-02   2.6998707e+00   2.7498688e+00   9.9998650e-01   9.9998658e-01   5.0042358e-01   5.0042346e-01
   2.6998707e+00   2.7498688e+00   9.9998650e-01   9.9998658e-01   5.0042358e-01   5.0042346e-01   1.3778174e+01   1.5037557e-01   5.3707408e-02   2.7498688e+00   2.7998658e+00   9.9998658e-01   9.9998647e-01   5.0042346e-01   5.0042317e-01
   2.7498688e+00   2.7998658e+00   9.9998658e-01   9.9998647e-01   5.0042346e-01   5.0042317e-01   1.3778174e+01   1.5306085e-01   5.3707410e-02   2.7998658e+00   2.8498635e+00   9.9998647e-01   9.9998652e-01   5.0042317e-01   5.0042321e-01
   2.7998658e+00   2.8498635e+00   9.9998647e-01   9.9998652e-01   5.0042317e-01   5.0042321e-01   1.3778174e+01   1.5574613e-01   5.3707410e-02   2.8498635e+00   2.8998611e+00   9.9998652e-01   9.9998654e-01   5.0042321e-01   5.0042305e-01
   2.8498635e+00   2.8998611e+00   9.9998652e-01   9.9998654e-01   5.0042321e-01   5.0042305e-01   1.3778174e+01   1.5843140e-01   5.3707407e-02   2.8998611e+00   2.9498586e+00   9.9998654e-01   9.9998649e-01   5.0042305e-01   5.0042287e-01
   2.8998611e+00   2.9498586e+00   9.9998654e-01   9.9998649e-01   5.0042305e-01   5.0042287e-01   1.3778174e+01   1.6111666e-01   5.3707404e-02   2.9498586e+00   2.9998560e+00   9.9998649e-01   9.9998645e-01   5.0042287e-01   5.0042277e-01
   2.9498586e+00   2.9998560e+00   9.9998649e-01   9.9998645e-01   5.0042287e-01   5.0042277e-01   1.3778175e+01   1.6380195e-01   5.3707406e-02   2.9998560e+00   3.0498539e+00   9.9998645e-01   9.9998651e-01   5.0042277e-01   5.0042253e-01
   2.9998560e+00   3.0498539e+00   9.9998645e-01   9.9998651e-01   5.0042277e-01   5.0042253e-01   1.3778174e+01   1.6648728e-01   5.3707414e-02   3.0498539e+00   3.0998524e+00   9.9998651e-01   9.9998664e-01   5.0042253e-01   5.0042281e-01
   3.0498539e+00   3.0998524e+00   9.9998651e-01   9.9998664e-01   5.0042253e-01   5.0042281e-01   1.3778175e+01   1.6917250e-01   5.3707411e-02   3.0998524e+00   3.1498491e+00   9.9998664e-01   9.9998664e-01   5.0042281e-01   5.0042221e-01
   3.0998524e+00   3.1498491e+00   9.9998664e-01   9.9998664e-01   5.0042281e-01   5.0042221e-01   1.3778175e+01   1.7185775e-01   5.3707421e-02   3.1498491e+00   3.1998463e+00   9.9998664e-01   9.9998684e-01   5.0042221e-01   5.0042211e-01
   3.1498491e+00   3.1998463e+00   9.9998664e-01   9.9998684e-01   5.0042221e-01   5.0042211e-01   1.3778175e+01   1.7454305e-01   5.3707406e-02   3.1998463e+00   3.2498443e+00   9.9998684e-01   9.9998658e-01   5.0042211e-01   5.0042196e-01
   3.1998463e+00   3.2498443e+00   9.9998684e-01   9.9998658e-01   5.0042211e-01   5.0042196e-01   1.3778175e+01   1.7722836e-01   5.3707395e-02   3.2498443e+00   3.2998424e+00   9.9998658e-01   9.9998637e-01   5.0042196e-01   5.0042201e-01
   3.2498443e+00   3.2998424e+00   9.9998658e-01   9.9998637e-01   5.0042196e-01   5.0042201e-01   1.3778176e+01   1.7991360e-01   5.3707395e-02   3.2998424e+00   3.3498395e+00   9.9998637e-01   9.9998640e-01   5.0042201e-01   5.0042167e-01
   3.2998424e+00   3.3498395e+00   9.9998637e-01   9.9998640e-01   5.0042201e-01   5.0042167e-01   1.3778176e+01   1.8259888e-01   5.3707404e-02   3.3498395e+00   3.3998373e+00   9.9998640e-01   9.9998657e-01   5.0042167e-01   5.0042157e-01
   3.3498395e+00   3.3998373e+00   9.9998640e-01   9.9998657e-01   5.0042167e-01   5.0042157e-01   1.3778176e+01   1.8528415e-01   5.3707401e-02   3.3998373e+00   3.4498347e+00   9.9998657e-01   9.9998654e-01   5.0042157e-01   5.0042140e-01
   3.3998373e+00   3.4498347e+00   9.9998657e-01   9.9998654e-01   5.0042157e-01   5.0042140e-01   1.3778177e+01   1.8796940e-01   5.3707398e-02   3.4498347e+00   3.4998321e+00   9.9998654e-01   9.9998655e-01   5.0042140e-01   5.0042086e-01
   3.4498347e+00   3.4998321e+00   9.9998654e-01   9.9998655e-01   5.0042140e-01   5.0042086e-01   1.3778177e+01   1.9065470e-01   5.3707395e-02   3.4998321e+00   3.5498299e+00   9.9998655e-01   9.9998648e-01   5.0042086e-01   5.0042100e-01
   3.4998321e+00   3.5498299e+00   9.9998655e-01   9.9998648e-01   5.0042086e-01   5.0042100e-01   1.3778177e+01   1.9333998e-01   5.3707398e-02   3.5498299e+00   3.5998276e+00   9.9998648e-01   9.9998653e-01   5.0042100e-01   5.0042093e-01
   3.5498299e+00   3.5998276e+00   9.9998648e-01   9.9998653e-01   5.0042100e-01   5.0042093e-01   1.3778177e+01   1.9602525e-01   5.3707392e-02   3.5998276e+00   3.6498251e+00   9.9998653e-01   9.9998644e-01   5.0042093e-01   5.0042081e-01
   3.5998276e+00   3.6498251e+00   9.9998653e-01   9.9998644e-01   5.0042093e-01   5.0042081e-01   1.3778178e+01   1.9871054e-01   5.3707401e-02   3.6498251e+00   3.6998231e+00   9.9998644e-01   9.9998665e-01   5.0042081e-01   5.0042042e-01
   3.6498251e+00   3.6998231e+00   9.9998644e-01   9.9998665e-01   5.0042081e-01   5.0042042e-01   1.3778178e+01   2.0139587e-01   5.3707397e-02   3.6998231e+00   3.7498220e+00   9.9998665e-01   9.9998662e-01   5.0042042e-01   5.0042008e-01
   3.6998231e+00   3.7498220e+00   9.9998665e-01   9.9998662e-01   5.0042042e-01   5.0042008e-01   1.3778178e+01   2.0408106e-01   5.3707401e-02   3.7498220e+00   3.7998177e+00   9.9998662e-01   9.9998666e-01   5.0042008e-01   5.0042036e-01
   3.7498220e+00   3.7998177e+00   9.9998662e-01   9.9998666e-01   5.0042008e-01   5.0042036e-01   1.3778178e+01   2.0676635e-01   5.3707393e-02   3.7998177e+00   3.8498156e+00   9.9998666e-01   9.9998652e-01   5.0042036e-01   5.0042016e-01
   3.7998177e+00   3.8498156e+00   9.9998666e-01   9.9998652e-01   5.0042036e-01   5.0042016e-01   1.3778178e+01   2.0945159e-01   5.3707400e-02   3.8498156e+00   3.8998125e+00   9.9998652e-01   9.9998666e-01   5.0042016e-01   5.0042017e-01
   3.8498156e+00   3.8998125e+00   9.9998652e-01   9.9998666e-01   5.0042016e-01   5.0042017e-01   1.3778179e+01   2.1213689e-01   5.3707392e-02   3.8998125e+00   3.9498108e+00   9.9998666e-01   9.9998653e-01   5.0042017e-01   5.0041987e-01
   3.8998125e+00   3.9498108e+00   9.9998666e-01   9.9998653e-01   5.0042017e-01   5.0041987e-01   1.3778179e+01   2.1482217e-01   5.3707388e-02   3.9498108e+00   3.9998085e+00   9.9998653e-01   9.9998649e-01   5.0041987e-01   5.0041972e-01
   3.9498108e+00   3.9998085e+00   9.9998653e-01   9.9998649e-01   5.0041987e-01   5.0041972e-01   1.3778179e+01   2.1750744e-01   5.3707393e-02   3.9998085e+00   4.0498061e+00   9.9998649e-01   9.9998660e-01   5.0041972e-01   5.0041954e-01
   3.9998085e+00   4.0498061e+00   9.9998649e-01   9.9998660e-01   5.0041972e-01   5.0041954e-01   1.3778179e+01   2.2019272e-01   5.3707390e-02   4.0498061e+00   4.0998037e+00   9.9998660e-01   9.9998656e-01   5.0041954e-01   5.0041934e-01
   4.0498061e+00   4.0998037e+00   9.9998660e-01   9.9998656e-01   5.0041954e-01   5.0041934e-01   1.3778180e+01   2.2287796e-01   5.3707400e-02   4.0998037e+00   4.1498008e+00   9.9998656e-01   9.9998676e-01   5.0041934e-01   5.0041923e-01
   4.0998037e+00   4.1498008e+00   9.9998656e-01   9.9998676e-01   5.0041934e-01   5.0041923e-01   1.3778180e+01   2.2556327e-01   5.3707398e-02   4.1498008e+00   4.1997989e+00   9.9998676e-01   9.9998674e-01   5.0041923e-01   5.0041908e-01
   4.1498008e+00   4.1997989e+00   9.9998676e-01   9.9998674e-01   5.0041923e-01   5.0041908e-01   1.3778180e+01   2.2824856e-01   5.3707398e-02   4.1997989e+00   4.2497969e+00   9.9998674e-01   9.9998675e-01   5.0041908e-01   5.0041903e-01
   4.1997989e+00   4.2497969e+00   9.9998674e-01   9.9998675e-01   5.0041908e-01   5.0041903e-01   1.3778180e+01   2.3093380e-01   5.3707388e-02   4.2497969e+00   4.2997940e+00   9.9998675e-01   9.9998658e-01   5.0041903e-01   5.0041875e-01
   4.2497969e+00   4.2997940e+00   9.9998675e-01   9.9998658e-01   5.0041903e-01   5.0041875e-01   1.3778180e+01   2.3361909e-01   5.3707386e-02   4.2997940e+00   4.3497917e+00   9.9998658e-01   9.9998654e-01   5.0041875e-01   5.0041872e-01
   4.2997940e+00   4.3497917e+00   9.9998658e-01   9.9998654e-01   5.0041875e-01   5.0041872e-01   1.3778181e+01   2.3630441e-01   5.3707368e-02   4.3497917e+00   4.3997903e+00   9.9998654e-01   9.9998624e-01   5.0041872e-01   5.0041847e-01
   4.3497917e+00   4.3997903e+00   9.9998654e-01   9.9998624e-01   5.0041872e-01   5.0041847e-01   1.3778181e+01   2.3898963e-01   5.3707380e-02   4.3997903e+00   4.4497869e+00   9.9998624e-01   9.9998647e-01   5.0041847e-01   5.0041834e-01
   4.3997903e+00   4.4497869e+00   9.9998624e-01   9.9998647e-01   5.0041847e-01   5.0041834e-01   1.3778181e+01   2.4167491e-01   5.3707380e-02   4.4497869e+00   4.4997848e+00   9.9998647e-01   9.9998652e-01   5.0041834e-01   5.0041802e-01
   4.4497869e+00   4.4997848e+00   9.9998647e-01   9.9998652e-01   5.0041834e-01   5.0041802e-01   1.3778181e+01   2.4436017e-01   5.3707380e-02   4.4997848e+00   4.5497821e+00   9.9998652e-01   9.9998652e-01   5.0041802e-01   5.0041802e-01
   4.4997848e+00   4.5497821e+00   9.9998652e-01   9.9998652e-01   5.0041802e-01   5.0041802e-01   1.3778181e+01   2.4704549e-01   5.3707348e-02   4.5497821e+00   4.5997802e+00   9.9998652e-01   9.9998587e-01   5.0041802e-01   5.0041852e-01
   4.5497821e+00   4.5997802e+00   9.9998652e-01   9.9998587e-01   5.0041802e-01   5.0041852e-01   1.3778182e+01   2.4973072e-01   5.3707376e-02   4.5997802e+00   4.6497773e+00   9.9998587e-01   9.9998647e-01   5.0041852e-01   5.0041776e-01
   4.5997802e+00   4.6497773e+00   9.9998587e-01   9.9998647e-01   5.0041852e-01   5.0041776e-01   1.3778182e+01   2.5241599e-01   5.3707376e-02   4.6497773e+00   4.6997750e+00   9.9998647e-01   9.9998650e-01   5.0041776e-01   5.0041756e-01
   4.6497773e+00   4.6997750e+00   9.9998647e-01   9.9998650e-01   5.0041776e-01   5.0041756e-01   1.3778181e+01   2.5510130e-01   5.3707336e-02   4.6997750e+00   4.7497728e+00   9.9998650e-01   9.9998567e-01   5.0041756e-01   5.0041823e-01
   4.6997750e+00   4.7497728e+00   9.9998650e-01   9.9998567e-01   5.0041756e-01   5.0041823e-01   1.3778182e+01   2.5778654e-01   5.3707375e-02   4.7497728e+00   4.7997702e+00   9.9998567e-01   9.9998650e-01   5.0041823e-01   5.0041729e-01
   4.7497728e+00   4.7997702e+00   9.9998567e-01   9.9998650e-01   5.0041823e-01   5.0041729e-01   1.3778182e+01   2.6047182e-01   5.3707364e-02   4.7997702e+00   4.8497679e+00   9.9998650e-01   9.9998629e-01   5.0041729e-01   5.0041733e-01
   4.7997702e+00   4.8497679e+00   9.9998650e-01   9.9998629e-01   5.0041729e-01   5.0041733e-01   1.3778183e+01   2.6315708e-01   5.3707381e-02   4.8497679e+00   4.8997654e+00   9.9998629e-01   9.9998663e-01   5.0041733e-01   5.0041713e-01
   4.8497679e+00   4.8997654e+00   9.9998629e-01   9.9998663e-01   5.0041733e-01   5.0041713e-01   1.3778183e+01   2.6584235e-01   5.3707376e-02   4.8997654e+00   4.9497630e+00   9.9998663e-01   9.9998657e-01   5.0041713e-01   5.0041683e-01
   4.8997654e+00   4.9497630e+00   9.9998663e-01   9.9998657e-01   5.0041713e-01   5.0041683e-01   1.3778183e+01   2.6852762e-01   5.3707373e-02   4.9497630e+00   4.9997606e+00   9.9998657e-01   9.9998653e-01   5.0041683e-01   5.0041663e-01
   4.9497630e+00   4.9997606e+00   9.9998657e-01   9.9998653e-01   5.0041683e-01   5.0041663e-01   1.3778184e+01   2.6852763e-01   5.3707399e-02   4.9997606e+00   4.9997608e+00   9.9998653e-01   9.9998704e-01   5.0041663e-01   5.0041653e-01
   4.9997606e+00   4.9997608e+00   9.9998653e-01   9.9998704e-01   5.0041663e-01   5.0041653e-01   1.3778184e+01   2.6852762e-01   5.3707371e-02   4.9997608e+00   4.9997606e+00   9.9998704e-01   9.9998652e-01   5.0041653e-01   5.0041639e-01
   4.9997608e+00   4.9997606e+00   9.9998704e-01   9.9998652e-01   5.0041653e-01   5.0041639e-01   1.3778184e+01   2.6852762e-01   5.3707381e-02   4.9997606e+00   4.9997606e+00   9.9998652e-01   9.9998670e-01   5.0041639e-01   5.0041637e-01
   4.9997606e+00   4.9997606e+00   9.9998652e-01   9.9998670e-01   5.0041639e-01   5.0041637e-01   1.3778184e+01   2.6852762e-01   5.3707380e-02   4.9997606e+00   4.9997606e+00   9.9998670e-01   9.9998669e-01   5.0041637e-01   5.0041630e-01
   4.9997606e+00   4.9997606e+00   9.9998670e-01   9.9998669e-01   5.0041637e-01   5.0041630e-01   1.3778184e+01   2.6852762e-01   5.3707374e-02   4.9997606e+00   4.9997607e+00   9.9998669e-01   9.9998658e-01   5.0041630e-01   5.0041635e-01
   4.9997606e+00   4.9997607e+00   9.9998669e-01   9.9998658e-01   5.0041630e-01   5.0041635e-01   1.3778184e+01   2.6852759e-01   5.3707434e-02   4.9997607e+00   4.9997601e+00   9.9998658e-01   9.9998767e-01   5.0041635e-01   5.0041651e-01
   4.9997607e+00   4.9997601e+00   9.9998658e-01   9.9998767e-01   5.0041635e-01   5.0041651e-01   1.3778184e+01   2.6852762e-01   5.3707371e-02   4.9997601e+00   4.9997606e+00   9.9998767e-01   9.9998653e-01   5.0041651e-01   5.0041637e-01
   4.9997601e+00   4.9997606e+00   9.9998767e-01   9.9998653e-01   5.0041651e-01   5.0041637e-01   1.3778184e+01   2.6852763e-01   5.3707364e-02   4.9997606e+00   4.9997608e+00   9.9998653e-01   9.9998638e-01   5.0041637e-01   5.0041643e-01
   4.9997606e+00   4.9997608e+00   9.9998653e-01   9.9998638e-01   5.0041637e-01   5.0041643e-01   1.3778184e+01   2.6852761e-01   5.3707364e-02   4.9997608e+00   4.9997606e+00   9.9998638e-01   9.9998642e-01   5.0041643e-01   5.0041610e-01
   4.9997608e+00   4.9997606e+00   9.9998638e-01   9.9998642e-01   5.0041643e-01   5.0041610e-01   1.3778182e+01   2.6852766e-01   1.0741349e-01   4.9997606e+00   4.9997606e+00   9.9998642e-01   1.9999494e+00   5.0041610e-01   5.0041770e-01
   4.9997606e+00   4.9997606e+00   9.9998642e-01   1.9999494e+00   5.0041610e-01   5.0041770e-01   1.3778182e+01   2.6584235e-01   1.0741347e-01   4.9997606e+00   4.9497626e+00   1.9999494e+00   1.9999491e+00   5.0041770e-01   5.0041757e-01
   4.9997606e+00   4.9497626e+00   1.9999494e+00   1.9999491e+00   5.0041770e-01   5.0041757e-01   1.3778179e+01   2.6315716e-01   1.0741362e-01   4.9497626e+00   4.8997656e+00   1.9999491e+00   1.9999516e+00   5.0041757e-01   5.0041936e-01
   4.9497626e+00   4.8997656e+00   1.9999491e+00   1.9999516e+00   5.0041757e-01   5.0041936e-01   1.3778180e+01   2.6047180e-01   1.0741366e-01   4.8997656e+00   4.8497667e+00   1.9999516e+00   1.9999523e+00   5.0041936e-01   5.0041885e-01
   4.8997656e+00   4.8497667e+00   1.9999516e+00   1.9999523e+00   5.0041936e-01   5.0041885e-01   1.3778178e+01   2.5778666e-01   1.0741367e-01   4.8497667e+00   4.7997710e+00   1.9999523e+00   1.9999522e+00   5.0041885e-01   5.0042011e-01
   4.8497667e+00   4.7997710e+00   1.9999523e+00   1.9999522e+00   5.0041885e-01   5.0042011e-01   1.3778179e+01   2.5510133e-01   1.0741363e-01   4.7997710e+00   4.7497727e+00   1.9999522e+00   1.9999517e+00   5.0042011e-01   5.0041963e-01
   4.7997710e+00   4.7497727e+00   1.9999522e+00   1.9999517e+00   5.0042011e-01   5.0041963e-01   1.3778179e+01   2.5241604e-01   1.0741362e-01   4.7497727e+00   4.6997751e+00   1.9999517e+00   1.9999516e+00   5.0041963e-01   5.0041932e-01
   4.7497727e+00   4.6997751e+00   1.9999517e+00   1.9999516e+00   5.0041963e-01   5.0041932e-01   1.3778179e+01   2.4973078e-01   1.0741362e-01   4.6997751e+00   4.6497774e+00   1.9999516e+00   1.9999514e+00   5.0041932e-01   5.0041991e-01
   4.6997751e+00   4.6497774e+00   1.9999516e+00   1.9999514e+00   5.0041932e-01   5.0041991e-01   1.3778178e+01   2.4704551e-01   1.0741363e-01   4.6497774e+00   4.5997798e+00   1.9999514e+00   1.9999515e+00   5.0041991e-01   5.0042005e-01
   4.6497774e+00   4.5997798e+00   1.9999514e+00   1.9999515e+00   5.0041991e-01   5.0042005e-01   1.3778178e+01   2.4436017e-01   1.0741358e-01   4.5997798e+00   4.5497810e+00   1.9999515e+00   1.9999507e+00   5.0042005e-01   5.0041997e-01
   4.5997798e+00   4.5497810e+00   1.9999515e+00   1.9999507e+00   5.0042005e-01   5.0041997e-01   1.3778178e+01   2.4167495e-01   1.0741363e-01   4.5497810e+00   4.4997845e+00   1.9999507e+00   1.9999515e+00   5.0041997e-01   5.0042024e-01
   4.5497810e+00   4.4997845e+00   1.9999507e+00   1.9999515e+00   5.0041997e-01   5.0042024e-01   1.3778178e+01   2.3898968e-01   1.0741362e-01   4.4997845e+00   4.4497869e+00   1.9999515e+00   1.9999513e+00   5.0042024e-01   5.0042043e-01
   4.4997845e+00   4.4497869e+00   1.9999515e+00   1.9999513e+00   5.0042024e-01   5.0042043e-01   1.3778177e+01   2.3630444e-01   1.0741362e-01   4.4497869e+00   4.3997897e+00   1.9999513e+00   1.9999512e+00   5.0042043e-01   5.0042089e-01
   4.4497869e+00   4.3997897e+00   1.9999513e+00   1.9999512e+00   5.0042043e-01   5.0042089e-01   1.3778177e+01   2.3361913e-01   1.0741364e-01   4.3997897e+00   4.3497917e+00   1.9999512e+00   1.9999515e+00   5.0042089e-01   5.0042071e-01
   4.3997897e+00   4.3497917e+00   1.9999512e+00   1.9999515e+00   5.0042089e-01   5.0042071e-01   1.3778177e+01   2.3093387e-01   1.0741363e-01   4.3497917e+00   4.2997943e+00   1.9999515e+00   1.9999514e+00   5.0042071e-01   5.0042088e-01
   4.3497917e+00   4.2997943e+00   1.9999515e+00   1.9999514e+00   5.0042071e-01   5.0042088e-01   1.3778177e+01   2.2824859e-01   1.0741364e-01   4.2997943e+00   4.2497964e+00   1.9999514e+00   1.9999516e+00   5.0042088e-01   5.0042122e-01
   4.2997943e+00   4.2497964e+00   1.9999514e+00   1.9999516e+00   5.0042088e-01   5.0042122e-01   1.3778177e+01   2.2556331e-01   1.0741364e-01   4.2497964e+00   4.1997989e+00   1.9999516e+00   1.9999515e+00   5.0042122e-01   5.0042117e-01
   4.2497964e+00   4.1997989e+00   1.9999516e+00   1.9999515e+00   5.0042122e-01   5.0042117e-01   1.3778177e+01   2.2287801e-01   1.0741362e-01   4.1997989e+00   4.1498009e+00   1.9999515e+00   1.9999512e+00   5.0042117e-01   5.0042105e-01
   4.1997989e+00   4.1498009e+00   1.9999515e+00   1.9999512e+00   5.0042117e-01   5.0042105e-01   1.3778176e+01   2.2019277e-01   1.0741369e-01   4.1498009e+00   4.0998038e+00   1.9999512e+00   1.9999523e+00   5.0042105e-01   5.0042144e-01
   4.1498009e+00   4.0998038e+00   1.9999512e+00   1.9999523e+00   5.0042105e-01   5.0042144e-01   1.3778176e+01   2.1750749e-01   1.0741365e-01   4.0998038e+00   4.0498060e+00   1.9999523e+00   1.9999516e+00   5.0042144e-01   5.0042158e-01
   4.0998038e+00   4.0498060e+00   1.9999523e+00   1.9999516e+00   5.0042144e-01   5.0042158e-01   1.3778176e+01   2.1482211e-01   1.0741359e-01   4.0498060e+00   3.9998067e+00   1.9999516e+00   1.9999505e+00   5.0042158e-01   5.0042156e-01
   4.0498060e+00   3.9998067e+00   1.9999516e+00   1.9999505e+00   5.0042158e-01   5.0042156e-01   1.3778176e+01   2.1213693e-01   1.0741365e-01   3.9998067e+00   3.9498106e+00   1.9999505e+00   1.9999516e+00   5.0042156e-01   5.0042183e-01
   3.9998067e+00   3.9498106e+00   1.9999505e+00   1.9999516e+00   5.0042156e-01   5.0042183e-01   1.3778175e+01   2.0945168e-01   1.0741368e-01   3.9498106e+00   3.8998134e+00   1.9999516e+00   1.9999520e+00   5.0042183e-01   5.0042201e-01
   3.9498106e+00   3.8998134e+00   1.9999516e+00   1.9999520e+00   5.0042183e-01   5.0042201e-01   1.3778175e+01   2.0676637e-01   1.0741363e-01   3.8998134e+00   3.8498152e+00   1.9999520e+00   1.9999511e+00   5.0042201e-01   5.0042215e-01
   3.8998134e+00   3.8498152e+00   1.9999520e+00   1.9999511e+00   5.0042201e-01   5.0042215e-01   1.3778175e+01   2.0408109e-01   1.0741367e-01   3.8498152e+00   3.7998176e+00   1.9999511e+00   1.9999518e+00   5.0042215e-01   5.0042219e-01
   3.8498152e+00   3.7998176e+00   1.9999511e+00   1.9999518e+00   5.0042215e-01   5.0042219e-01   1.3778175e+01   2.0139588e-01   1.0741369e-01   3.7998176e+00   3.7498210e+00   1.9999518e+00   1.9999522e+00   5.0042219e-01   5.0042253e-01
   3.7998176e+00   3.7498210e+00   1.9999518e+00   1.9999522e+00   5.0042219e-01   5.0042253e-01   1.3778175e+01   1.9871055e-01   1.0741364e-01   3.7498210e+00   3.6998226e+00   1.9999522e+00   1.9999513e+00   5.0042253e-01   5.0042243e-01
   3.7498210e+00   3.6998226e+00   1.9999522e+00   1.9999513e+00   5.0042253e-01   5.0042243e-01   1.3778175e+01   1.9602529e-01   1.0741366e-01   3.6998226e+00   3.6498252e+00   1.9999513e+00   1.9999515e+00   5.0042243e-01   5.0042262e-01
   3.6998226e+00   3.6498252e+00   1.9999513e+00   1.9999515e+00   5.0042243e-01   5.0042262e-01   1.3778174e+01   1.9334001e-01   1.0741367e-01   3.6498252e+00   3.5998275e+00   1.9999515e+00   1.9999517e+00   5.0042262e-01   5.0042292e-01
   3.6498252e+00   3.5998275e+00   1.9999515e+00   1.9999517e+00   5.0042262e-01   5.0042292e-01   1.3778174e+01   1.9065472e-01   1.0741368e-01   3.5998275e+00   3.5498295e+00   1.9999517e+00   1.9999519e+00   5.0042292e-01   5.0042293e-01
   3.5998275e+00   3.5498295e+00   1.9999517e+00   1.9999519e+00   5.0042292e-01   5.0042293e-01   1.3778174e+01   1.8796942e-01   1.0741368e-01   3.5498295e+00   3.4998316e+00   1.9999519e+00   1.9999518e+00   5.0042293e-01   5.0042311e-01
   3.5498295e+00   3.4998316e+00   1.9999519e+00   1.9999518e+00   5.0042293e-01   5.0042311e-01   1.3778174e+01   1.8528422e-01   1.0741365e-01   3.4998316e+00   3.4498354e+00   1.9999518e+00   1.9999513e+00   5.0042311e-01   5.0042304e-01
   3.4998316e+00   3.4498354e+00   1.9999518e+00   1.9999513e+00   5.0042311e-01   5.0042304e-01   1.3778173e+01   1.8259892e-01   1.0741365e-01   3.4498354e+00   3.3998371e+00   1.9999513e+00   1.9999512e+00   5.0042304e-01   5.0042360e-01
   3.4498354e+00   3.3998371e+00   1.9999513e+00   1.9999512e+00   5.0042304e-01   5.0042360e-01   1.3778173e+01   1.7991364e-01   1.0741369e-01   3.3998371e+00   3.3498396e+00   1.9999512e+00   1.9999519e+00   5.0042360e-01   5.0042376e-01
   3.3998371e+00   3.3498396e+00   1.9999512e+00   1.9999519e+00   5.0042360e-01   5.0042376e-01   1.3778169e+01   1.7722851e-01   1.0741372e-01   3.3498396e+00   3.2998438e+00   1.9999519e+00   1.9999519e+00   5.0042376e-01   5.0042628e-01
   3.3498396e+00   3.2998438e+00   1.9999519e+00   1.9999519e+00   5.0042376e-01   5.0042628e-01   1.3778173e+01   1.7454308e-01   1.0741367e-01   3.2998438e+00   3.2498443e+00   1.9999519e+00   1.9999516e+00   5.0042628e-01   5.0042387e-01
   3.2998438e+00   3.2498443e+00   1.9999519e+00   1.9999516e+00   5.0042628e-01   5.0042387e-01   1.3778173e+01   1.7185780e-01   1.0741367e-01   3.2498443e+00   3.1998466e+00   1.9999516e+00   1.9999516e+00   5.0042387e-01   5.0042391e-01
   3.2498443e+00   3.1998466e+00   1.9999516e+00   1.9999516e+00   5.0042387e-01   5.0042391e-01   1.3778172e+01   1.6917251e-01   1.0741367e-01   3.1998466e+00   3.1498487e+00   1.9999516e+00   1.9999514e+00   5.0042391e-01   5.0042403e-01
   3.1998466e+00   3.1498487e+00   1.9999516e+00   1.9999514e+00   5.0042391e-01   5.0042403e-01   1.3778172e+01   1.6648723e-01   1.0741367e-01   3.1498487e+00   3.0998511e+00   1.9999514e+00   1.9999514e+00   5.0042403e-01   5.0042421e-01
   3.1498487e+00   3.0998511e+00   1.9999514e+00   1.9999514e+00   5.0042403e-01   5.0042421e-01   1.3778172e+01   1.6380199e-01   1.0741368e-01   3.0998511e+00   3.0498539e+00   1.9999514e+00   1.9999516e+00   5.0042421e-01   5.0042434e-01
   3.0998511e+00   3.0498539e+00   1.9999514e+00   1.9999516e+00   5.0042421e-01   5.0042434e-01   1.3778172e+01   1.6111671e-01   1.0741368e-01   3.0498539e+00   2.9998563e+00   1.9999516e+00   1.9999516e+00   5.0042434e-01   5.0042450e-01
   3.0498539e+00   2.9998563e+00   1.9999516e+00   1.9999516e+00   5.0042434e-01   5.0042450e-01   1.3778172e+01   1.5843143e-01   1.0741368e-01   2.9998563e+00   2.9498587e+00   1.9999516e+00   1.9999515e+00   5.0042450e-01   5.0042463e-01
   2.9998563e+00   2.9498587e+00   1.9999516e+00   1.9999515e+00   5.0042450e-01   5.0042463e-01   1.3778171e+01   1.5574617e-01   1.0741367e-01   2.9498587e+00   2.8998613e+00   1.9999515e+00   1.9999513e+00   5.0042463e-01   5.0042490e-01
   2.9498587e+00   2.8998613e+00   1.9999515e+00   1.9999513e+00   5.0042463e-01   5.0042490e-01   1.3778171e+01   1.5306087e-01   1.0741368e-01   2.8998613e+00   2.8498634e+00   1.9999513e+00   1.9999515e+00   5.0042490e-01   5.0042496e-01
   2.8998613e+00   2.8498634e+00   1.9999513e+00   1.9999515e+00   5.0042490e-01   5.0042496e-01   1.3778171e+01   1.5037560e-01   1.0741369e-01   2.8498634e+00   2.7998659e+00   1.9999515e+00   1.9999515e+00   5.0042496e-01   5.0042506e-01
   2.8498634e+00   2.7998659e+00   1.9999515e+00   1.9999515e+00   5.0042496e-01   5.0042506e-01   1.3778171e+01   1.4769032e-01   1.0741369e-01   2.7998659e+00   2.7498682e+00   1.9999515e+00   1.9999516e+00   5.0042506e-01   5.0042517e-01
   2.7998659e+00   2.7498682e+00   1.9999515e+00   1.9999516e+00   5.0042506e-01   5.0042517e-01   1.3778170e+01   1.4500503e-01   1.0741368e-01   2.7498682e+00   2.6998703e+00   1.9999516e+00   1.9999513e+00   5.0042517e-01   5.0042537e-01
   2.7498682e+00   2.6998703e+00   1.9999516e+00   1.9999513e+00   5.0042517e-01   5.0042537e-01   1.3778170e+01   1.4231978e-01   1.0741370e-01   2.6998703e+00   2.6498732e+00   1.9999513e+00   1.9999517e+00   5.0042537e-01   5.0042540e-01
   2.6998703e+00   2.6498732e+00   1.9999513e+00   1.9999517e+00   5.0042537e-01   5.0042540e-01   1.3778171e+01   1.3963455e-01   1.0741374e-01   2.6498732e+00   2.5998767e+00   1.9999517e+00   1.9999526e+00   5.0042540e-01   5.0042514e-01
   2.6498732e+00   2.5998767e+00   1.9999517e+00   1.9999526e+00   5.0042540e-01   5.0042514e-01   1.3778170e+01   1.3694922e-01   1.0741369e-01   2.5998767e+00   2.5498779e+00   1.9999526e+00   1.9999515e+00   5.0042514e-01   5.0042576e-01
   2.5998767e+00   2.5498779e+00   1.9999526e+00   1.9999515e+00   5.0042514e-01   5.0042576e-01   1.3778170e+01   1.3426394e-01   1.0741370e-01   2.5498779e+00   2.4998802e+00   1.9999515e+00   1.9999517e+00   5.0042576e-01   5.0042591e-01
   2.5498779e+00   2.4998802e+00   1.9999515e+00   1.9999517e+00   5.0042576e-01   5.0042591e-01   1.3778170e+01   1.3157868e-01   1.0741365e-01   2.4998802e+00   2.4498829e+00   1.9999517e+00   1.9999506e+00   5.0042591e-01   5.0042590e-01
   2.4998802e+00   2.4498829e+00   1.9999517e+00   1.9999506e+00   5.0042591e-01   5.0042590e-01   1.3778170e+01   1.2889338e-01   1.0741369e-01   2.4498829e+00   2.3998850e+00   1.9999506e+00   1.9999515e+00   5.0042590e-01   5.0042584e-01
   2.4498829e+00   2.3998850e+00   1.9999506e+00   1.9999515e+00   5.0042590e-01   5.0042584e-01   1.3778169e+01   1.2620811e-01   1.0741370e-01   2.3998850e+00   2.3498874e+00   1.9999515e+00   1.9999515e+00   5.0042584e-01   5.0042630e-01
   2.3998850e+00   2.3498874e+00   1.9999515e+00   1.9999515e+00   5.0042584e-01   5.0042630e-01   1.3778169e+01   1.2352283e-01   1.0741370e-01   2.3498874e+00   2.2998898e+00   1.9999515e+00   1.9999515e+00   5.0042630e-01   5.0042639e-01
   2.3498874e+00   2.2998898e+00   1.9999515e+00   1.9999515e+00   5.0042630e-01   5.0042639e-01   1.3778169e+01   1.2083756e-01   1.0741370e-01   2.2998898e+00   2.2498923e+00   1.9999515e+00   1.9999515e+00   5.0042639e-01   5.0042650e-01
   2.2998898e+00   2.2498923e+00   1.9999515e+00   1.9999515e+00   5.0042639e-01   5.0042650e-01   1.3778168e+01   1.1815228e-01   1.0741370e-01   2.2498923e+00   2.1998946e+00   1.9999515e+00   1.9999515e+00   5.0042650e-01   5.0042686e-01
   2.2498923e+00   2.1998946e+00   1.9999515e+00   1.9999515e+00   5.0042650e-01   5.0042686e-01   1.3778168e+01   1.1546700e-01   1.0741371e-01   2.1998946e+00   2.1498970e+00   1.9999515e+00   1.9999515e+00   5.0042686e-01   5.0042697e-01
   2.1998946e+00   2.1498970e+00   1.9999515e+00   1.9999515e+00   5.0042686e-01   5.0042697e-01   1.3778168e+01   1.1278172e-01   1.0741371e-01   2.1498970e+00   2.0998994e+00   1.9999515e+00   1.9999516e+00   5.0042697e-01   5.0042697e-01
   2.1498970e+00   2.0998994e+00   1.9999515e+00   1.9999516e+00   5.0042697e-01   5.0042697e-01   1.3778168e+01   1.1009644e-01   1.0741370e-01   2.0998994e+00   2.0499017e+00   1.9999516e+00   1.9999513e+00   5.0042697e-01   5.0042707e-01
   2.0998994e+00   2.0499017e+00   1.9999516e+00   1.9999513e+00   5.0042697e-01   5.0042707e-01   1.3778168e+01   1.0741117e-01   1.0741371e-01   2.0499017e+00   1.9999041e+00   1.9999513e+00   1.9999515e+00   5.0042707e-01   5.0042734e-01
   2.0499017e+00   1.9999041e+00   1.9999513e+00   1.9999515e+00   5.0042707e-01   5.0042734e-01   1.3778167e+01   1.0472587e-01   1.0741370e-01   1.9999041e+00   1.9499063e+00   1.9999515e+00   1.9999513e+00   5.0042734e-01   5.0042741e-01
   1.9999041e+00   1.9499063e+00   1.9999515e+00   1.9999513e+00   5.0042734e-01   5.0042741e-01   1.3778167e+01   1.0204052e-01   1.0741365e-01   1.9499063e+00   1.8999072e+00   1.9999513e+00   1.9999503e+00   5.0042741e-01   5.0042763e-01
   1.9499063e+00   1.8999072e+00   1.9999513e+00   1.9999503e+00   5.0042741e-01   5.0042763e-01   1.3778167e+01   9.9355307e-02   1.0741367e-01   1.8999072e+00   1.8499108e+00   1.9999503e+00   1.9999506e+00   5.0042763e-01   5.0042772e-01
   1.8999072e+00   1.8499108e+00   1.9999503e+00   1.9999506e+00   5.0042763e-01   5.0042772e-01   1.3778167e+01   9.6670058e-02   1.0741370e-01   1.8499108e+00   1.7999138e+00   1.9999506e+00   1.9999513e+00   5.0042772e-01   5.0042772e-01
   1.8499108e+00   1.7999138e+00   1.9999506e+00   1.9999513e+00   5.0042772e-01   5.0042772e-01   1.3778167e+01   9.3984787e-02   1.0741372e-01   1.7999138e+00   1.7499163e+00   1.9999513e+00   1.9999516e+00   5.0042772e-01   5.0042793e-01
   1.7999138e+00   1.7499163e+00   1.9999513e+00   1.9999516e+00   5.0042772e-01   5.0042793e-01   1.3778166e+01   9.1299498e-02   1.0741372e-01   1.7499163e+00   1.6999185e+00   1.9999516e+00   1.9999515e+00   5.0042793e-01   5.0042808e-01
   1.7499163e+00   1.6999185e+00   1.9999516e+00   1.9999515e+00   5.0042793e-01   5.0042808e-01   1.3778166e+01   8.8614220e-02   1.0741372e-01   1.6999185e+00   1.6499209e+00   1.9999515e+00   1.9999515e+00   5.0042808e-01   5.0042823e-01
   1.6999185e+00   1.6499209e+00   1.9999515e+00   1.9999515e+00   5.0042808e-01   5.0042823e-01   1.3778167e+01   8.5928937e-02   1.0741375e-01   1.6499209e+00   1.5999233e+00   1.9999515e+00   1.9999521e+00   5.0042823e-01   5.0042795e-01
   1.6499209e+00   1.5999233e+00   1.9999515e+00   1.9999521e+00   5.0042823e-01   5.0042795e-01   1.3778166e+01   8.3243659e-02   1.0741371e-01   1.5999233e+00   1.5499256e+00   1.9999521e+00   1.9999512e+00   5.0042795e-01   5.0042854e-01
   1.5999233e+00   1.5499256e+00   1.9999521e+00   1.9999512e+00   5.0042795e-01   5.0042854e-01   1.3778166e+01   8.0558363e-02   1.0741373e-01   1.5499256e+00   1.4999276e+00   1.9999512e+00   1.9999515e+00   5.0042854e-01   5.0042871e-01
   1.5499256e+00   1.4999276e+00   1.9999512e+00   1.9999515e+00   5.0042854e-01   5.0042871e-01   1.3778166e+01   7.7873098e-02   1.0741372e-01   1.4999276e+00   1.4499303e+00   1.9999515e+00   1.9999513e+00   5.0042871e-01   5.0042868e-01
   1.4999276e+00   1.4499303e+00   1.9999515e+00   1.9999513e+00   5.0042871e-01   5.0042868e-01   1.3778165e+01   7.5187859e-02   1.0741381e-01   1.4499303e+00   1.3999334e+00   1.9999513e+00   1.9999530e+00   5.0042868e-01   5.0042889e-01
   1.4499303e+00   1.3999334e+00   1.9999513e+00   1.9999530e+00   5.0042868e-01   5.0042889e-01   1.3778165e+01   7.2502541e-02   1.0741372e-01   1.3999334e+00   1.3499351e+00   1.9999530e+00   1.9999513e+00   5.0042889e-01   5.0042911e-01
   1.3999334e+00   1.3499351e+00   1.9999530e+00   1.9999513e+00   5.0042889e-01   5.0042911e-01   1.3778165e+01   6.9817280e-02   1.0741373e-01   1.3499351e+00   1.2999378e+00   1.9999513e+00   1.9999515e+00   5.0042911e-01   5.0042919e-01
   1.3499351e+00   1.2999378e+00   1.9999513e+00   1.9999515e+00   5.0042911e-01   5.0042919e-01   1.3778164e+01   6.7131990e-02   1.0741373e-01   1.2999378e+00   1.2499400e+00   1.9999515e+00   1.9999514e+00   5.0042919e-01   5.0042943e-01
   1.2999378e+00   1.2499400e+00   1.9999515e+00   1.9999514e+00   5.0042919e-01   5.0042943e-01   1.3778165e+01   6.4446719e-02   1.0741375e-01   1.2499400e+00   1.1999426e+00   1.9999514e+00   1.9999519e+00   5.0042943e-01   5.0042928e-01
   1.2499400e+00   1.1999426e+00   1.9999514e+00   1.9999519e+00   5.0042943e-01   5.0042928e-01   1.3778164e+01   6.1761428e-02   1.0741370e-01   1.1999426e+00   1.1499447e+00   1.9999519e+00   1.9999507e+00   5.0042928e-01   5.0042988e-01
   1.1999426e+00   1.1499447e+00   1.9999519e+00   1.9999507e+00   5.0042928e-01   5.0042988e-01   1.3778164e+01   5.9076234e-02   1.0741369e-01   1.1499447e+00   1.0999487e+00   1.9999507e+00   1.9999505e+00   5.0042988e-01   5.0042995e-01
   1.1499447e+00   1.0999487e+00   1.9999507e+00   1.9999505e+00   5.0042988e-01   5.0042995e-01   1.3778164e+01   5.6390856e-02   1.0741374e-01   1.0999487e+00   1.0499493e+00   1.9999505e+00   1.9999515e+00   5.0042995e-01   5.0042990e-01
   1.0999487e+00   1.0499493e+00   1.9999505e+00   1.9999515e+00   5.0042995e-01   5.0042990e-01   1.3778164e+01   5.3705564e-02   1.0741375e-01   1.0499493e+00   9.9995142e-01   1.9999515e+00   1.9999517e+00   5.0042990e-01   5.0042989e-01
   1.0499493e+00   9.9995142e-01   1.9999515e+00   1.9999517e+00   5.0042990e-01   5.0042989e-01   1.3778164e+01   5.1020326e-02   1.0741376e-01   9.9995142e-01   9.4995459e-01   1.9999517e+00   1.9999518e+00   5.0042989e-01   5.0043006e-01
   9.9995142e-01   9.4995459e-01   1.9999517e+00   1.9999518e+00   5.0042989e-01   5.0043006e-01   1.3778163e+01   4.8334920e-02   1.0741367e-01   9.4995459e-01   8.9995462e-01   1.9999518e+00   1.9999501e+00   5.0043006e-01   5.0043024e-01
   9.4995459e-01   8.9995462e-01   1.9999518e+00   1.9999501e+00   5.0043006e-01   5.0043024e-01   1.3778162e+01   4.5649772e-02   1.0741372e-01   8.9995462e-01   8.4995942e-01   1.9999501e+00   1.9999509e+00   5.0043024e-01   5.0043078e-01
   8.9995462e-01   8.4995942e-01   1.9999501e+00   1.9999509e+00   5.0043024e-01   5.0043078e-01   1.3778163e+01   4.2964442e-02   1.0741376e-01   8.4995942e-01   7.9996091e-01   1.9999509e+00   1.9999517e+00   5.0043078e-01   5.0043052e-01
   8.4995942e-01   7.9996091e-01   1.9999509e+00   1.9999517e+00   5.0043078e-01   5.0043052e-01   1.3778163e+01   4.0279202e-02   1.0741375e-01   7.9996091e-01   7.4996406e-01   1.9999517e+00   1.9999515e+00   5.0043052e-01   5.0043067e-01
   7.9996091e-01   7.4996406e-01   1.9999517e+00   1.9999515e+00   5.0043052e-01   5.0043067e-01   1.3778162e+01   3.7593917e-02   1.0741376e-01   7.4996406e-01   6.9996635e-01   1.9999515e+00   1.9999516e+00   5.0043067e-01   5.0043085e-01
   7.4996406e-01   6.9996635e-01   1.9999515e+00   1.9999516e+00   5.0043067e-01   5.0043085e-01   1.3778162e+01   3.4908632e-02   1.0741375e-01   6.9996635e-01   6.4996865e-01   1.9999516e+00   1.9999516e+00   5.0043085e-01   5.0043084e-01
   6.9996635e-01   6.4996865e-01   1.9999516e+00   1.9999516e+00   5.0043085e-01   5.0043084e-01   1.3778160e+01   3.2223224e-02   1.0741362e-01   6.4996865e-01   5.9996856e-01   1.9999516e+00   1.9999486e+00   5.0043084e-01   5.0043262e-01
   6.4996865e-01   5.9996856e-01   1.9999516e+00   1.9999486e+00   5.0043084e-01   5.0043262e-01   1.3778162e+01   2.9538121e-02   1.0741373e-01   5.9996856e-01   5.4997433e-01   1.9999486e+00   1.9999510e+00   5.0043262e-01   5.0043124e-01
   5.9996856e-01   5.4997433e-01   1.9999486e+00   1.9999510e+00   5.0043262e-01   5.0043124e-01   1.3778162e+01   2.6852792e-02   1.0741378e-01   5.4997433e-01   4.9997585e-01   1.9999510e+00   1.9999520e+00   5.0043124e-01   5.0043106e-01
   5.4997433e-01   4.9997585e-01   1.9999510e+00   1.9999520e+00   5.0043124e-01   5.0043106e-01   1.3778161e+01   2.6852809e-02   1.0741376e-01   4.9997585e-01   4.9997613e-01   1.9999520e+00   1.9999516e+00   5.0043106e-01   5.0043147e-01
   4.9997585e-01   4.9997613e-01   1.9999520e+00   1.9999516e+00   5.0043106e-01   5.0043147e-01   1.3778162e+01   2.6852835e-02   1.0741382e-01   4.9997613e-01   4.9997663e-01   1.9999516e+00   1.9999527e+00   5.0043147e-01   5.0043119e-01
   4.9997613e-01   4.9997663e-01   1.9999516e+00   1.9999527e+00   5.0043147e-01   5.0043119e-01   1.3778161e+01   2.6852833e-02   1.0741373e-01   4.9997663e-01   4.9997657e-01   1.9999527e+00   1.9999510e+00   5.0043119e-01   5.0043174e-01
   4.9997663e-01   4.9997657e-01   1.9999527e+00   1.9999510e+00   5.0043119e-01   5.0043174e-01   1.3778161e+01   2.6852762e-02   1.0741378e-01   4.9997657e-01   4.9997526e-01   1.9999510e+00   1.9999519e+00   5.0043174e-01   5.0043154e-01
   4.9997657e-01   4.9997526e-01   1.9999510e+00   1.9999519e+00   5.0043174e-01   5.0043154e-01   1.3778161e+01   2.6852809e-02   1.0741377e-01   4.9997526e-01   4.9997613e-01   1.9999519e+00   1.9999517e+00   5.0043154e-01   5.0043161e-01
   4.9997526e-01   4.9997613e-01   1.9999519e+00   1.9999517e+00   5.0043154e-01   5.0043161e-01   1.3778161e+01   2.6852806e-02   1.0741378e-01   4.9997613e-01   4.9997607e-01   1.9999517e+00   1.9999519e+00   5.0043161e-01   5.0043156e-01
   4.9997613e-01   4.9997607e-01   1.9999517e+00   1.9999519e+00   5.0043161e-01   5.0043156e-01   1.3778162e+01   2.6852878e-02   1.0741377e-01   4.9997607e-01   4.9997743e-01   1.9999519e+00   1.9999517e+00   5.0043156e-01   5.0043124e-01
   4.9997607e-01   4.9997743e-01   1.9999519e+00   1.9999517e+00   5.0043156e-01   5.0043124e-01   1.3778161e+01   2.6852800e-02   1.0741377e-01   4.9997743e-01   4.9997595e-01   1.9999517e+00   1.9999517e+00   5.0043124e-01   5.0043162e-01
   4.9997743e-01   4.9997595e-01   1.9999517e+00   1.9999517e+00   5.0043124e-01   5.0043162e-01   1.3778162e+01   2.6852904e-02   1.0741381e-01   4.9997595e-01   4.9997794e-01   1.9999517e+00   1.9999527e+00   5.0043162e-01   5.0043075e-01
   4.9997595e-01   4.9997794e-01   1.9999517e+00   1.9999527e+00   5.0043162e-01   5.0043075e-01   1.3778159e+01   2.6852803e-02   1.6111997e-01   4.9997794e-01   4.9997594e-01   1.9999527e+00   2.9999144e+00   5.0043075e-01   5.0043307e-01
   4.9997794e-01   4.9997594e-01   1.9999527e+00   2.9999144e+00   5.0043075e-01   5.0043307e-01   1.3778159e+01   2.6852815e-02   1.6111995e-01   4.9997594e-01   4.9997615e-01   2.9999144e+00   2.9999139e+00   5.0043307e-01   5.0043313e-01
   4.9997594e-01   4.9997615e-01   2.9999144e+00   2.9999139e+00   5.0043307e-01   5.0043313e-01   1.3778158e+01   2.9538073e-02   1.6112010e-01   4.9997615e-01   5.4997331e-01   2.9999139e+00   2.9999165e+00   5.0043313e-01   5.0043359e-01
   4.9997615e-01   5.4997331e-01   2.9999139e+00   2.9999165e+00   5.0043313e-01   5.0043359e-01   1.3778158e+01   3.2223320e-02   1.6112010e-01   5.4997331e-01   5.9997028e-01   2.9999165e+00   2.9999166e+00   5.0043359e-01   5.0043355e-01
   5.4997331e-01   5.9997028e-01   2.9999165e+00   2.9999166e+00   5.0043359e-01   5.0043355e-01   1.3778158e+01   3.4908646e-02   1.6112011e-01   5.9997028e-01   6.4996868e-01   2.9999166e+00   2.9999166e+00   5.0043355e-01   5.0043408e-01
   5.9997028e-01   6.4996868e-01   2.9999166e+00   2.9999166e+00   5.0043355e-01   5.0043408e-01   1.3778159e+01   3.7593934e-02   1.6112009e-01   6.4996868e-01   6.9996647e-01   2.9999166e+00   2.9999164e+00   5.0043408e-01   5.0043329e-01
   6.4996868e-01   6.9996647e-01   2.9999166e+00   2.9999164e+00   5.0043408e-01   5.0043329e-01   1.3778159e+01   4.0279218e-02   1.6112012e-01   6.9996647e-01   7.4996416e-01   2.9999164e+00   2.9999171e+00   5.0043329e-01   5.0043290e-01
   6.9996647e-01   7.4996416e-01   2.9999164e+00   2.9999171e+00   5.0043329e-01   5.0043290e-01   1.3778159e+01   4.2964527e-02   1.6112008e-01   7.4996416e-01   7.9996228e-01   2.9999171e+00   2.9999164e+00   5.0043290e-01   5.0043301e-01
   7.4996416e-01   7.9996228e-01   2.9999171e+00   2.9999164e+00   5.0043290e-01   5.0043301e-01   1.3778159e+01   4.5649760e-02   1.6112009e-01   7.9996228e-01   8.4995902e-01   2.9999164e+00   2.9999167e+00   5.0043301e-01   5.0043284e-01
   7.9996228e-01   8.4995902e-01   2.9999164e+00   2.9999167e+00   5.0043301e-01   5.0043284e-01   1.3778159e+01   4.8335052e-02   1.6112009e-01   8.4995902e-01   8.9995683e-01   2.9999167e+00   2.9999167e+00   5.0043284e-01   5.0043280e-01
   8.4995902e-01   8.9995683e-01   2.9999167e+00   2.9999167e+00   5.0043284e-01   5.0043280e-01   1.3778161e+01   5.1020355e-02   1.6112011e-01   8.9995683e-01   9.4995493e-01   2.9999167e+00   2.9999172e+00   5.0043280e-01   5.0043199e-01
   8.9995683e-01   9.4995493e-01   2.9999167e+00   2.9999172e+00   5.0043280e-01   5.0043199e-01   1.3778160e+01   5.3705633e-02   1.6112009e-01   9.4995493e-01   9.9995245e-01   2.9999172e+00   2.9999168e+00   5.0043199e-01   5.0043242e-01
   9.4995493e-01   9.9995245e-01   2.9999172e+00   2.9999168e+00   5.0043199e-01   5.0043242e-01   1.3778160e+01   5.6390891e-02   1.6112008e-01   9.9995245e-01   1.0499496e+00   2.9999168e+00   2.9999166e+00   5.0043242e-01   5.0043241e-01
   9.9995245e-01   1.0499496e+00   2.9999168e+00   2.9999166e+00   5.0043242e-01   5.0043241e-01   1.3778161e+01   5.9076127e-02   1.6112005e-01   1.0499496e+00   1.0999464e+00   2.9999166e+00   2.9999162e+00   5.0043241e-01   5.0043193e-01
   1.0499496e+00   1.0999464e+00   2.9999166e+00   2.9999162e+00   5.0043241e-01   5.0043193e-01   1.3778160e+01   6.1761467e-02   1.6112008e-01   1.0999464e+00   1.1499451e+00   2.9999162e+00   2.9999166e+00   5.0043193e-01   5.0043237e-01
   1.0999464e+00   1.1499451e+00   2.9999162e+00   2.9999166e+00   5.0043193e-01   5.0043237e-01   1.3778161e+01   6.4446737e-02   1.6112008e-01   1.1499451e+00   1.1999425e+00   2.9999166e+00   2.9999166e+00   5.0043237e-01   5.0043208e-01
   1.1499451e+00   1.1999425e+00   2.9999166e+00   2.9999166e+00   5.0043237e-01   5.0043208e-01   1.3778161e+01   6.7132031e-02   1.6112009e-01   1.1999425e+00   1.2499404e+00   2.9999166e+00   2.9999169e+00   5.0043208e-01   5.0043182e-01
   1.1999425e+00   1.2499404e+00   2.9999166e+00   2.9999169e+00   5.0043208e-01   5.0043182e-01   1.3778160e+01   6.9817290e-02   1.6112011e-01   1.2499404e+00   1.2999375e+00   2.9999169e+00   2.9999170e+00   5.0043182e-01   5.0043268e-01
   1.2499404e+00   1.2999375e+00   2.9999169e+00   2.9999170e+00   5.0043182e-01   5.0043268e-01   1.3778161e+01   7.2502567e-02   1.6112006e-01   1.2999375e+00   1.3499352e+00   2.9999170e+00   2.9999165e+00   5.0043268e-01   5.0043164e-01
   1.2999375e+00   1.3499352e+00   2.9999170e+00   2.9999165e+00   5.0043268e-01   5.0043164e-01   1.3778161e+01   7.5187848e-02   1.6112005e-01   1.3499352e+00   1.3999328e+00   2.9999165e+00   2.9999164e+00   5.0043164e-01   5.0043149e-01
   1.3499352e+00   1.3999328e+00   2.9999165e+00   2.9999164e+00   5.0043164e-01   5.0043149e-01   1.3778161e+01   7.7873131e-02   1.6112007e-01   1.3999328e+00   1.4499305e+00   2.9999164e+00   2.9999166e+00   5.0043149e-01   5.0043144e-01
   1.3999328e+00   1.4499305e+00   2.9999164e+00   2.9999166e+00   5.0043149e-01   5.0043144e-01   1.3778162e+01   8.0558448e-02   1.6112009e-01   1.4499305e+00   1.4999288e+00   2.9999166e+00   2.9999171e+00   5.0043144e-01   5.0043134e-01
   1.4499305e+00   1.4999288e+00   2.9999166e+00   2.9999171e+00   5.0043144e-01   5.0043134e-01   1.3778162e+01   8.3243677e-02   1.6112005e-01   1.4999288e+00   1.5499255e+00   2.9999171e+00   2.9999164e+00   5.0043134e-01   5.0043097e-01
   1.4999288e+00   1.5499255e+00   2.9999171e+00   2.9999164e+00   5.0043134e-01   5.0043097e-01   1.3778162e+01   8.5928967e-02   1.6112006e-01   1.5499255e+00   1.5999233e+00   2.9999164e+00   2.9999166e+00   5.0043097e-01   5.0043106e-01
   1.5499255e+00   1.5999233e+00   2.9999164e+00   2.9999166e+00   5.0043097e-01   5.0043106e-01   1.3778162e+01   8.8614245e-02   1.6112005e-01   1.5999233e+00   1.6499209e+00   2.9999166e+00   2.9999165e+00   5.0043106e-01   5.0043087e-01
   1.5999233e+00   1.6499209e+00   2.9999166e+00   2.9999165e+00   5.0043106e-01   5.0043087e-01   1.3778162e+01   9.1299532e-02   1.6112005e-01   1.6499209e+00   1.6999186e+00   2.9999165e+00   2.9999166e+00   5.0043087e-01   5.0043078e-01
   1.6499209e+00   1.6999186e+00   2.9999165e+00   2.9999166e+00   5.0043087e-01   5.0043078e-01   1.3778163e+01   9.3984809e-02   1.6112005e-01   1.6999186e+00   1.7499162e+00   2.9999166e+00   2.9999166e+00   5.0043078e-01   5.0043061e-01
   1.6999186e+00   1.7499162e+00   2.9999166e+00   2.9999166e+00   5.0043078e-01   5.0043061e-01   1.3778163e+01   9.6670084e-02   1.6112004e-01   1.7499162e+00   1.7999137e+00   2.9999166e+00   2.9999165e+00   5.0043061e-01   5.0043051e-01
   1.7499162e+00   1.7999137e+00   2.9999166e+00   2.9999165e+00   5.0043061e-01   5.0043051e-01   1.3778163e+01   9.9355322e-02   1.6111999e-01   1.7999137e+00   1.8499106e+00   2.9999165e+00   2.9999156e+00   5.0043051e-01   5.0043009e-01
   1.7999137e+00   1.8499106e+00   2.9999165e+00   2.9999156e+00   5.0043051e-01   5.0043009e-01   1.3778163e+01   1.0204064e-01   1.6112004e-01   1.8499106e+00   1.8999089e+00   2.9999156e+00   2.9999166e+00   5.0043009e-01   5.0043023e-01
   1.8499106e+00   1.8999089e+00   2.9999156e+00   2.9999166e+00   5.0043009e-01   5.0043023e-01   1.3778163e+01   1.0472592e-01   1.6112004e-01   1.8999089e+00   1.9499065e+00   2.9999166e+00   2.9999166e+00   5.0043023e-01   5.0043027e-01
   1.8999089e+00   1.9499065e+00   2.9999166e+00   2.9999166e+00   5.0043023e-01   5.0043027e-01   1.3778164e+01   1.0741119e-01   1.6112004e-01   1.9499065e+00   1.9999040e+00   2.9999166e+00   2.9999166e+00   5.0043027e-01   5.0042998e-01
   1.9499065e+00   1.9999040e+00   2.9999166e+00   2.9999166e+00   5.0043027e-01   5.0042998e-01   1.3778164e+01   1.1009647e-01   1.6112005e-01   1.9999040e+00   2.0499017e+00   2.9999166e+00   2.9999168e+00   5.0042998e-01   5.0042997e-01
   1.9999040e+00   2.0499017e+00   2.9999166e+00   2.9999168e+00   5.0042998e-01   5.0042997e-01   1.3778164e+01   1.1278177e-01   1.6112004e-01   2.0499017e+00   2.0998996e+00   2.9999168e+00   2.9999167e+00   5.0042997e-01   5.0042976e-01
   2.0499017e+00   2.0998996e+00   2.9999168e+00   2.9999167e+00   5.0042997e-01   5.0042976e-01   1.3778164e+01   1.1546704e-01   1.6112003e-01   2.0998996e+00   2.1498970e+00   2.9999167e+00   2.9999165e+00   5.0042976e-01   5.0042962e-01
   2.0998996e+00   2.1498970e+00   2.9999167e+00   2.9999165e+00   5.0042976e-01   5.0042962e-01   1.3778164e+01   1.1815231e-01   1.6112003e-01   2.1498970e+00   2.1998944e+00   2.9999165e+00   2.9999165e+00   5.0042962e-01   5.0042947e-01
   2.1498970e+00   2.1998944e+00   2.9999165e+00   2.9999165e+00   5.0042962e-01   5.0042947e-01   1.3778165e+01   1.2083759e-01   1.6112003e-01   2.1998944e+00   2.2498922e+00   2.9999165e+00   2.9999165e+00   5.0042947e-01   5.0042939e-01
   2.1998944e+00   2.2498922e+00   2.9999165e+00   2.9999165e+00   5.0042947e-01   5.0042939e-01   1.3778165e+01   1.2352287e-01   1.6112002e-01   2.2498922e+00   2.2998897e+00   2.9999165e+00   2.9999165e+00   5.0042939e-01   5.0042927e-01
   2.2498922e+00   2.2998897e+00   2.9999165e+00   2.9999165e+00   5.0042939e-01   5.0042927e-01   1.3778165e+01   1.2620815e-01   1.6112002e-01   2.2998897e+00   2.3498875e+00   2.9999165e+00   2.9999166e+00   5.0042927e-01   5.0042913e-01
   2.2998897e+00   2.3498875e+00   2.9999165e+00   2.9999166e+00   5.0042927e-01   5.0042913e-01   1.3778165e+01   1.2889342e-01   1.6112004e-01   2.3498875e+00   2.3998849e+00   2.9999166e+00   2.9999170e+00   5.0042913e-01   5.0042895e-01
   2.3498875e+00   2.3998849e+00   2.9999166e+00   2.9999170e+00   5.0042913e-01   5.0042895e-01   1.3778165e+01   1.3157871e-01   1.6112002e-01   2.3998849e+00   2.4498827e+00   2.9999170e+00   2.9999165e+00   5.0042895e-01   5.0042889e-01
   2.3998849e+00   2.4498827e+00   2.9999170e+00   2.9999165e+00   5.0042895e-01   5.0042889e-01   1.3778165e+01   1.3426398e-01   1.6112002e-01   2.4498827e+00   2.4998802e+00   2.9999165e+00   2.9999166e+00   5.0042889e-01   5.0042875e-01
   2.4498827e+00   2.4998802e+00   2.9999165e+00   2.9999166e+00   5.0042889e-01   5.0042875e-01   1.3778166e+01   1.3694926e-01   1.6112002e-01   2.4998802e+00   2.5498779e+00   2.9999166e+00   2.9999166e+00   5.0042875e-01   5.0042860e-01
   2.4998802e+00   2.5498779e+00   2.9999166e+00   2.9999166e+00   5.0042875e-01   5.0042860e-01   1.3778166e+01   1.3963454e-01   1.6112001e-01   2.5498779e+00   2.5998755e+00   2.9999166e+00   2.9999166e+00   5.0042860e-01   5.0042851e-01
   2.5498779e+00   2.5998755e+00   2.9999166e+00   2.9999166e+00   5.0042860e-01   5.0042851e-01   1.3778166e+01   1.4231983e-01   1.6112001e-01   2.5998755e+00   2.6498733e+00   2.9999166e+00   2.9999165e+00   5.0042851e-01   5.0042825e-01
   2.5998755e+00   2.6498733e+00   2.9999166e+00   2.9999165e+00   5.0042851e-01   5.0042825e-01   1.3778166e+01   1.4500506e-01   1.6111999e-01   2.6498733e+00   2.6998701e+00   2.9999165e+00   2.9999163e+00   5.0042825e-01   5.0042809e-01
   2.6498733e+00   2.6998701e+00   2.9999165e+00   2.9999163e+00   5.0042825e-01   5.0042809e-01   1.3778166e+01   1.4769036e-01   1.6112000e-01   2.6998701e+00   2.7498680e+00   2.9999163e+00   2.9999164e+00   5.0042809e-01   5.0042831e-01
   2.6998701e+00   2.7498680e+00   2.9999163e+00   2.9999164e+00   5.0042809e-01   5.0042831e-01   1.3778167e+01   1.5037564e-01   1.6111998e-01   2.7498680e+00   2.7998657e+00   2.9999164e+00   2.9999161e+00   5.0042831e-01   5.0042801e-01
   2.7498680e+00   2.7998657e+00   2.9999164e+00   2.9999161e+00   5.0042831e-01   5.0042801e-01   1.3778166e+01   1.5306091e-01   1.6111998e-01   2.7998657e+00   2.8498631e+00   2.9999161e+00   2.9999160e+00   5.0042801e-01   5.0042827e-01
   2.7998657e+00   2.8498631e+00   2.9999161e+00   2.9999160e+00   5.0042801e-01   5.0042827e-01   1.3778168e+01   1.5574629e-01   1.6112002e-01   2.8498631e+00   2.8998628e+00   2.9999160e+00   2.9999172e+00   5.0042827e-01   5.0042731e-01
   2.8498631e+00   2.8998628e+00   2.9999160e+00   2.9999172e+00   5.0042827e-01   5.0042731e-01   1.3778167e+01   1.5843148e-01   1.6111998e-01   2.8998628e+00   2.9498586e+00   2.9999172e+00   2.9999163e+00   5.0042731e-01   5.0042768e-01
   2.8998628e+00   2.9498586e+00   2.9999172e+00   2.9999163e+00   5.0042731e-01   5.0042768e-01   1.3778167e+01   1.6111676e-01   1.6111999e-01   2.9498586e+00   2.9998562e+00   2.9999163e+00   2.9999164e+00   5.0042768e-01   5.0042745e-01
   2.9498586e+00   2.9998562e+00   2.9999163e+00   2.9999164e+00   5.0042768e-01   5.0042745e-01   1.3778168e+01   1.6380204e-01   1.6112000e-01   2.9998562e+00   3.0498540e+00   2.9999164e+00   2.9999168e+00   5.0042745e-01   5.0042733e-01
   2.9998562e+00   3.0498540e+00   2.9999164e+00   2.9999168e+00   5.0042745e-01   5.0042733e-01   1.3778167e+01   1.6648730e-01   1.6111999e-01   3.0498540e+00   3.0998511e+00   2.9999168e+00   2.9999165e+00   5.0042733e-01   5.0042750e-01
   3.0498540e+00   3.0998511e+00   2.9999168e+00   2.9999165e+00   5.0042733e-01   5.0042750e-01   1.3778168e+01   1.6917260e-01   1.6111999e-01   3.0998511e+00   3.1498493e+00   2.9999165e+00   2.9999166e+00   5.0042750e-01   5.0042699e-01
   3.0998511e+00   3.1498493e+00   2.9999165e+00   2.9999166e+00   5.0042750e-01   5.0042699e-01   1.3778168e+01   1.7185787e-01   1.6111998e-01   3.1498493e+00   3.1998468e+00   2.9999166e+00   2.9999165e+00   5.0042699e-01   5.0042697e-01
   3.1498493e+00   3.1998468e+00   2.9999166e+00   2.9999165e+00   5.0042699e-01   5.0042697e-01   1.3778168e+01   1.7454314e-01   1.6111998e-01   3.1998468e+00   3.2498443e+00   2.9999165e+00   2.9999166e+00   5.0042697e-01   5.0042681e-01
   3.1998468e+00   3.2498443e+00   2.9999165e+00   2.9999166e+00   5.0042697e-01   5.0042681e-01   1.3778168e+01   1.7722842e-01   1.6111999e-01   3.2498443e+00   3.2998420e+00   2.9999166e+00   2.9999167e+00   5.0042681e-01   5.0042672e-01
   3.2498443e+00   3.2998420e+00   2.9999166e+00   2.9999167e+00   5.0042681e-01   5.0042672e-01   1.3778169e+01   1.7991369e-01   1.6111998e-01   3.2998420e+00   3.3498395e+00   2.9999167e+00   2.9999166e+00   5.0042672e-01   5.0042655e-01
   3.2998420e+00   3.3498395e+00   2.9999167e+00   2.9999166e+00   5.0042672e-01   5.0042655e-01   1.3778168e+01   1.8259897e-01   1.6112002e-01   3.3498395e+00   3.3998368e+00   2.9999166e+00   2.9999170e+00   5.0042655e-01   5.0042734e-01
   3.3498395e+00   3.3998368e+00   2.9999166e+00   2.9999170e+00   5.0042655e-01   5.0042734e-01   1.3778169e+01   1.8528422e-01   1.6111992e-01   3.3998368e+00   3.4498341e+00   2.9999170e+00   2.9999155e+00   5.0042734e-01   5.0042653e-01
   3.3998368e+00   3.4498341e+00   2.9999170e+00   2.9999155e+00   5.0042734e-01   5.0042653e-01   1.3778170e+01   1.8796953e-01   1.6111997e-01   3.4498341e+00   3.4998325e+00   2.9999155e+00   2.9999167e+00   5.0042653e-01   5.0042589e-01
   3.4498341e+00   3.4998325e+00   2.9999155e+00   2.9999167e+00   5.0042653e-01   5.0042589e-01   1.3778169e+01   1.9065477e-01   1.6111999e-01   3.4998325e+00   3.5498292e+00   2.9999167e+00   2.9999167e+00   5.0042589e-01   5.0042656e-01
   3.4998325e+00   3.5498292e+00   2.9999167e+00   2.9999167e+00   5.0042589e-01   5.0042656e-01   1.3778170e+01   1.9334008e-01   1.6111997e-01   3.5498292e+00   3.5998276e+00   2.9999167e+00   2.9999166e+00   5.0042656e-01   5.0042592e-01
   3.5498292e+00   3.5998276e+00   2.9999167e+00   2.9999166e+00   5.0042656e-01   5.0042592e-01   1.3778169e+01   1.9602535e-01   1.6111995e-01   3.5998276e+00   3.6498250e+00   2.9999166e+00   2.9999162e+00   5.0042592e-01   5.0042606e-01
   3.5998276e+00   3.6498250e+00   2.9999166e+00   2.9999162e+00   5.0042592e-01   5.0042606e-01   1.3778170e+01   1.9871064e-01   1.6111996e-01   3.6498250e+00   3.6998229e+00   2.9999162e+00   2.9999164e+00   5.0042606e-01   5.0042575e-01
   3.6498250e+00   3.6998229e+00   2.9999162e+00   2.9999164e+00   5.0042606e-01   5.0042575e-01   1.3778171e+01   2.0139590e-01   1.6111998e-01   3.6998229e+00   3.7498205e+00   2.9999164e+00   2.9999172e+00   5.0042575e-01   5.0042481e-01
   3.6998229e+00   3.7498205e+00   2.9999164e+00   2.9999172e+00   5.0042575e-01   5.0042481e-01   1.3778170e+01   2.0408119e-01   1.6111996e-01   3.7498205e+00   3.7998181e+00   2.9999172e+00   2.9999165e+00   5.0042481e-01   5.0042541e-01
   3.7498205e+00   3.7998181e+00   2.9999172e+00   2.9999165e+00   5.0042481e-01   5.0042541e-01   1.3778171e+01   2.0676645e-01   1.6111996e-01   3.7998181e+00   3.8498154e+00   2.9999165e+00   2.9999166e+00   5.0042541e-01   5.0042525e-01
   3.7998181e+00   3.8498154e+00   2.9999165e+00   2.9999166e+00   5.0042541e-01   5.0042525e-01   1.3778171e+01   2.0945174e-01   1.6111996e-01   3.8498154e+00   3.8998134e+00   2.9999166e+00   2.9999167e+00   5.0042525e-01   5.0042502e-01
   3.8498154e+00   3.8998134e+00   2.9999166e+00   2.9999167e+00   5.0042525e-01   5.0042502e-01   1.3778170e+01   2.1213706e-01   1.6112005e-01   3.8998134e+00   3.9498114e+00   2.9999167e+00   2.9999182e+00   5.0042502e-01   5.0042587e-01
   3.8998134e+00   3.9498114e+00   2.9999167e+00   2.9999182e+00   5.0042502e-01   5.0042587e-01   1.3778171e+01   2.1482228e-01   1.6111994e-01   3.9498114e+00   3.9998083e+00   2.9999182e+00   2.9999163e+00   5.0042587e-01   5.0042496e-01
   3.9498114e+00   3.9998083e+00   2.9999182e+00   2.9999163e+00   5.0042587e-01   5.0042496e-01   1.3778171e+01   2.1750757e-01   1.6111996e-01   3.9998083e+00   4.0498061e+00   2.9999163e+00   2.9999166e+00   5.0042496e-01   5.0042503e-01
   3.9998083e+00   4.0498061e+00   2.9999163e+00   2.9999166e+00   5.0042496e-01   5.0042503e-01   1.3778171e+01   2.2019285e-01   1.6111992e-01   4.0498061e+00   4.0998038e+00   2.9999166e+00   2.9999160e+00   5.0042503e-01   5.0042475e-01
   4.0498061e+00   4.0998038e+00   2.9999166e+00   2.9999160e+00   5.0042503e-01   5.0042475e-01   1.3778172e+01   2.2287812e-01   1.6111995e-01   4.0998038e+00   4.1498014e+00   2.9999160e+00   2.9999166e+00   5.0042475e-01   5.0042464e-01
   4.0998038e+00   4.1498014e+00   2.9999160e+00   2.9999166e+00   5.0042475e-01   5.0042464e-01   1.3778174e+01   2.2556327e-01   1.6111985e-01   4.1498014e+00   4.1997974e+00   2.9999166e+00   2.9999153e+00   5.0042464e-01   5.0042283e-01
   4.1498014e+00   4.1997974e+00   2.9999166e+00   2.9999153e+00   5.0042464e-01   5.0042283e-01   1.3778172e+01   2.2824866e-01   1.6111993e-01   4.1997974e+00   4.2497965e+00   2.9999153e+00   2.9999164e+00   5.0042283e-01   5.0042408e-01
   4.1997974e+00   4.2497965e+00   2.9999153e+00   2.9999164e+00   5.0042283e-01   5.0042408e-01   1.3778174e+01   2.3093391e-01   1.6111988e-01   4.2497965e+00   4.2997939e+00   2.9999164e+00   2.9999158e+00   5.0042408e-01   5.0042320e-01
   4.2497965e+00   4.2997939e+00   2.9999164e+00   2.9999158e+00   5.0042408e-01   5.0042320e-01   1.3778171e+01   2.3361928e-01   1.6112000e-01   4.2997939e+00   4.3497925e+00   2.9999158e+00   2.9999176e+00   5.0042320e-01   5.0042479e-01
   4.2997939e+00   4.3497925e+00   2.9999158e+00   2.9999176e+00   5.0042320e-01   5.0042479e-01   1.3778173e+01   2.3630450e-01   1.6111993e-01   4.3497925e+00   4.3997895e+00   2.9999176e+00   2.9999165e+00   5.0042479e-01   5.0042383e-01
   4.3497925e+00   4.3997895e+00   2.9999176e+00   2.9999165e+00   5.0042479e-01   5.0042383e-01   1.3778173e+01   2.3898976e-01   1.6111999e-01   4.3997895e+00   4.4497867e+00   2.9999165e+00   2.9999176e+00   5.0042383e-01   5.0042395e-01
   4.3997895e+00   4.4497867e+00   2.9999165e+00   2.9999176e+00   5.0042383e-01   5.0042395e-01   1.3778173e+01   2.4167505e-01   1.6111992e-01   4.4497867e+00   4.4997848e+00   2.9999176e+00   2.9999164e+00   5.0042395e-01   5.0042357e-01
   4.4497867e+00   4.4997848e+00   2.9999176e+00   2.9999164e+00   5.0042395e-01   5.0042357e-01   1.3778172e+01   2.4436038e-01   1.6111998e-01   4.4997848e+00   4.5497828e+00   2.9999164e+00   2.9999174e+00   5.0042357e-01   5.0042433e-01
   4.4997848e+00   4.5497828e+00   2.9999164e+00   2.9999174e+00   5.0042357e-01   5.0042433e-01   1.3778175e+01   2.4704558e-01   1.6111988e-01   4.5497828e+00   4.5997799e+00   2.9999174e+00   2.9999160e+00   5.0042433e-01   5.0042256e-01
   4.5497828e+00   4.5997799e+00   2.9999174e+00   2.9999160e+00   5.0042433e-01   5.0042256e-01   1.3778175e+01   2.4973082e-01   1.6111988e-01   4.5997799e+00   4.6497769e+00   2.9999160e+00   2.9999159e+00   5.0042256e-01   5.0042262e-01
   4.5997799e+00   4.6497769e+00   2.9999160e+00   2.9999159e+00   5.0042256e-01   5.0042262e-01   1.3778174e+01   2.5241615e-01   1.6111994e-01   4.6497769e+00   4.6997750e+00   2.9999159e+00   2.9999169e+00   5.0042262e-01   5.0042328e-01
   4.6497769e+00   4.6997750e+00   2.9999159e+00   2.9999169e+00   5.0042262e-01   5.0042328e-01   1.3778173e+01   2.5510142e-01   1.6111999e-01   4.6997750e+00   4.7497725e+00   2.9999169e+00   2.9999177e+00   5.0042328e-01   5.0042333e-01
   4.6997750e+00   4.7497725e+00   2.9999169e+00   2.9999177e+00   5.0042328e-01   5.0042333e-01   1.3778175e+01   2.5778667e-01   1.6111989e-01   4.7497725e+00   4.7997701e+00   2.9999177e+00   2.9999164e+00   5.0042333e-01   5.0042221e-01
   4.7497725e+00   4.7997701e+00   2.9999177e+00   2.9999164e+00   5.0042333e-01   5.0042221e-01   1.3778174e+01   2.6047198e-01   1.6111992e-01   4.7997701e+00   4.8497680e+00   2.9999164e+00   2.9999167e+00   5.0042221e-01   5.0042272e-01
   4.7997701e+00   4.8497680e+00   2.9999164e+00   2.9999167e+00   5.0042221e-01   5.0042272e-01   1.3778175e+01   2.6315723e-01   1.6111990e-01   4.8497680e+00   4.8997654e+00   2.9999167e+00   2.9999165e+00   5.0042272e-01   5.0042247e-01
   4.8497680e+00   4.8997654e+00   2.9999167e+00   2.9999165e+00   5.0042272e-01   5.0042247e-01   1.3778174e+01   2.6584253e-01   1.6111994e-01   4.8997654e+00   4.9497629e+00   2.9999165e+00   2.9999168e+00   5.0042247e-01   5.0042317e-01
   4.8997654e+00   4.9497629e+00   2.9999165e+00   2.9999168e+00   5.0042247e-01   5.0042317e-01   1.3778175e+01   2.6852778e-01   1.6111991e-01   4.9497629e+00   4.9997605e+00   2.9999168e+00   2.9999166e+00   5.0042317e-01   5.0042227e-01
   4.9497629e+00   4.9997605e+00   2.9999168e+00   2.9999166e+00   5.0042317e-01   5.0042227e-01   1.3778171e+01   2.6852798e-01   1.6112000e-01   4.9997605e+00   4.9997630e+00   2.9999166e+00   2.9999176e+00   5.0042227e-01   5.0042472e-01
   4.9997605e+00   4.9997630e+00   2.9999166e+00   2.9999176e+00   5.0042227e-01   5.0042472e-01   1.3778176e+01   2.6852771e-01   1.6111990e-01   4.9997630e+00   4.9997595e+00   2.9999176e+00   2.9999167e+00   5.0042472e-01   5.0042158e-01
   4.9997630e+00   4.9997595e+00   2.9999176e+00   2.9999167e+00   5.0042472e-01   5.0042158e-01   1.3778176e+01   2.6852776e-01   1.6111996e-01   4.9997595e+00   4.9997605e+00   2.9999167e+00   2.9999178e+00   5.0042158e-01   5.0042154e-01
   4.9997595e+00   4.9997605e+00   2.9999167e+00   2.9999178e+00   5.0042158e-01   5.0042154e-01   1.3778178e+01   2.6852765e-01   1.6111983e-01   4.9997605e+00   4.9997590e+00   2.9999178e+00   2.9999158e+00   5.0042154e-01   5.0042053e-01
   4.9997605e+00   4.9997590e+00   2.9999178e+00   2.9999158e+00   5.0042154e-01   5.0042053e-01   1.3778176e+01   2.6852775e-01   1.6111988e-01   4.9997590e+00   4.9997602e+00   2.9999158e+00   2.9999164e+00   5.0042053e-01   5.0042161e-01
   4.9997590e+00   4.9997602e+00   2.9999158e+00   2.9999164e+00   5.0042053e-01   5.0042161e-01   1.3778176e+01   2.6852777e-01   1.6111989e-01   4.9997602e+00   4.9997605e+00   2.9999164e+00   2.9999165e+00   5.0042161e-01   5.0042192e-01
   4.9997602e+00   4.9997605e+00   2.9999164e+00   2.9999165e+00   5.0042161e-01   5.0042192e-01   1.3778174e+01   2.6852789e-01   1.6111990e-01   4.9997605e+00   4.9997620e+00   2.9999165e+00   2.9999161e+00   5.0042192e-01   5.0042317e-01
   4.9997605e+00   4.9997620e+00   2.9999165e+00   2.9999161e+00   5.0042192e-01   5.0042317e-01   1.3778175e+01   2.6852782e-01   1.6111992e-01   4.9997620e+00   4.9997611e+00   2.9999161e+00   2.9999167e+00   5.0042317e-01   5.0042251e-01
   4.9997620e+00   4.9997611e+00   2.9999161e+00   2.9999167e+00   5.0042317e-01   5.0042251e-01   1.3778173e+01   2.6852780e-01   2.1482604e-01   4.9997611e+00   4.9997602e+00   2.9999167e+00   3.9998789e+00   5.0042251e-01   5.0042356e-01
   4.9997611e+00   4.9997602e+00   2.9999167e+00   3.9998789e+00   5.0042251e-01   5.0042356e-01   1.3778173e+01   2.6852782e-01   2.1482607e-01   4.9997602e+00   4.9997606e+00   3.9998789e+00   3.9998793e+00   5.0042356e-01   5.0042360e-01
   4.9997602e+00   4.9997606e+00   3.9998789e+00   3.9998793e+00   5.0042356e-01   5.0042360e-01   1.3778171e+01   2.6584256e-01   2.1482618e-01   4.9997606e+00   4.9497626e+00   3.9998793e+00   3.9998808e+00   5.0042360e-01   5.0042493e-01
   4.9997606e+00   4.9497626e+00   3.9998793e+00   3.9998808e+00   5.0042360e-01   5.0042493e-01   1.3778170e+01   2.6315732e-01   2.1482624e-01   4.9497626e+00   4.8997654e+00   3.9998808e+00   3.9998818e+00   5.0042493e-01   5.0042551e-01
   4.9497626e+00   4.8997654e+00   3.9998808e+00   3.9998818e+00   5.0042493e-01   5.0042551e-01   1.3778171e+01   2.6047204e-01   2.1482621e-01   4.8997654e+00   4.8497679e+00   3.9998818e+00   3.9998813e+00   5.0042551e-01   5.0042505e-01
   4.8997654e+00   4.8497679e+00   3.9998818e+00   3.9998813e+00   5.0042551e-01   5.0042505e-01   1.3778171e+01   2.5778676e-01   2.1482622e-01   4.8497679e+00   4.7997702e+00   3.9998813e+00   3.9998815e+00   5.0042505e-01   5.0042515e-01
   4.8497679e+00   4.7997702e+00   3.9998813e+00   3.9998815e+00   5.0042505e-01   5.0042515e-01   1.3778170e+01   2.5510149e-01   2.1482623e-01   4.7997702e+00   4.7497726e+00   3.9998815e+00   3.9998815e+00   5.0042515e-01   5.0042561e-01
   4.7997702e+00   4.7497726e+00   3.9998815e+00   3.9998815e+00   5.0042515e-01   5.0042561e-01   1.3778170e+01   2.5241625e-01   2.1482624e-01   4.7497726e+00   4.6997756e+00   3.9998815e+00   3.9998816e+00   5.0042561e-01   5.0042567e-01
   4.7497726e+00   4.6997756e+00   3.9998815e+00   3.9998816e+00   5.0042561e-01   5.0042567e-01   1.3778170e+01   2.4973093e-01   2.1482622e-01   4.6997756e+00   4.6497773e+00   3.9998816e+00   3.9998814e+00   5.0042567e-01   5.0042559e-01
   4.6997756e+00   4.6497773e+00   3.9998816e+00   3.9998814e+00   5.0042567e-01   5.0042559e-01   1.3778170e+01   2.4704564e-01   2.1482625e-01   4.6497773e+00   4.5997795e+00   3.9998814e+00   3.9998819e+00   5.0042559e-01   5.0042570e-01
   4.6497773e+00   4.5997795e+00   3.9998814e+00   3.9998819e+00   5.0042559e-01   5.0042570e-01   1.3778170e+01   2.4436038e-01   2.1482624e-01   4.5997795e+00   4.5497820e+00   3.9998819e+00   3.9998816e+00   5.0042570e-01   5.0042588e-01
   4.5997795e+00   4.5497820e+00   3.9998819e+00   3.9998816e+00   5.0042570e-01   5.0042588e-01   1.3778170e+01   2.4167510e-01   2.1482624e-01   4.5497820e+00   4.4997845e+00   3.9998816e+00   3.9998815e+00   5.0042588e-01   5.0042597e-01
   4.5497820e+00   4.4997845e+00   3.9998816e+00   3.9998815e+00   5.0042588e-01   5.0042597e-01   1.3778169e+01   2.3898985e-01   2.1482626e-01   4.4997845e+00   4.4497870e+00   3.9998815e+00   3.9998817e+00   5.0042597e-01   5.0042656e-01
   4.4997845e+00   4.4497870e+00   3.9998815e+00   3.9998817e+00   5.0042597e-01   5.0042656e-01   1.3778169e+01   2.3630456e-01   2.1482625e-01   4.4497870e+00   4.3997895e+00   3.9998817e+00   3.9998816e+00   5.0042656e-01   5.0042625e-01
   4.4497870e+00   4.3997895e+00   3.9998817e+00   3.9998816e+00   5.0042656e-01   5.0042625e-01   1.3778169e+01   2.3361928e-01   2.1482625e-01   4.3997895e+00   4.3497917e+00   3.9998816e+00   3.9998816e+00   5.0042625e-01   5.0042636e-01
   4.3997895e+00   4.3497917e+00   3.9998816e+00   3.9998816e+00   5.0042625e-01   5.0042636e-01   1.3778169e+01   2.3093400e-01   2.1482624e-01   4.3497917e+00   4.2997941e+00   3.9998816e+00   3.9998812e+00   5.0042636e-01   5.0042655e-01
   4.3497917e+00   4.2997941e+00   3.9998816e+00   3.9998812e+00   5.0042636e-01   5.0042655e-01   1.3778169e+01   2.2824872e-01   2.1482625e-01   4.2997941e+00   4.2497965e+00   3.9998812e+00   3.9998815e+00   5.0042655e-01   5.0042658e-01
   4.2997941e+00   4.2497965e+00   3.9998812e+00   3.9998815e+00   5.0042655e-01   5.0042658e-01   1.3778168e+01   2.2556345e-01   2.1482624e-01   4.2497965e+00   4.1997989e+00   3.9998815e+00   3.9998812e+00   5.0042658e-01   5.0042673e-01
   4.2497965e+00   4.1997989e+00   3.9998815e+00   3.9998812e+00   5.0042658e-01   5.0042673e-01   1.3778168e+01   2.2287817e-01   2.1482626e-01   4.1997989e+00   4.1498012e+00   3.9998812e+00   3.9998816e+00   5.0042673e-01   5.0042682e-01
   4.1997989e+00   4.1498012e+00   3.9998812e+00   3.9998816e+00   5.0042673e-01   5.0042682e-01   1.3778168e+01   2.2019290e-01   2.1482626e-01   4.1498012e+00   4.0998037e+00   3.9998816e+00   3.9998816e+00   5.0042682e-01   5.0042693e-01
   4.1498012e+00   4.0998037e+00   3.9998816e+00   3.9998816e+00   5.0042682e-01   5.0042693e-01   1.3778168e+01   2.1750762e-01   2.1482627e-01   4.0998037e+00   4.0498060e+00   3.9998816e+00   3.9998816e+00   5.0042693e-01   5.0042705e-01
   4.0998037e+00   4.0498060e+00   3.9998816e+00   3.9998816e+00   5.0042693e-01   5.0042705e-01   1.3778166e+01   2.1482230e-01   2.1482627e-01   4.0498060e+00   3.9998071e+00   3.9998816e+00   3.9998811e+00   5.0042705e-01   5.0042841e-01
   4.0498060e+00   3.9998071e+00   3.9998816e+00   3.9998811e+00   5.0042705e-01   5.0042841e-01   1.3778168e+01   2.1213706e-01   2.1482627e-01   3.9998071e+00   3.9498108e+00   3.9998811e+00   3.9998816e+00   5.0042841e-01   5.0042728e-01
   3.9998071e+00   3.9498108e+00   3.9998811e+00   3.9998816e+00   5.0042841e-01   5.0042728e-01   1.3778167e+01   2.0945179e-01   2.1482626e-01   3.9498108e+00   3.8998133e+00   3.9998816e+00   3.9998814e+00   5.0042728e-01   5.0042749e-01
   3.9498108e+00   3.8998133e+00   3.9998816e+00   3.9998814e+00   5.0042728e-01   5.0042749e-01   1.3778170e+01   2.0676647e-01   2.1482620e-01   3.8998133e+00   3.8498156e+00   3.9998814e+00   3.9998810e+00   5.0042749e-01   5.0042569e-01
   3.8998133e+00   3.8498156e+00   3.9998814e+00   3.9998810e+00   5.0042749e-01   5.0042569e-01   1.3778166e+01   2.0408124e-01   2.1482632e-01   3.8498156e+00   3.7998178e+00   3.9998810e+00   3.9998819e+00   5.0042569e-01   5.0042846e-01
   3.8498156e+00   3.7998178e+00   3.9998810e+00   3.9998819e+00   5.0042569e-01   5.0042846e-01   1.3778167e+01   2.0139597e-01   2.1482627e-01   3.7998178e+00   3.7498207e+00   3.9998819e+00   3.9998813e+00   5.0042846e-01   5.0042775e-01
   3.7998178e+00   3.7498207e+00   3.9998819e+00   3.9998813e+00   5.0042846e-01   5.0042775e-01   1.3778166e+01   1.9871070e-01   2.1482628e-01   3.7498207e+00   3.6998230e+00   3.9998813e+00   3.9998813e+00   5.0042775e-01   5.0042827e-01
   3.7498207e+00   3.6998230e+00   3.9998813e+00   3.9998813e+00   5.0042775e-01   5.0042827e-01   1.3778167e+01   1.9602538e-01   2.1482629e-01   3.6998230e+00   3.6498249e+00   3.9998813e+00   3.9998818e+00   5.0042827e-01   5.0042761e-01
   3.6998230e+00   3.6498249e+00   3.9998813e+00   3.9998818e+00   5.0042827e-01   5.0042761e-01   1.3778167e+01   1.9334012e-01   2.1482629e-01   3.6498249e+00   3.5998277e+00   3.9998818e+00   3.9998817e+00   5.0042761e-01   5.0042767e-01
   3.6498249e+00   3.5998277e+00   3.9998818e+00   3.9998817e+00   5.0042761e-01   5.0042767e-01   1.3778166e+01   1.9065483e-01   2.1482627e-01   3.5998277e+00   3.5498297e+00   3.9998817e+00   3.9998812e+00   5.0042767e-01   5.0042814e-01
   3.5998277e+00   3.5498297e+00   3.9998817e+00   3.9998812e+00   5.0042767e-01   5.0042814e-01   1.3778166e+01   1.8796957e-01   2.1482630e-01   3.5498297e+00   3.4998324e+00   3.9998812e+00   3.9998816e+00   5.0042814e-01   5.0042843e-01
   3.5498297e+00   3.4998324e+00   3.9998812e+00   3.9998816e+00   5.0042814e-01   5.0042843e-01   1.3778166e+01   1.8528428e-01   2.1482634e-01   3.4998324e+00   3.4498345e+00   3.9998816e+00   3.9998823e+00   5.0042843e-01   5.0042859e-01
   3.4998324e+00   3.4498345e+00   3.9998816e+00   3.9998823e+00   5.0042843e-01   5.0042859e-01   1.3778166e+01   1.8259901e-01   2.1482634e-01   3.4498345e+00   3.3998370e+00   3.9998823e+00   3.9998822e+00   5.0042859e-01   5.0042864e-01
   3.4498345e+00   3.3998370e+00   3.9998823e+00   3.9998822e+00   5.0042859e-01   5.0042864e-01   1.3778167e+01   1.7991367e-01   2.1482635e-01   3.3998370e+00   3.3498385e+00   3.9998822e+00   3.9998827e+00   5.0042864e-01   5.0042790e-01
   3.3998370e+00   3.3498385e+00   3.9998822e+00   3.9998827e+00   5.0042864e-01   5.0042790e-01   1.3778165e+01   1.7722846e-01   2.1482631e-01   3.3498385e+00   3.2998420e+00   3.9998827e+00   3.9998816e+00   5.0042790e-01   5.0042877e-01
   3.3498385e+00   3.2998420e+00   3.9998827e+00   3.9998816e+00   5.0042790e-01   5.0042877e-01   1.3778165e+01   1.7454321e-01   2.1482632e-01   3.2998420e+00   3.2498448e+00   3.9998816e+00   3.9998819e+00   5.0042877e-01   5.0042891e-01
   3.2998420e+00   3.2498448e+00   3.9998816e+00   3.9998819e+00   5.0042877e-01   5.0042891e-01   1.3778165e+01   1.7185790e-01   2.1482632e-01   3.2498448e+00   3.1998467e+00   3.9998819e+00   3.9998816e+00   5.0042891e-01   5.0042919e-01
   3.2498448e+00   3.1998467e+00   3.9998819e+00   3.9998816e+00   5.0042891e-01   5.0042919e-01   1.3778165e+01   1.6917263e-01   2.1482631e-01   3.1998467e+00   3.1498491e+00   3.9998816e+00   3.9998816e+00   5.0042919e-01   5.0042922e-01
   3.1998467e+00   3.1498491e+00   3.9998816e+00   3.9998816e+00   5.0042919e-01   5.0042922e-01   1.3778165e+01   1.6648737e-01   2.1482635e-01   3.1498491e+00   3.0998519e+00   3.9998816e+00   3.9998821e+00   5.0042922e-01   5.0042926e-01
   3.1498491e+00   3.0998519e+00   3.9998816e+00   3.9998821e+00   5.0042922e-01   5.0042926e-01   1.3778164e+01   1.6380208e-01   2.1482632e-01   3.0998519e+00   3.0498540e+00   3.9998821e+00   3.9998815e+00   5.0042926e-01   5.0042946e-01
   3.0998519e+00   3.0498540e+00   3.9998821e+00   3.9998815e+00   5.0042926e-01   5.0042946e-01   1.3778164e+01   1.6111680e-01   2.1482633e-01   3.0498540e+00   2.9998563e+00   3.9998815e+00   3.9998816e+00   5.0042946e-01   5.0042965e-01
   3.0498540e+00   2.9998563e+00   3.9998815e+00   3.9998816e+00   5.0042946e-01   5.0042965e-01   1.3778164e+01   1.5843152e-01   2.1482632e-01   2.9998563e+00   2.9498587e+00   3.9998816e+00   3.9998815e+00   5.0042965e-01   5.0042962e-01
   2.9998563e+00   2.9498587e+00   3.9998816e+00   3.9998815e+00   5.0042965e-01   5.0042962e-01   1.3778164e+01   1.5574626e-01   2.1482633e-01   2.9498587e+00   2.8998615e+00   3.9998815e+00   3.9998817e+00   5.0042962e-01   5.0042974e-01
   2.9498587e+00   2.8998615e+00   3.9998815e+00   3.9998817e+00   5.0042962e-01   5.0042974e-01   1.3778164e+01   1.5306095e-01   2.1482633e-01   2.8998615e+00   2.8498633e+00   3.9998817e+00   3.9998816e+00   5.0042974e-01   5.0042994e-01
   2.8998615e+00   2.8498633e+00   3.9998817e+00   3.9998816e+00   5.0042974e-01   5.0042994e-01   1.3778163e+01   1.5037569e-01   2.1482634e-01   2.8498633e+00   2.7998660e+00   3.9998816e+00   3.9998815e+00   5.0042994e-01   5.0043020e-01
   2.8498633e+00   2.7998660e+00   3.9998816e+00   3.9998815e+00   5.0042994e-01   5.0043020e-01   1.3778163e+01   1.4769041e-01   2.1482633e-01   2.7998660e+00   2.7498684e+00   3.9998815e+00   3.9998815e+00   5.0043020e-01   5.0043009e-01
   2.7998660e+00   2.7498684e+00   3.9998815e+00   3.9998815e+00   5.0043020e-01   5.0043009e-01   1.3778163e+01   1.4500514e-01   2.1482634e-01   2.7498684e+00   2.6998708e+00   3.9998815e+00   3.9998815e+00   5.0043009e-01   5.0043034e-01
   2.7498684e+00   2.6998708e+00   3.9998815e+00   3.9998815e+00   5.0043009e-01   5.0043034e-01   1.3778163e+01   1.4231985e-01   2.1482634e-01   2.6998708e+00   2.6498731e+00   3.9998815e+00   3.9998816e+00   5.0043034e-01   5.0043037e-01
   2.6998708e+00   2.6498731e+00   3.9998815e+00   3.9998816e+00   5.0043034e-01   5.0043037e-01   1.3778163e+01   1.3963456e-01   2.1482633e-01   2.6498731e+00   2.5998754e+00   3.9998816e+00   3.9998814e+00   5.0043037e-01   5.0043034e-01
   2.6498731e+00   2.5998754e+00   3.9998816e+00   3.9998814e+00   5.0043037e-01   5.0043034e-01   1.3778162e+01   1.3694935e-01   2.1482630e-01   2.5998754e+00   2.5498787e+00   3.9998814e+00   3.9998804e+00   5.0043034e-01   5.0043127e-01
   2.5998754e+00   2.5498787e+00   3.9998814e+00   3.9998804e+00   5.0043034e-01   5.0043127e-01   1.3778162e+01   1.3426401e-01   2.1482636e-01   2.5498787e+00   2.4998802e+00   3.9998804e+00   3.9998818e+00   5.0043127e-01   5.0043075e-01
   2.5498787e+00   2.4998802e+00   3.9998804e+00   3.9998818e+00   5.0043127e-01   5.0043075e-01   1.3778162e+01   1.3157866e-01   2.1482629e-01   2.4998802e+00   2.4498811e+00   3.9998818e+00   3.9998803e+00   5.0043075e-01   5.0043111e-01
   2.4998802e+00   2.4498811e+00   3.9998818e+00   3.9998803e+00   5.0043075e-01   5.0043111e-01   1.3778162e+01   1.2889348e-01   2.1482636e-01   2.4498811e+00   2.3998854e+00   3.9998803e+00   3.9998815e+00   5.0043111e-01   5.0043103e-01
   2.4498811e+00   2.3998854e+00   3.9998803e+00   3.9998815e+00   5.0043111e-01   5.0043103e-01   1.3778162e+01   1.2620817e-01   2.1482636e-01   2.3998854e+00   2.3498873e+00   3.9998815e+00   3.9998815e+00   5.0043103e-01   5.0043109e-01
   2.3998854e+00   2.3498873e+00   3.9998815e+00   3.9998815e+00   5.0043103e-01   5.0043109e-01   1.3778162e+01   1.2352292e-01   2.1482638e-01   2.3498873e+00   2.2998902e+00   3.9998815e+00   3.9998819e+00   5.0043109e-01   5.0043133e-01
   2.3498873e+00   2.2998902e+00   3.9998815e+00   3.9998819e+00   5.0043109e-01   5.0043133e-01   1.3778162e+01   1.2083756e-01   2.1482642e-01   2.2998902e+00   2.2498911e+00   3.9998819e+00   3.9998827e+00   5.0043133e-01   5.0043104e-01
   2.2998902e+00   2.2498911e+00   3.9998819e+00   3.9998827e+00   5.0043133e-01   5.0043104e-01   1.3778161e+01   1.1815234e-01   2.1482637e-01   2.2498911e+00   2.1998946e+00   3.9998827e+00   3.9998816e+00   5.0043104e-01   5.0043146e-01
   2.2498911e+00   2.1998946e+00   3.9998827e+00   3.9998816e+00   5.0043104e-01   5.0043146e-01   1.3778162e+01   1.1546704e-01   2.1482635e-01   2.1998946e+00   2.1498967e+00   3.9998816e+00   3.9998813e+00   5.0043146e-01   5.0043136e-01
   2.1998946e+00   2.1498967e+00   3.9998816e+00   3.9998813e+00   5.0043146e-01   5.0043136e-01   1.3778161e+01   1.1278179e-01   2.1482638e-01   2.1498967e+00   2.0998995e+00   3.9998813e+00   3.9998817e+00   5.0043136e-01   5.0043176e-01
   2.1498967e+00   2.0998995e+00   3.9998813e+00   3.9998817e+00   5.0043136e-01   5.0043176e-01   1.3778161e+01   1.1009657e-01   2.1482631e-01   2.0998995e+00   2.0499030e+00   3.9998817e+00   3.9998804e+00   5.0043176e-01   5.0043200e-01
   2.0998995e+00   2.0499030e+00   3.9998817e+00   3.9998804e+00   5.0043176e-01   5.0043200e-01   1.3778161e+01   1.0741123e-01   2.1482635e-01   2.0499030e+00   1.9999044e+00   3.9998804e+00   3.9998810e+00   5.0043200e-01   5.0043200e-01
   2.0499030e+00   1.9999044e+00   3.9998804e+00   3.9998810e+00   5.0043200e-01   5.0043200e-01   1.3778160e+01   1.0472593e-01   2.1482638e-01   1.9999044e+00   1.9499063e+00   3.9998810e+00   3.9998816e+00   5.0043200e-01   5.0043210e-01
   1.9999044e+00   1.9499063e+00   3.9998810e+00   3.9998816e+00   5.0043200e-01   5.0043210e-01   1.3778160e+01   1.0204071e-01   2.1482639e-01   1.9499063e+00   1.8999098e+00   3.9998816e+00   3.9998816e+00   5.0043210e-01   5.0043241e-01
   1.9499063e+00   1.8999098e+00   3.9998816e+00   3.9998816e+00   5.0043210e-01   5.0043241e-01   1.3778160e+01   9.9355372e-02   2.1482638e-01   1.8999098e+00   1.8499111e+00   3.9998816e+00   3.9998814e+00   5.0043241e-01   5.0043228e-01
   1.8999098e+00   1.8499111e+00   3.9998816e+00   3.9998814e+00   5.0043241e-01   5.0043228e-01   1.3778160e+01   9.6670098e-02   2.1482641e-01   1.8499111e+00   1.7999136e+00   3.9998814e+00   3.9998820e+00   5.0043228e-01   5.0043239e-01
   1.8499111e+00   1.7999136e+00   3.9998814e+00   3.9998820e+00   5.0043228e-01   5.0043239e-01   1.3778160e+01   9.3984826e-02   2.1482639e-01   1.7999136e+00   1.7499162e+00   3.9998820e+00   3.9998815e+00   5.0043239e-01   5.0043250e-01
   1.7999136e+00   1.7499162e+00   3.9998820e+00   3.9998815e+00   5.0043239e-01   5.0043250e-01   1.3778160e+01   9.1299506e-02   2.1482637e-01   1.7499162e+00   1.6999178e+00   3.9998815e+00   3.9998812e+00   5.0043250e-01   5.0043250e-01
   1.7499162e+00   1.6999178e+00   3.9998815e+00   3.9998812e+00   5.0043250e-01   5.0043250e-01   1.3778160e+01   8.8614265e-02   2.1482640e-01   1.6999178e+00   1.6499209e+00   3.9998812e+00   3.9998817e+00   5.0043250e-01   5.0043276e-01
   1.6999178e+00   1.6499209e+00   3.9998812e+00   3.9998817e+00   5.0043250e-01   5.0043276e-01   1.3778160e+01   8.5928967e-02   2.1482645e-01   1.6499209e+00   1.5999230e+00   3.9998817e+00   3.9998826e+00   5.0043276e-01   5.0043251e-01
   1.6499209e+00   1.5999230e+00   3.9998817e+00   3.9998826e+00   5.0043276e-01   5.0043251e-01   1.3778159e+01   8.3243701e-02   2.1482640e-01   1.5999230e+00   1.5499256e+00   3.9998826e+00   3.9998815e+00   5.0043251e-01   5.0043300e-01
   1.5999230e+00   1.5499256e+00   3.9998826e+00   3.9998815e+00   5.0043251e-01   5.0043300e-01   1.3778159e+01   8.0558432e-02   2.1482641e-01   1.5499256e+00   1.4999282e+00   3.9998815e+00   3.9998817e+00   5.0043300e-01   5.0043295e-01
   1.5499256e+00   1.4999282e+00   3.9998815e+00   3.9998817e+00   5.0043300e-01   5.0043295e-01   1.3778160e+01   7.7873137e-02   2.1482641e-01   1.4999282e+00   1.4499305e+00   3.9998817e+00   3.9998820e+00   5.0043295e-01   5.0043247e-01
   1.4999282e+00   1.4499305e+00   3.9998817e+00   3.9998820e+00   5.0043295e-01   5.0043247e-01   1.3778159e+01   7.5187881e-02   2.1482641e-01   1.4499305e+00   1.3999332e+00   3.9998820e+00   3.9998817e+00   5.0043247e-01   5.0043320e-01
   1.4499305e+00   1.3999332e+00   3.9998820e+00   3.9998817e+00   5.0043247e-01   5.0043320e-01   1.3778159e+01   7.2502588e-02   2.1482642e-01   1.3999332e+00   1.3499353e+00   3.9998817e+00   3.9998817e+00   5.0043320e-01   5.0043341e-01
   1.3999332e+00   1.3499353e+00   3.9998817e+00   3.9998817e+00   5.0043320e-01   5.0043341e-01   1.3778158e+01   6.9817299e-02   2.1482641e-01   1.3499353e+00   1.2999376e+00   3.9998817e+00   3.9998814e+00   5.0043341e-01   5.0043369e-01
   1.3499353e+00   1.2999376e+00   3.9998817e+00   3.9998814e+00   5.0043341e-01   5.0043369e-01   1.3778158e+01   6.7132031e-02   2.1482642e-01   1.2999376e+00   1.2499402e+00   3.9998814e+00   3.9998816e+00   5.0043369e-01   5.0043361e-01
   1.2999376e+00   1.2499402e+00   3.9998814e+00   3.9998816e+00   5.0043369e-01   5.0043361e-01   1.3778158e+01   6.4446737e-02   2.1482642e-01   1.2499402e+00   1.1999423e+00   3.9998816e+00   3.9998815e+00   5.0043361e-01   5.0043397e-01
   1.2499402e+00   1.1999423e+00   3.9998816e+00   3.9998815e+00   5.0043361e-01   5.0043397e-01   1.3778158e+01   6.1761466e-02   2.1482642e-01   1.1999423e+00   1.1499449e+00   3.9998815e+00   3.9998816e+00   5.0043397e-01   5.0043389e-01
   1.1999423e+00   1.1499449e+00   3.9998815e+00   3.9998816e+00   5.0043397e-01   5.0043389e-01   1.3778158e+01   5.9076183e-02   2.1482642e-01   1.1499449e+00   1.0999472e+00   3.9998816e+00   3.9998814e+00   5.0043389e-01   5.0043409e-01
   1.1499449e+00   1.0999472e+00   3.9998816e+00   3.9998814e+00   5.0043389e-01   5.0043409e-01   1.3778157e+01   5.6390902e-02   2.1482643e-01   1.0999472e+00   1.0499496e+00   3.9998814e+00   3.9998816e+00   5.0043409e-01   5.0043418e-01
   1.0999472e+00   1.0499496e+00   3.9998814e+00   3.9998816e+00   5.0043409e-01   5.0043418e-01   1.3778158e+01   5.3705584e-02   2.1482641e-01   1.0499496e+00   9.9995136e-01   3.9998816e+00   3.9998814e+00   5.0043418e-01   5.0043393e-01
   1.0499496e+00   9.9995136e-01   3.9998816e+00   3.9998814e+00   5.0043418e-01   5.0043393e-01   1.3778157e+01   5.1020318e-02   2.1482640e-01   9.9995136e-01   9.4995401e-01   3.9998814e+00   3.9998810e+00   5.0043393e-01   5.0043423e-01
   9.9995136e-01   9.4995401e-01   3.9998814e+00   3.9998810e+00   5.0043393e-01   5.0043423e-01   1.3778157e+01   4.8335061e-02   2.1482643e-01   9.4995401e-01   8.9995683e-01   3.9998810e+00   3.9998815e+00   5.0043423e-01   5.0043450e-01
   9.4995401e-01   8.9995683e-01   3.9998810e+00   3.9998815e+00   5.0043423e-01   5.0043450e-01   1.3778157e+01   4.5649775e-02   2.1482643e-01   8.9995683e-01   8.4995913e-01   3.9998815e+00   3.9998815e+00   5.0043450e-01   5.0043454e-01
   8.9995683e-01   8.4995913e-01   3.9998815e+00   3.9998815e+00   5.0043450e-01   5.0043454e-01   1.3778156e+01   4.2964494e-02   2.1482644e-01   8.4995913e-01   7.9996152e-01   3.9998815e+00   3.9998815e+00   5.0043454e-01   5.0043481e-01
   8.4995913e-01   7.9996152e-01   3.9998815e+00   3.9998815e+00   5.0043454e-01   5.0043481e-01   1.3778157e+01   4.0279097e-02   2.1482637e-01   7.9996152e-01   7.4996178e-01   3.9998815e+00   3.9998802e+00   5.0043481e-01   5.0043460e-01
   7.9996152e-01   7.4996178e-01   3.9998815e+00   3.9998802e+00   5.0043481e-01   5.0043460e-01   1.3778156e+01   3.7593934e-02   2.1482645e-01   7.4996178e-01   6.9996634e-01   3.9998802e+00   3.9998816e+00   5.0043460e-01   5.0043497e-01
   7.4996178e-01   6.9996634e-01   3.9998802e+00   3.9998816e+00   5.0043460e-01   5.0043497e-01   1.3778156e+01   3.4908659e-02   2.1482645e-01   6.9996634e-01   6.4996888e-01   3.9998816e+00   3.9998816e+00   5.0043497e-01   5.0043490e-01
   6.9996634e-01   6.4996888e-01   3.9998816e+00   3.9998816e+00   5.0043497e-01   5.0043490e-01   1.3778156e+01   3.2223375e-02   2.1482645e-01   6.4996888e-01   5.9997119e-01   3.9998816e+00   3.9998816e+00   5.0043490e-01   5.0043523e-01
   6.4996888e-01   5.9997119e-01   3.9998816e+00   3.9998816e+00   5.0043490e-01   5.0043523e-01   1.3778156e+01   2.9538081e-02   2.1482646e-01   5.9997119e-01   5.4997334e-01   3.9998816e+00   3.9998817e+00   5.0043523e-01   5.0043532e-01
   5.9997119e-01   5.4997334e-01   3.9998816e+00   3.9998817e+00   5.0043523e-01   5.0043532e-01   1.3778156e+01   2.6852806e-02   2.1482646e-01   5.4997334e-01   4.9997586e-01   3.9998817e+00   3.9998815e+00   5.0043532e-01   5.0043547e-01
   5.4997334e-01   4.9997586e-01   3.9998817e+00   3.9998815e+00   5.0043532e-01   5.0043547e-01   1.3778155e+01   2.6852825e-02   2.1482646e-01   4.9997586e-01   4.9997621e-01   3.9998815e+00   3.9998816e+00   5.0043547e-01   5.0043550e-01
   4.9997586e-01   4.9997621e-01   3.9998815e+00   3.9998816e+00   5.0043547e-01   5.0043550e-01   1.3778156e+01   2.6852799e-02   2.1482648e-01   4.9997621e-01   4.9997573e-01   3.9998816e+00   3.9998819e+00   5.0043550e-01   5.0043547e-01
   4.9997621e-01   4.9997573e-01   3.9998816e+00   3.9998819e+00   5.0043550e-01   5.0043547e-01   1.3778155e+01   2.6852892e-02   2.1482644e-01   4.9997573e-01   4.9997742e-01   3.9998819e+00   3.9998810e+00   5.0043547e-01   5.0043607e-01
   4.9997573e-01   4.9997742e-01   3.9998819e+00   3.9998810e+00   5.0043547e-01   5.0043607e-01   1.3778155e+01   2.6852811e-02   2.1482646e-01   4.9997742e-01   4.9997594e-01   3.9998810e+00   3.9998816e+00   5.0043607e-01   5.0043568e-01
   4.9997742e-01   4.9997594e-01   3.9998810e+00   3.9998816e+00   5.0043607e-01   5.0043568e-01   1.3778155e+01   2.6852811e-02   2.1482646e-01   4.9997594e-01   4.9997595e-01   3.9998816e+00   3.9998816e+00   5.0043568e-01   5.0043568e-01
   4.9997594e-01   4.9997595e-01   3.9998816e+00   3.9998816e+00   5.0043568e-01   5.0043568e-01   1.3778155e+01   2.6852820e-02   2.1482647e-01   4.9997595e-01   4.9997611e-01   3.9998816e+00   3.9998816e+00   5.0043568e-01   5.0043570e-01
   4.9997595e-01   4.9997611e-01   3.9998816e+00   3.9998816e+00   5.0043568e-01   5.0043570e-01   1.3778155e+01   2.6852808e-02   2.1482644e-01   4.9997611e-01   4.9997587e-01   3.9998816e+00   3.9998810e+00   5.0043570e-01   5.0043596e-01
   4.9997611e-01   4.9997587e-01   3.9998816e+00   3.9998810e+00   5.0043570e-01   5.0043596e-01   1.3778156e+01   2.6852817e-02   2.1482646e-01   4.9997587e-01   4.9997607e-01   3.9998810e+00   3.9998816e+00   5.0043596e-01   5.0043539e-01
   4.9997587e-01   4.9997607e-01   3.9998810e+00   3.9998816e+00   5.0043596e-01   5.0043539e-01   1.3778153e+01   2.6852815e-02   2.6853272e-01   4.9997607e-01   4.9997592e-01   3.9998816e+00   4.9998444e+00   5.0043539e-01   5.0043734e-01
   4.9997607e-01   4.9997592e-01   3.9998816e+00   4.9998444e+00   5.0043539e-01   5.0043734e-01   1.3778153e+01   2.6852815e-02   2.6853272e-01   4.9997592e-01   4.9997594e-01   4.9998444e+00   4.9998444e+00   5.0043734e-01   5.0043734e-01
   4.9997592e-01   4.9997594e-01   4.9998444e+00   4.9998444e+00   5.0043734e-01   5.0043734e-01   1.3778152e+01   2.6852820e-02   2.6853286e-01   4.9997594e-01   4.9997599e-01   4.9998444e+00   4.9998466e+00   5.0043734e-01   5.0043803e-01
   4.9997594e-01   4.9997599e-01   4.9998444e+00   4.9998466e+00   5.0043734e-01   5.0043803e-01   1.3778150e+01   2.9538102e-02   2.6853293e-01   4.9997599e-01   5.4997353e-01   4.9998466e+00   4.9998475e+00   5.0043803e-01   5.0043890e-01
   4.9997599e-01   5.4997353e-01   4.9998466e+00   4.9998475e+00   5.0043803e-01   5.0043890e-01   1.3778152e+01   3.2223381e-02   2.6853286e-01   5.4997353e-01   5.9997113e-01   4.9998475e+00   4.9998466e+00   5.0043890e-01   5.0043805e-01
