   0.0000000e+00   0.0000000e+00   0.0000000e+00   0.0000000e+00   0.0000000e+00   0.0000000e+00   2.8656758e-03   6.3046399e-03   3.3833987e-02   0.0000000e+00   3.1815699e-02   0.0000000e+00  -1.7657584e-02   0.0000000e+00  -4.3249180e-05
   0.0000000e+00   3.1815699e-02   0.0000000e+00  -1.7657584e-02   0.0000000e+00  -4.3249180e-05   3.5667771e-02  -1.3228059e-02  -3.3409898e-02   3.1815699e-02  -7.1593420e-02  -1.7657584e-02   9.9320286e-02  -4.3249180e-05  -4.2886714e-05
   3.1815699e-02  -7.1593420e-02  -1.7657584e-02   9.9320286e-02  -4.3249180e-05  -4.2886714e-05  -5.1486291e-02  -4.0241853e-04   1.8245616e-03  -7.1593420e-02   8.8303393e-02   9.9320286e-02  -1.1380599e-01  -4.2886714e-05  -4.3311319e-05
  -7.1593420e-02   8.8303393e-02   9.9320286e-02  -1.1380599e-01  -4.2886714e-05  -4.3311319e-05   8.3806257e-03  -2.3155548e-02   4.5129063e-02   8.8303393e-02   2.3451548e-02  -1.1380599e-01   5.0335516e-03  -4.3311319e-05  -4.3129963e-05
   8.8303393e-02   2.3451548e-02  -1.1380599e-01   5.0335516e-03  -4.3311319e-05  -4.3129963e-05  -6.9567231e-03   2.6702679e-02   4.2902640e-03   2.3451548e-02   9.0605171e-03   5.0335516e-03  -1.5931592e-02  -4.3129963e-05  -4.3220415e-05
   2.3451548e-02   9.0605171e-03   5.0335516e-03  -1.5931592e-02  -4.3129963e-05  -4.3220415e-05  -7.5307997e-03  -3.4221344e-02  -1.4770040e-02   9.0605171e-03   7.0634536e-02  -1.5931592e-02  -6.8576676e-02  -4.3220415e-05  -4.2856000e-05
   9.0605171e-03   7.0634536e-02  -1.5931592e-02  -6.8576676e-02  -4.3220415e-05  -4.2856000e-05   3.3078687e-02   1.0338599e-02   5.1495219e-02   7.0634536e-02   7.1703903e-02  -6.8576676e-02  -4.5187959e-02  -4.2856000e-05  -4.3268250e-05
   7.0634536e-02   7.1703903e-02  -6.8576676e-02  -4.5187959e-02  -4.2856000e-05  -4.3268250e-05  -2.9961076e-02  -9.4034329e-03  -4.8741111e-02   7.1703903e-02   1.6765822e-02  -4.5187959e-02  -3.9219630e-03  -4.3268250e-05  -4.2809846e-05
   7.1703903e-02   1.6765822e-02  -4.5187959e-02  -3.9219630e-03  -4.3268250e-05  -4.2809846e-05  -4.1517989e-03   5.6861691e-03  -4.8686914e-02   1.6765822e-02   1.0631667e-01  -3.9219630e-03  -4.0190318e-03  -4.2809846e-05  -4.2824573e-05
   1.6765822e-02   1.0631667e-01  -3.9219630e-03  -4.0190318e-03  -4.2809846e-05  -4.2824573e-05  -2.8191598e-03  -1.8928475e-02   6.7303871e-03   1.0631667e-01   5.2067414e-02  -4.0190318e-03   2.2276377e-02  -4.2824573e-05  -4.3304973e-05
   1.0631667e-01   5.2067414e-02  -4.0190318e-03   2.2276377e-02  -4.2824573e-05  -4.3304973e-05  -3.1100088e-02   2.8489561e-02  -2.3745075e-02   5.2067414e-02   1.0249064e-01   2.2276377e-02   1.0044993e-01  -4.3304973e-05  -4.2848940e-05
   5.2067414e-02   1.0249064e-01   2.2276377e-02   1.0044993e-01  -4.3304973e-05  -4.2848940e-05  -3.2446384e-03   1.8580258e-02   5.4740383e-02   1.0249064e-01   5.1189505e-02   1.0044993e-01  -1.7693490e-03  -4.2848940e-05  -4.3252595e-05
   1.0249064e-01   5.1189505e-02   1.0044993e-01  -1.7693490e-03  -4.2848940e-05  -4.3252595e-05   4.2268713e-02  -3.7926982e-02  -2.1926387e-02   5.1189505e-02   3.2004976e-02  -1.7693490e-03   5.0162114e-02  -4.3252595e-05  -4.2849156e-05
   5.1189505e-02   3.2004976e-02  -1.7693490e-03   5.0162114e-02  -4.3252595e-05  -4.2849156e-05   3.3233601e-03   1.6790875e-02   8.0549411e-03   3.2004976e-02   1.4684399e-01   5.0162114e-02   6.3984287e-03  -4.2849156e-05  -4.3234329e-05
   3.2004976e-02   1.4684399e-01   5.0162114e-02   6.3984287e-03  -4.2849156e-05  -4.3234329e-05  -2.9031959e-02   7.7380460e-03  -6.6314709e-02   1.4684399e-01   8.2154534e-04   6.3984287e-03  -1.2628203e-01  -4.3234329e-05  -4.2820478e-05
   1.4684399e-01   8.2154534e-04   6.3984287e-03  -1.2628203e-01  -4.3234329e-05  -4.2820478e-05  -2.8428069e-02  -5.6054220e-03   4.3541953e-02   8.2154534e-04   7.1527889e-02  -1.2628203e-01  -1.9022178e-03  -4.2820478e-05  -4.3264249e-05
   8.2154534e-04   7.1527889e-02  -1.2628203e-01  -1.9022178e-03  -4.2820478e-05  -4.3264249e-05  -3.7455356e-03   1.1380848e-02  -8.3570491e-02   7.1527889e-02   1.3730826e-01  -1.9022178e-03  -6.2573652e-02  -4.3264249e-05  -4.2803156e-05
   7.1527889e-02   1.3730826e-01  -1.9022178e-03  -6.2573652e-02  -4.3264249e-05  -4.2803156e-05   4.1285016e-02  -6.0332180e-03   1.7007856e-03   1.3730826e-01   1.9567722e-02  -6.2573652e-02   5.4414848e-02  -4.2803156e-05  -4.3180539e-05
   1.3730826e-01   1.9567722e-02  -6.2573652e-02   5.4414848e-02  -4.2803156e-05  -4.3180539e-05  -2.5381181e-02  -3.0713762e-02  -1.6515512e-02   1.9567722e-02   8.2324919e-02   5.4414848e-02  -5.6489639e-02  -4.3180539e-05  -4.3392317e-05
   1.9567722e-02   8.2324919e-02   5.4414848e-02  -5.6489639e-02  -4.3180539e-05  -4.3392317e-05   2.4513633e-03  -3.1333463e-03  -5.9506934e-02   8.2324919e-02   6.6657065e-02  -5.6489639e-02   1.0674234e-01  -4.3392317e-05  -4.2809483e-05
   8.2324919e-02   6.6657065e-02  -5.6489639e-02   1.0674234e-01  -4.3392317e-05  -4.2809483e-05  -4.8581082e-03  -4.0513779e-02  -4.4666685e-02   6.6657065e-02   1.7131809e-02   1.0674234e-01   2.5596656e-02  -4.2809483e-05  -4.2826616e-05
   6.6657065e-02   1.7131809e-02   1.0674234e-01   2.5596656e-02  -4.2809483e-05  -4.2826616e-05  -3.1096645e-02   2.6780023e-02   4.0064621e-02   1.7131809e-02   3.1525756e-02   2.5596656e-02   7.6171115e-05  -4.2826616e-05  -4.3257000e-05
   1.7131809e-02   3.1525756e-02   2.5596656e-02   7.6171115e-05  -4.2826616e-05  -4.3257000e-05  -8.3553764e-03   1.3764167e-03   4.1750697e-02   3.1525756e-02   8.5337804e-02   7.6171115e-05  -2.0620998e-02  -4.3257000e-05  -4.2512856e-05
   3.1525756e-02   8.5337804e-02   7.6171115e-05  -2.0620998e-02  -4.3257000e-05  -4.2512856e-05   9.4035533e-02   1.4991841e-02   4.1732792e-02   8.5337804e-02   1.5480190e-01  -2.0620998e-02   2.1273128e-02  -4.2512856e-05  -4.3260735e-05
   8.5337804e-02   1.5480190e-01  -2.0620998e-02   2.1273128e-02  -4.2512856e-05  -4.3260735e-05   4.1471162e-02  -1.0731712e-02  -4.3459184e-02   1.5480190e-01   5.8812124e-02   2.1273128e-02   5.6084973e-02  -4.3260735e-05  -4.2925194e-05
   1.5480190e-01   5.8812124e-02   2.1273128e-02   5.6084973e-02  -4.3260735e-05  -4.2925194e-05   1.9786444e-02   2.4590490e-02   8.3712925e-03   5.8812124e-02   5.5932192e-03   5.6084973e-02   7.6568624e-02  -4.2925194e-05  -4.3236819e-05
   5.8812124e-02   5.5932192e-03   5.6084973e-02   7.6568624e-02  -4.2925194e-05  -4.3236819e-05   2.8565526e-02   3.2096682e-02   2.1602987e-02   5.5932192e-03  -1.0062123e-01   7.6568624e-02  -5.4787351e-02  -4.3236819e-05  -4.3249605e-05
   5.5932192e-03  -1.0062123e-01   7.6568624e-02  -5.4787351e-02  -4.3236819e-05  -4.3249605e-05  -3.6247110e-03   5.8908166e-03  -9.7248533e-04  -1.0062123e-01   2.7735145e-02  -5.4787351e-02   7.2646535e-02  -4.3249605e-05  -4.2549785e-05
  -1.0062123e-01   2.7735145e-02  -5.4787351e-02   7.2646535e-02  -4.3249605e-05  -4.2549785e-05  -3.6823961e-03   3.5856333e-02  -4.1789996e-02   2.7735145e-02   2.5177916e-02   7.2646535e-02   5.3077964e-02  -4.2549785e-05  -4.2886922e-05
   2.7735145e-02   2.5177916e-02   7.2646535e-02   5.3077964e-02  -4.2549785e-05  -4.2886922e-05   1.5319619e-02   1.3435644e-02   9.3643395e-03   2.5177916e-02  -4.3692833e-02   5.3077964e-02  -6.5034509e-02  -4.2886922e-05  -4.3220640e-05
   2.5177916e-02  -4.3692833e-02   5.3077964e-02  -6.5034509e-02  -4.2886922e-05  -4.3220640e-05  -2.7826636e-02   6.3865433e-03  -1.0682412e-02  -4.3692833e-02   5.3182865e-02  -6.5034509e-02  -4.5267441e-02  -4.3220640e-05  -4.2855964e-05
  -4.3692833e-02   5.3182865e-02  -6.5034509e-02  -4.5267441e-02  -4.3220640e-05  -4.2855964e-05   1.9164013e-02   3.1520154e-02   1.0170470e-01   5.3182865e-02   1.9280540e-02  -4.5267441e-02   5.8818278e-04  -4.2855964e-05  -4.3180191e-05
   5.3182865e-02   1.9280540e-02  -4.5267441e-02   5.8818278e-04  -4.2855964e-05  -4.3180191e-05   8.4294677e-03  -1.6299180e-02   3.1146244e-02   1.9280540e-02   2.2770645e-02   5.8818278e-04  -7.3805720e-04  -4.3180191e-05  -4.3189412e-05
   1.9280540e-02   2.2770645e-02   5.8818278e-04  -7.3805720e-04  -4.3180191e-05  -4.3189412e-05   1.4881707e-02  -1.1957098e-02   4.8231178e-02   2.2770645e-02  -3.6284931e-02  -7.3805720e-04  -5.0403491e-02  -4.3189412e-05  -4.3253159e-05
   2.2770645e-02  -3.6284931e-02  -7.3805720e-04  -5.0403491e-02  -4.3189412e-05  -4.3253159e-05   2.0019416e-02   9.2077429e-03   2.9928983e-02  -3.6284931e-02  -5.6008870e-02  -5.0403491e-02   1.4281928e-03  -4.3253159e-05  -4.3241202e-05
  -3.6284931e-02  -5.6008870e-02  -5.0403491e-02   1.4281928e-03  -4.3253159e-05  -4.3241202e-05  -2.8920324e-03   2.5636012e-02   3.5187680e-02  -5.6008870e-02  -4.2252275e-02   1.4281928e-03   4.3899391e-03  -4.3241202e-05  -4.3352020e-05
  -5.6008870e-02  -4.2252275e-02   1.4281928e-03   4.3899391e-03  -4.3241202e-05  -4.3352020e-05   3.1627850e-02   3.8729083e-04   2.0635054e-02  -4.2252275e-02  -7.8301760e-02   4.3899391e-03  -5.2953620e-02  -4.3352020e-05  -4.3237609e-05
  -4.2252275e-02  -7.8301760e-02   4.3899391e-03  -5.2953620e-02  -4.3352020e-05  -4.3237609e-05   5.8315729e-03  -2.2626343e-03   2.3599112e-02  -7.8301760e-02  -5.2675085e-02  -5.2953620e-02  -6.7351539e-02  -4.3237609e-05  -4.3006831e-05
  -7.8301760e-02  -5.2675085e-02  -5.2953620e-02  -6.7351539e-02  -4.3237609e-05  -4.3006831e-05  -2.0469740e-02   4.4235148e-02  -2.5603335e-02  -5.2675085e-02   1.4318904e-02  -6.7351539e-02   8.4426207e-02  -4.3006831e-05  -4.2711968e-05
  -5.2675085e-02   1.4318904e-02  -6.7351539e-02   8.4426207e-02  -4.3006831e-05  -4.2711968e-05  -2.4564978e-02  -3.1083143e-02  -5.8931174e-02   1.4318904e-02  -1.7297184e-01   8.4426207e-02   4.6151322e-02  -4.2711968e-05  -4.2795039e-05
   1.4318904e-02  -1.7297184e-01   8.4426207e-02   4.6151322e-02  -4.2711968e-05  -4.2795039e-05   4.4159708e-02  -1.4785077e-02   6.8289756e-02  -1.7297184e-01  -1.1757321e-01   4.6151322e-02  -5.0331821e-02  -4.2795039e-05  -4.3384485e-05
  -1.7297184e-01  -1.1757321e-01   4.6151322e-02  -5.0331821e-02  -4.2795039e-05  -4.3384485e-05  -1.0939449e-02   3.3310057e-02  -7.2494664e-02  -1.1757321e-01  -1.9686488e-02  -5.0331821e-02   2.9683340e-03  -4.3384485e-05  -4.2790059e-05
  -1.1757321e-01  -1.9686488e-02  -5.0331821e-02   2.9683340e-03  -4.3384485e-05  -4.2790059e-05   1.0661479e-02  -4.6697080e-02  -5.2378453e-02  -1.9686488e-02   1.2689123e-03   2.9683340e-03  -6.9138576e-03  -4.2790059e-05  -4.2816325e-05
  -1.9686488e-02   1.2689123e-03   2.9683340e-03  -6.9138576e-03  -4.2790059e-05  -4.2816325e-05  -1.3128583e-02  -7.6349866e-04  -1.4488873e-03   1.2689123e-03  -6.6209747e-02  -6.9138576e-03   7.5791183e-03  -4.2816325e-05  -4.3041502e-05
   1.2689123e-03  -6.6209747e-02  -6.9138576e-03   7.5791183e-03  -4.2816325e-05  -4.3041502e-05  -4.4111072e-03   2.7823828e-02  -6.5097820e-02  -6.6209747e-02   1.4528557e-02   7.5791183e-03   2.3595812e-02  -4.3041502e-05  -4.2735427e-05
  -6.6209747e-02   1.4528557e-02   7.5791183e-03   2.3595812e-02  -4.3041502e-05  -4.2735427e-05   8.5211755e-03   1.5670875e-02  -7.9206351e-03   1.4528557e-02   5.7146129e-02   2.3595812e-02   3.8694417e-03  -4.2735427e-05  -4.2872236e-05
   1.4528557e-02   5.7146129e-02   2.3595812e-02   3.8694417e-03  -4.2735427e-05  -4.2872236e-05   3.5063155e-04  -9.6980591e-03   4.6247330e-02   5.7146129e-02   2.4291511e-02   3.8694417e-03   5.5616041e-03  -4.2872236e-05  -4.3167832e-05
   5.7146129e-02   2.4291511e-02   3.8694417e-03   5.5616041e-03  -4.2872236e-05  -4.3167832e-05  -1.7959882e-02   2.8635949e-02  -4.5732458e-02   2.4291511e-02  -1.0758568e-01   5.5616041e-03   8.6878332e-02  -4.3167832e-05  -4.2540297e-05
   2.4291511e-02  -1.0758568e-01   5.5616041e-03   8.6878332e-02  -4.3167832e-05  -4.2540297e-05  -1.9407365e-02   4.8276407e-03  -9.3031812e-02  -1.0758568e-01  -4.6330329e-02   8.6878332e-02  -4.3790814e-02  -4.2540297e-05  -4.2831897e-05
  -1.0758568e-01  -4.6330329e-02   8.6878332e-02  -4.3790814e-02  -4.2540297e-05  -4.2831897e-05   1.6439047e-02  -1.8447021e-03   3.5713479e-02  -4.6330329e-02  -5.5774152e-02  -4.3790814e-02   9.4342461e-03  -4.2831897e-05  -4.3276779e-05
  -4.6330329e-02  -5.5774152e-02  -4.3790814e-02   9.4342461e-03  -4.2831897e-05  -4.3276779e-05   3.1316755e-02   6.8918033e-03   4.5442449e-02  -5.5774152e-02  -2.2796508e-02   9.4342461e-03   8.5958326e-02  -4.3276779e-05  -4.3264961e-05
  -5.5774152e-02  -2.2796508e-02   9.4342461e-03   8.5958326e-02  -4.3276779e-05  -4.3264961e-05   8.4149853e-03  -6.8380912e-03  -4.6181476e-02  -2.2796508e-02  -5.2236652e-02   8.5958326e-02   7.3537769e-02  -4.3264961e-05  -4.3234515e-05
  -2.2796508e-02  -5.2236652e-02   8.5958326e-02   7.3537769e-02  -4.3264961e-05  -4.3234515e-05  -2.6445333e-02   1.0621040e-02   3.5863918e-03  -5.2236652e-02  -4.0562859e-02   7.3537769e-02  -1.5256915e-02  -4.3234515e-05  -4.3227642e-05
  -5.2236652e-02  -4.0562859e-02   7.3537769e-02  -1.5256915e-02  -4.3234515e-05  -4.3227642e-05  -6.6293573e-03  -5.6278452e-04   6.0959073e-02  -4.0562859e-02   9.6179883e-02  -1.5256915e-02  -7.0620253e-02  -4.3227642e-05  -4.3297103e-05
  -4.0562859e-02   9.6179883e-02  -1.5256915e-02  -7.0620253e-02  -4.3227642e-05  -4.3297103e-05  -1.0364816e-02  -1.0215061e-02  -5.0377309e-02   9.6179883e-02  -8.8222676e-03  -7.0620253e-02  -8.1231495e-02  -4.3297103e-05  -4.2822897e-05
   9.6179883e-02  -8.8222676e-03  -7.0620253e-02  -8.1231495e-02  -4.3297103e-05  -4.2822897e-05   1.0371841e-02   4.2567433e-02   9.1581847e-03  -8.8222676e-03   4.0204120e-03  -8.1231495e-02  -2.8440360e-02  -4.2822897e-05  -4.3428114e-05
  -8.8222676e-03   4.0204120e-03  -8.1231495e-02  -2.8440360e-02  -4.2822897e-05  -4.3428114e-05   1.8933573e-02   3.3389775e-02   3.6610950e-02   4.0204120e-03   3.2785612e-02  -2.8440360e-02  -1.4291536e-01  -4.3428114e-05  -4.3252108e-05
   4.0204120e-03   3.2785612e-02  -2.8440360e-02  -1.4291536e-01  -4.3428114e-05  -4.3252108e-05  -5.3396928e-02   2.1206784e-02   2.7463282e-02   3.2785612e-02  -9.0786723e-02  -1.4291536e-01   1.0950863e-01  -4.3252108e-05  -4.3728299e-05
   3.2785612e-02  -9.0786723e-02  -1.4291536e-01   1.0950863e-01  -4.3252108e-05  -4.3728299e-05   8.8241413e-04  -2.8792750e-03   2.3870381e-02  -9.0786723e-02  -4.6409430e-02   1.0950863e-01   1.2935894e-01  -4.3728299e-05  -4.3693534e-05
  -9.0786723e-02  -4.6409430e-02   1.0950863e-01   1.2935894e-01  -4.3728299e-05  -4.3693534e-05   1.6066065e-03  -1.0623853e-02  -3.7579143e-02  -4.6409430e-02   5.7987474e-02   1.2935894e-01  -8.5986538e-02  -4.3693534e-05  -4.2833958e-05
  -4.6409430e-02   5.7987474e-02   1.2935894e-01  -8.5986538e-02  -4.3693534e-05  -4.2833958e-05   7.1854643e-03   9.9349787e-03   5.2048180e-02   5.7987474e-02   4.3305016e-02  -8.5986538e-02  -6.2451482e-02  -4.2833958e-05  -4.3262335e-05
   5.7987474e-02   4.3305016e-02  -8.5986538e-02  -6.2451482e-02  -4.2833958e-05  -4.3262335e-05  -3.1347689e-03  -2.9015693e-02  -1.7530994e-02   4.3305016e-02  -3.7668385e-02  -6.2451482e-02   1.3716883e-01  -4.3262335e-05  -4.2844640e-05
   4.3305016e-02  -3.7668385e-02  -6.2451482e-02   1.3716883e-01  -4.3262335e-05  -4.2844640e-05   9.4937443e-03  -3.3678858e-02  -4.0447288e-02  -3.7668385e-02   9.5732025e-02   1.3716883e-01  -2.1894054e-01  -4.2844640e-05  -4.2076302e-05
  -3.7668385e-02   9.5732025e-02   1.3716883e-01  -2.1894054e-01  -4.2844640e-05  -4.2076302e-05   2.5826809e-02  -3.0481333e-03   3.9378611e-02   9.5732025e-02   3.4497013e-02  -2.1894054e-01  -1.1057956e-01  -4.2076302e-05  -4.3369356e-05
   9.5732025e-02   3.4497013e-02  -2.1894054e-01  -1.1057956e-01  -4.2076302e-05  -4.3369356e-05  -1.1499502e-02  -7.9909141e-02  -1.1757363e-02   3.4497013e-02   4.4559491e-02  -1.1057956e-01  -1.9222300e-01  -4.3369356e-05  -4.2894868e-05
   3.4497013e-02   4.4559491e-02  -1.1057956e-01  -1.9222300e-01  -4.3369356e-05  -4.2894868e-05  -3.4468497e-02   9.2369963e-04   7.3361109e-02   4.4559491e-02   5.0080736e-02  -1.9222300e-01  -1.1222899e-01  -4.2894868e-05  -4.3290594e-05
   4.4559491e-02   5.0080736e-02  -1.9222300e-01  -1.1222899e-01  -4.2894868e-05  -4.3290594e-05  -5.0634908e-03  -2.2579956e-02  -2.7278999e-02   5.0080736e-02  -1.1186986e-03  -1.1222899e-01   1.1187202e-01  -4.3290594e-05  -4.2834802e-05
   5.0080736e-02  -1.1186986e-03  -1.1222899e-01   1.1187202e-01  -4.3290594e-05  -4.2834802e-05   1.5830829e-02   7.1114838e-04   5.0612966e-02  -1.1186986e-03  -7.3916480e-02   1.1187202e-01   1.5084426e-01  -4.2834802e-05  -4.3251846e-05
  -1.1186986e-03  -7.3916480e-02   1.1187202e-01   1.5084426e-01  -4.2834802e-05  -4.3251846e-05  -1.6643922e-03   3.0896931e-02  -3.1967051e-02  -7.3916480e-02   1.2817765e-02   1.5084426e-01  -7.3094468e-02  -4.3251846e-05  -4.2838202e-05
  -7.3916480e-02   1.2817765e-02   1.5084426e-01  -7.3094468e-02  -4.3251846e-05  -4.2838202e-05  -2.7050814e-02  -4.0263698e-02  -1.6004086e-02   1.2817765e-02  -6.7299873e-02  -7.3094468e-02   1.7469162e-01  -4.2838202e-05  -4.2261679e-05
   1.2817765e-02  -6.7299873e-02  -7.3094468e-02   1.7469162e-01  -4.2838202e-05  -4.2261679e-05  -4.3966974e-02   1.7319943e-02   2.0176635e-02  -6.7299873e-02   7.3579603e-03   1.7469162e-01  -4.9464832e-02  -4.2261679e-05  -4.3362850e-05
  -6.7299873e-02   7.3579603e-03   1.7469162e-01  -4.9464832e-02  -4.2261679e-05  -4.3362850e-05   3.4338467e-02  -6.0814447e-03   6.5927643e-02   7.3579603e-03   2.3576921e-02  -4.9464832e-02  -1.1716100e-02  -4.3362850e-05  -4.3278709e-05
   7.3579603e-03   2.3576921e-02  -4.9464832e-02  -1.1716100e-02  -4.3362850e-05  -4.3278709e-05  -2.7987187e-03  -4.8158245e-02  -5.4456750e-02   2.3576921e-02   2.2437195e-02  -1.1716100e-02  -1.2019227e-01  -4.3278709e-05  -4.3373130e-05
   2.3576921e-02   2.2437195e-02  -1.1716100e-02  -1.2019227e-01  -4.3278709e-05  -4.3373130e-05   7.7995353e-03  -1.2921363e-02  -3.9778103e-03   2.2437195e-02  -9.4960830e-02  -1.2019227e-01   2.1187892e-01  -4.3373130e-05  -4.3037916e-05
   2.2437195e-02  -9.4960830e-02  -1.2019227e-01   2.1187892e-01  -4.3373130e-05  -4.3037916e-05  -1.3089426e-02  -1.8257433e-02  -6.9259876e-02  -9.4960830e-02   3.4330312e-02   2.1187892e-01  -2.5499234e-01  -4.3037916e-05  -4.2920620e-05
  -9.4960830e-02   3.4330312e-02   2.1187892e-01  -2.5499234e-01  -4.3037916e-05  -4.2920620e-05  -6.3687316e-03   2.6600331e-03   2.1940583e-03   3.4330312e-02  -7.3878163e-02  -2.5499234e-01   1.5830090e-01  -4.2920620e-05  -4.3078513e-05
   3.4330312e-02  -7.3878163e-02  -2.5499234e-01   1.5830090e-01  -4.2920620e-05  -4.3078513e-05   1.4116482e-02  -1.4464813e-02   7.8709920e-02  -7.3878163e-02   1.4102346e-02   1.5830090e-01  -2.0891589e-01  -4.3078513e-05  -4.3255559e-05
  -7.3878163e-02   1.4102346e-02   1.5830090e-01  -2.0891589e-01  -4.3078513e-05  -4.3255559e-05   4.4469880e-02  -4.9024514e-02  -6.9806548e-02   1.4102346e-02   3.5084141e-02  -2.0891589e-01  -1.8399589e-01  -4.3255559e-05  -4.2533296e-05
   1.4102346e-02   3.5084141e-02  -2.0891589e-01  -1.8399589e-01  -4.3255559e-05  -4.2533296e-05   3.1318103e-02   1.1054217e-03   1.5037864e-02   3.5084141e-02   9.1201811e-02  -1.8399589e-01  -1.9039848e-01  -4.2533296e-05  -4.2872761e-05
   3.5084141e-02   9.1201811e-02  -1.8399589e-01  -1.9039848e-01  -4.2533296e-05  -4.2872761e-05   1.0802951e-02   2.9313254e-03  -3.7021305e-02   9.1201811e-02  -1.4714818e-01  -1.9039848e-01   1.0070131e-01  -4.2872761e-05  -4.2901191e-05
   9.1201811e-02  -1.4714818e-01  -1.9039848e-01   1.0070131e-01  -4.2872761e-05  -4.2901191e-05   6.8047520e-03   2.5374296e-03   3.3486588e-02  -1.4714818e-01   2.9373188e-02   1.0070131e-01  -1.2340621e-01  -4.2901191e-05  -4.3249853e-05
  -1.4714818e-01   2.9373188e-02   1.0070131e-01  -1.2340621e-01  -4.2901191e-05  -4.3249853e-05  -3.0007264e-02   7.4493701e-03  -2.3637451e-02   2.9373188e-02  -3.2602019e-02  -1.2340621e-01   1.2003874e-01  -4.3249853e-05  -4.2207296e-05
   2.9373188e-02  -3.2602019e-02  -1.2340621e-01   1.2003874e-01  -4.3249853e-05  -4.2207296e-05   1.3122466e-02   3.0787183e-03  -3.3192758e-02  -3.2602019e-02  -3.4165571e-02   1.2003874e-01   1.5232041e-01  -4.2207296e-05  -4.2814932e-05
  -3.2602019e-02  -3.4165571e-02   1.2003874e-01   1.5232041e-01  -4.2207296e-05  -4.2814932e-05  -1.1212178e-02  -1.0868541e-02  -4.0818765e-02  -3.4165571e-02  -6.4475638e-02   1.5232041e-01   2.7729629e-01  -4.2814932e-05  -4.2819395e-05
  -3.4165571e-02  -6.4475638e-02   1.5232041e-01   2.7729629e-01  -4.2814932e-05  -4.2819395e-05  -2.3216302e-02  -4.4253361e-03  -1.8808080e-02  -6.4475638e-02  -1.9792328e-02   2.7729629e-01   7.1637959e-02  -4.2819395e-05  -4.2842571e-05
  -6.4475638e-02  -1.9792328e-02   2.7729629e-01   7.1637959e-02  -4.2819395e-05  -4.2842571e-05  -7.3605252e-03   1.5243791e-02   4.3082551e-03  -1.9792328e-02  -4.7567872e-02   7.1637959e-02   1.3479486e-01  -4.2842571e-05  -4.4194511e-05
  -1.9792328e-02  -4.7567872e-02   7.1637959e-02   1.3479486e-01  -4.2842571e-05  -4.4194511e-05  -4.3932707e-03  -3.6743912e-02  -3.6256097e-03  -4.7567872e-02  -7.2875305e-02   1.3479486e-01   1.1852975e-01  -4.4194511e-05  -4.2852306e-05
  -4.7567872e-02  -7.2875305e-02   1.3479486e-01   1.1852975e-01  -4.4194511e-05  -4.2852306e-05   1.2430312e-02   1.8582375e-02  -1.0385362e-02  -7.2875305e-02  -7.9637654e-02   1.1852975e-01   1.7784062e-01  -4.2852306e-05  -4.2738937e-05
  -7.2875305e-02  -7.9637654e-02   1.1852975e-01   1.7784062e-01  -4.2852306e-05  -4.2738937e-05  -2.1117834e-02  -2.1334476e-03   3.4181178e-02  -7.9637654e-02   1.0862279e-03   1.7784062e-01  -2.0793542e-01  -4.2738937e-05  -4.3262186e-05
