   0.0000000e+00   0.0000000e+00   0.0000000e+00   0.0000000e+00   0.0000000e+00   0.0000000e+00   1.4953457e+01  -4.9395944e-02  -2.9594038e-03   0.0000000e+00  -9.9816235e-01   0.0000000e+00  -5.9801781e-02   0.0000000e+00  -2.9368729e-01
   0.0000000e+00  -9.9816235e-01   0.0000000e+00  -5.9801781e-02   0.0000000e+00  -2.9368729e-01   1.5159336e+01  -4.8615962e-02  -4.3755614e-03  -9.9816235e-01  -9.9592663e-01  -5.9801781e-02  -8.9635954e-02  -2.9368729e-01  -4.3279468e-01
  -9.9816235e-01  -9.9592663e-01  -5.9801781e-02  -8.9635954e-02  -2.9368729e-01  -4.3279468e-01   1.5350873e+01  -4.7858554e-02  -5.7552357e-03  -9.9592663e-01  -9.9279807e-01  -8.9635954e-02  -1.1938904e-01  -4.3279468e-01  -5.6221124e-01
  -9.9592663e-01  -9.9279807e-01  -8.9635954e-02  -1.1938904e-01  -4.3279468e-01  -5.6221124e-01   1.5523789e+01  -4.7134093e-02  -7.1043748e-03  -9.9279807e-01  -9.8878339e-01  -1.1938904e-01  -1.4903624e-01  -5.6221124e-01  -6.7904657e-01
  -9.9279807e-01  -9.8878339e-01  -1.1938904e-01  -1.4903624e-01  -5.6221124e-01  -6.7904657e-01   1.5674220e+01  -4.6450379e-02  -8.4296016e-03  -9.8878339e-01  -9.8388303e-01  -1.4903624e-01  -1.7855058e-01  -6.7904657e-01  -7.8068888e-01
  -9.8878339e-01  -9.8388303e-01  -1.4903624e-01  -1.7855058e-01  -6.7904657e-01  -7.8068888e-01   1.5798810e+01  -4.5813221e-02  -9.7379884e-03  -9.8388303e-01  -9.7810051e-01  -1.7855058e-01  -2.0790355e-01  -7.8068888e-01  -8.6487158e-01
  -9.8388303e-01  -9.7810051e-01  -1.7855058e-01  -2.0790355e-01  -7.8068888e-01  -8.6487158e-01   1.5894769e+01  -4.5226716e-02  -1.1037142e-02  -9.7810051e-01  -9.7144355e-01  -2.0790355e-01  -2.3707138e-01  -8.6487158e-01  -9.2970910e-01
  -9.7810051e-01  -9.7144355e-01  -2.0790355e-01  -2.3707138e-01  -8.6487158e-01  -9.2970910e-01   1.5959965e+01  -4.4692927e-02  -1.2334649e-02  -9.7144355e-01  -9.6391558e-01  -2.3707138e-01  -2.6602778e-01  -9.2970910e-01  -9.7375984e-01
  -9.7144355e-01  -9.6391558e-01  -2.3707138e-01  -2.6602778e-01  -9.2970910e-01  -9.7375984e-01   1.5992924e+01  -4.4212686e-02  -1.3637947e-02  -9.6391558e-01  -9.5552717e-01  -2.6602778e-01  -2.9474412e-01  -9.7375984e-01  -9.9602943e-01
  -9.6391558e-01  -9.5552717e-01  -2.6602778e-01  -2.9474412e-01  -9.7375984e-01  -9.9602943e-01   1.5992924e+01  -4.3784925e-02  -1.4954471e-02  -9.5552717e-01  -9.4628237e-01  -2.9474412e-01  -3.2319691e-01  -9.9602943e-01  -9.9602947e-01
  -9.5552717e-01  -9.4628237e-01  -2.9474412e-01  -3.2319691e-01  -9.9602943e-01  -9.9602947e-01   1.5959960e+01  -4.3407417e-02  -1.6291250e-02  -9.4628237e-01  -9.3619003e-01  -3.2319691e-01  -3.5136175e-01  -9.9602947e-01  -9.7375659e-01
  -9.4628237e-01  -9.3619003e-01  -3.2319691e-01  -3.5136175e-01  -9.9602947e-01  -9.7375659e-01   1.5894769e+01  -4.3076582e-02  -1.7654647e-02  -9.3619003e-01  -9.2525989e-01  -3.5136175e-01  -3.7921154e-01  -9.7375659e-01  -9.2970880e-01
  -9.3619003e-01  -9.2525989e-01  -3.5136175e-01  -3.7921154e-01  -9.7375659e-01  -9.2970880e-01   1.5798810e+01  -4.2787487e-02  -1.9050391e-02  -9.2525989e-01  -9.1350185e-01  -3.7921154e-01  -4.0672095e-01  -9.2970880e-01  -8.6487145e-01
  -9.2525989e-01  -9.1350185e-01  -3.7921154e-01  -4.0672095e-01  -9.2970880e-01  -8.6487145e-01   1.5674221e+01  -4.2533838e-02  -2.0483461e-02  -9.1350185e-01  -9.0092535e-01  -4.0672095e-01  -4.3386794e-01  -8.6487145e-01  -7.8068954e-01
  -9.1350185e-01  -9.0092535e-01  -4.0672095e-01  -4.3386794e-01  -8.6487145e-01  -7.8068954e-01   1.5523788e+01  -4.2308105e-02  -2.1957453e-02  -9.0092535e-01  -8.8754331e-01  -4.3386794e-01  -4.6062546e-01  -7.8068954e-01  -6.7904582e-01
  -9.0092535e-01  -8.8754331e-01  -4.3386794e-01  -4.6062546e-01  -7.8068954e-01  -6.7904582e-01   1.5350873e+01  -4.2101256e-02  -2.3474774e-02  -8.8754331e-01  -8.7336627e-01  -4.6062546e-01  -4.8697065e-01  -6.7904582e-01  -5.6221158e-01
  -8.8754331e-01  -8.7336627e-01  -4.6062546e-01  -4.8697065e-01  -6.7904582e-01  -5.6221158e-01   1.5159337e+01  -4.1903003e-02  -2.5036123e-02  -8.7336627e-01  -8.5840775e-01  -4.8697065e-01  -5.1287976e-01  -5.6221158e-01  -4.3279516e-01
  -8.7336627e-01  -8.5840775e-01  -4.8697065e-01  -5.1287976e-01  -5.6221158e-01  -4.3279516e-01   1.4953458e+01  -4.1701645e-02  -2.6640264e-02  -8.5840775e-01  -8.4268084e-01  -5.1287976e-01  -5.3832983e-01  -4.3279516e-01  -2.9368815e-01
  -8.5840775e-01  -8.4268084e-01  -5.1287976e-01  -5.3832983e-01  -4.3279516e-01  -2.9368815e-01   1.4737835e+01  -4.1484210e-02  -2.8283751e-02  -8.4268084e-01  -8.2619922e-01  -5.3832983e-01  -5.6329899e-01  -2.9368815e-01  -1.4799647e-01
  -8.4268084e-01  -8.2619922e-01  -5.3832983e-01  -5.6329899e-01  -2.9368815e-01  -1.4799647e-01   1.4517286e+01  -4.1236635e-02  -2.9960469e-02  -8.2619922e-01  -8.0897840e-01  -5.6329899e-01  -5.8776309e-01  -1.4799647e-01   1.0230816e-03
  -8.2619922e-01  -8.0897840e-01  -5.6329899e-01  -5.8776309e-01  -1.4799647e-01   1.0230816e-03   1.4296737e+01  -4.0943951e-02  -3.1661679e-02  -8.0897840e-01  -7.9103365e-01  -5.8776309e-01  -6.1170095e-01   1.0230816e-03   1.5004247e-01
  -8.0897840e-01  -7.9103365e-01  -5.8776309e-01  -6.1170095e-01   1.0230816e-03   1.5004247e-01   1.4081114e+01  -4.0590621e-02  -3.3375776e-02  -7.9103365e-01  -7.7237996e-01  -6.1170095e-01  -6.3509205e-01   1.5004247e-01   2.9573355e-01
  -7.9103365e-01  -7.7237996e-01  -6.1170095e-01  -6.3509205e-01   1.5004247e-01   2.9573355e-01   1.3875235e+01  -4.0161315e-02  -3.5088084e-02  -7.7237996e-01  -7.5303743e-01  -6.3509205e-01  -6.5791272e-01   2.9573355e-01   4.3484107e-01
  -7.7237996e-01  -7.5303743e-01  -6.3509205e-01  -6.5791272e-01   2.9573355e-01   4.3484107e-01   1.3683697e+01  -3.9640803e-02  -3.6781675e-02  -7.5303743e-01  -7.3301720e-01  -6.5791272e-01  -6.8014768e-01   4.3484107e-01   5.6425893e-01
  -7.5303743e-01  -7.3301720e-01  -6.5791272e-01  -6.8014768e-01   4.3484107e-01   5.6425893e-01   1.3510783e+01  -3.9015730e-02  -3.8436781e-02  -7.3301720e-01  -7.1234198e-01  -6.8014768e-01  -7.0177163e-01   5.6425893e-01   6.8109249e-01
  -7.3301720e-01  -7.1234198e-01  -6.8014768e-01  -7.0177163e-01   5.6425893e-01   6.8109249e-01   1.3360351e+01  -3.8274580e-02  -4.0032499e-02  -7.1234198e-01  -6.9102948e-01  -7.0177163e-01  -7.2276789e-01   6.8109249e-01   7.8273582e-01
  -7.1234198e-01  -6.9102948e-01  -7.0177163e-01  -7.2276789e-01   6.8109249e-01   7.8273582e-01   1.3235762e+01  -3.7408724e-02  -4.1547042e-02  -6.9102948e-01  -6.6909863e-01  -7.2276789e-01  -7.4311727e-01   7.8273582e-01   8.6691724e-01
  -6.9102948e-01  -6.6909863e-01  -7.2276789e-01  -7.4311727e-01   7.8273582e-01   8.6691724e-01   1.3139802e+01  -3.6413084e-02  -4.2959007e-02  -6.6909863e-01  -6.4656853e-01  -7.4311727e-01  -7.6280113e-01   8.6691724e-01   9.3175545e-01
  -6.6909863e-01  -6.4656853e-01  -7.4311727e-01  -7.6280113e-01   8.6691724e-01   9.3175545e-01   1.3074612e+01  -3.5286717e-02  -4.4248633e-02  -6.4656853e-01  -6.2345964e-01  -7.6280113e-01  -7.8180230e-01   9.3175545e-01   9.7580275e-01
  -6.4656853e-01  -6.2345964e-01  -7.6280113e-01  -7.8180230e-01   9.3175545e-01   9.7580275e-01   1.3041647e+01  -3.4033085e-02  -4.5398942e-02  -6.2345964e-01  -5.9979390e-01  -7.8180230e-01  -8.0010402e-01   9.7580275e-01   9.9807632e-01
  -6.2345964e-01  -5.9979390e-01  -7.8180230e-01  -8.0010402e-01   9.7580275e-01   9.9807632e-01   1.3041648e+01  -3.2659677e-02  -4.6396730e-02  -5.9979390e-01  -5.7558923e-01  -8.0010402e-01  -8.1768897e-01   9.9807632e-01   9.9807538e-01
  -5.9979390e-01  -5.7558923e-01  -8.0010402e-01  -8.1768897e-01   9.9807632e-01   9.9807538e-01   1.3074610e+01  -3.1178317e-02  -4.7233633e-02  -5.7558923e-01  -5.5087074e-01  -8.1768897e-01  -8.3454236e-01   9.9807538e-01   9.7580387e-01
  -5.7558923e-01  -5.5087074e-01  -8.1768897e-01  -8.3454236e-01   9.9807538e-01   9.7580387e-01   1.3139801e+01  -2.9603760e-02  -4.7906354e-02  -5.5087074e-01  -5.2565879e-01  -8.3454236e-01  -8.5064858e-01   9.7580387e-01   9.3175625e-01
  -5.5087074e-01  -5.2565879e-01  -8.3454236e-01  -8.5064858e-01   9.7580387e-01   9.3175625e-01   1.3235763e+01  -2.7953225e-02  -4.8416920e-02  -5.2565879e-01  -4.9997603e-01  -8.5064858e-01  -8.6599308e-01   9.3175625e-01   8.6691691e-01
  -5.2565879e-01  -4.9997603e-01  -8.5064858e-01  -8.6599308e-01   9.3175625e-01   8.6691691e-01   1.3360351e+01  -2.6245261e-02  -4.8772403e-02  -4.9997603e-01  -4.7384581e-01  -8.6599308e-01  -8.8056272e-01   8.6691691e-01   7.8273595e-01
  -4.9997603e-01  -4.7384581e-01  -8.6599308e-01  -8.8056272e-01   8.6691691e-01   7.8273595e-01   1.3510783e+01  -2.4498625e-02  -4.8984184e-02  -4.7384581e-01  -4.4729136e-01  -8.8056272e-01  -8.9434415e-01   7.8273595e-01   6.8109260e-01
  -4.7384581e-01  -4.4729136e-01  -8.8056272e-01  -8.9434415e-01   7.8273595e-01   6.8109260e-01   1.3683699e+01  -2.2731449e-02  -4.9067189e-02  -4.4729136e-01  -4.2033825e-01  -8.9434415e-01  -9.0732518e-01   6.8109260e-01   5.6425767e-01
  -4.4729136e-01  -4.2033825e-01  -8.9434415e-01  -9.0732518e-01   6.8109260e-01   5.6425767e-01   1.3875235e+01  -2.0959960e-02  -4.9038811e-02  -4.2033825e-01  -3.9300591e-01  -9.0732518e-01  -9.1949327e-01   5.6425767e-01   4.3484132e-01
  -4.2033825e-01  -3.9300591e-01  -9.0732518e-01  -9.1949327e-01   5.6425767e-01   4.3484132e-01   1.4081114e+01  -1.9198726e-02  -4.8918045e-02  -3.9300591e-01  -3.6532359e-01  -9.1949327e-01  -9.3083861e-01   4.3484132e-01   2.9573373e-01
  -3.9300591e-01  -3.6532359e-01  -9.1949327e-01  -9.3083861e-01   4.3484132e-01   2.9573373e-01   1.4296742e+01  -1.7459291e-02  -4.8724389e-02  -3.6532359e-01  -3.3731212e-01  -9.3083861e-01  -9.4135135e-01   2.9573373e-01   1.5003951e-01
  -3.6532359e-01  -3.3731212e-01  -9.3083861e-01  -9.4135135e-01   2.9573373e-01   1.5003951e-01   1.4517286e+01  -1.5750959e-02  -4.8477057e-02  -3.3731212e-01  -3.0900160e-01  -9.4135135e-01  -9.5102068e-01   1.5003951e-01   1.0229035e-03
  -3.3731212e-01  -3.0900160e-01  -9.4135135e-01  -9.5102068e-01   1.5003951e-01   1.0229035e-03   1.4737835e+01  -1.4079842e-02  -4.8194417e-02  -3.0900160e-01  -2.8041404e-01  -9.5102068e-01  -9.5983967e-01   1.0229035e-03  -1.4799640e-01
  -3.0900160e-01  -2.8041404e-01  -9.5102068e-01  -9.5983967e-01   1.0229035e-03  -1.4799640e-01   1.4953458e+01  -1.2449631e-02  -4.7893342e-02  -2.8041404e-01  -2.5157438e-01  -9.5983967e-01  -9.6779876e-01  -1.4799640e-01  -2.9368787e-01
  -2.8041404e-01  -2.5157438e-01  -9.5983967e-01  -9.6779876e-01  -1.4799640e-01  -2.9368787e-01   1.5159333e+01  -1.0861830e-02  -4.7589070e-02  -2.5157438e-01  -2.2251095e-01  -9.6779876e-01  -9.7488996e-01  -2.9368787e-01  -4.3279276e-01
  -2.5157438e-01  -2.2251095e-01  -9.6779876e-01  -9.7488996e-01  -2.9368787e-01  -4.3279276e-01   1.5350873e+01  -9.3155777e-03  -4.7295185e-02  -2.2251095e-01  -1.9324629e-01  -9.7488996e-01  -9.8111135e-01  -4.3279276e-01  -5.6221171e-01
  -2.2251095e-01  -1.9324629e-01  -9.7488996e-01  -9.8111135e-01  -4.3279276e-01  -5.6221171e-01   1.5523787e+01  -7.8086878e-03  -4.7023090e-02  -1.9324629e-01  -1.6381136e-01  -9.8111135e-01  -9.8645464e-01  -5.6221171e-01  -6.7904525e-01
  -1.9324629e-01  -1.6381136e-01  -9.8111135e-01  -9.8645464e-01  -5.6221171e-01  -6.7904525e-01   1.5674222e+01  -6.3369918e-03  -4.6782263e-02  -1.6381136e-01  -1.3422624e-01  -9.8645464e-01  -9.9091294e-01  -6.7904525e-01  -7.8069043e-01
  -1.6381136e-01  -1.3422624e-01  -9.8645464e-01  -9.9091294e-01  -6.7904525e-01  -7.8069043e-01   1.5798809e+01  -4.8957726e-03  -4.6580647e-02  -1.3422624e-01  -1.0452348e-01  -9.9091294e-01  -9.9448476e-01  -7.8069043e-01  -8.6487072e-01
  -1.3422624e-01  -1.0452348e-01  -9.9091294e-01  -9.9448476e-01  -7.8069043e-01  -8.6487072e-01   1.5894769e+01  -3.4789394e-03  -4.6424323e-02  -1.0452348e-01  -7.4725592e-02  -9.9448476e-01  -9.9716743e-01  -8.6487072e-01  -9.2970887e-01
  -1.0452348e-01  -7.4725592e-02  -9.9448476e-01  -9.9716743e-01  -8.6487072e-01  -9.2970887e-01   1.5959962e+01  -2.0800541e-03  -4.6317626e-02  -7.4725592e-02  -4.4861600e-02  -9.9716743e-01  -9.9895612e-01  -9.2970887e-01  -9.7375794e-01
  -7.4725592e-02  -4.4861600e-02  -9.9716743e-01  -9.9895612e-01  -9.2970887e-01  -9.7375794e-01   1.5992924e+01  -6.9214126e-04  -4.6263576e-02  -4.4861600e-02  -1.4958598e-02  -9.9895612e-01  -9.9985117e-01  -9.7375794e-01  -9.9602981e-01
  -4.4861600e-02  -1.4958598e-02  -9.9895612e-01  -9.9985117e-01  -9.7375794e-01  -9.9602981e-01   1.5992926e+01   6.9213315e-04  -4.6263526e-02  -1.4958598e-02   1.4958425e-02  -9.9985117e-01  -9.9985019e-01  -9.9602981e-01  -9.9603110e-01
  -1.4958598e-02   1.4958425e-02  -9.9985117e-01  -9.9985019e-01  -9.9602981e-01  -9.9603110e-01   1.5959960e+01   2.0800968e-03  -4.6317618e-02   1.4958425e-02   4.4862517e-02  -9.9985019e-01  -9.9895586e-01  -9.9603110e-01  -9.7375673e-01
   1.4958425e-02   4.4862517e-02  -9.9985019e-01  -9.9895586e-01  -9.9603110e-01  -9.7375673e-01   1.5894770e+01   3.4789827e-03  -4.6424276e-02   4.4862517e-02   7.4726526e-02  -9.9895586e-01  -9.9716647e-01  -9.7375673e-01  -9.2970940e-01
   4.4862517e-02   7.4726526e-02  -9.9895586e-01  -9.9716647e-01  -9.7375673e-01  -9.2970940e-01   1.5798809e+01   4.8957709e-03  -4.6580632e-02   7.4726526e-02   1.0452344e-01  -9.9716647e-01  -9.9448447e-01  -9.2970940e-01  -8.6487085e-01
   7.4726526e-02   1.0452344e-01  -9.9716647e-01  -9.9448447e-01  -9.2970940e-01  -8.6487085e-01   1.5674221e+01   6.3370182e-03  -4.6782248e-02   1.0452344e-01   1.3422678e-01  -9.9448447e-01  -9.9091254e-01  -8.6487085e-01  -7.8068958e-01
   1.0452344e-01   1.3422678e-01  -9.9448447e-01  -9.9091254e-01  -8.6487085e-01  -7.8068958e-01   1.5523789e+01   7.8086170e-03  -4.7023051e-02   1.3422678e-01   1.6380989e-01  -9.9091254e-01  -9.8645392e-01  -7.8068958e-01  -6.7904632e-01
   1.3422678e-01   1.6380989e-01  -9.9091254e-01  -9.8645392e-01  -7.8068958e-01  -6.7904632e-01   1.5350873e+01   9.3155631e-03  -4.7295212e-02   1.6380989e-01   1.9324599e-01  -9.8645392e-01  -9.8111191e-01  -6.7904632e-01  -5.6221179e-01
   1.6380989e-01   1.9324599e-01  -9.8645392e-01  -9.8111191e-01  -6.7904632e-01  -5.6221179e-01   1.5159336e+01   1.0861786e-02  -4.7589134e-02   1.9324599e-01   2.2251010e-01  -9.8111191e-01  -9.7489148e-01  -5.6221179e-01  -4.3279492e-01
   1.9324599e-01   2.2251010e-01  -9.8111191e-01  -9.7489148e-01  -5.6221179e-01  -4.3279492e-01   1.4953457e+01   1.2449640e-02  -4.7893319e-02   2.2251010e-01   2.5157454e-01  -9.7489148e-01  -9.6779823e-01  -4.3279492e-01  -2.9368730e-01
   2.2251010e-01   2.5157454e-01  -9.7489148e-01  -9.6779823e-01  -4.3279492e-01  -2.9368730e-01   1.4737835e+01   1.4079844e-02  -4.8194406e-02   2.5157454e-01   2.8041408e-01  -9.6779823e-01  -9.5983946e-01  -2.9368730e-01  -1.4799646e-01
   2.5157454e-01   2.8041408e-01  -9.6779823e-01  -9.5983946e-01  -2.9368730e-01  -1.4799646e-01   1.4517288e+01   1.5750935e-02  -4.8477086e-02   2.8041408e-01   3.0900115e-01  -9.5983946e-01  -9.5102135e-01  -1.4799646e-01   1.0219516e-03
   2.8041408e-01   3.0900115e-01  -9.5983946e-01  -9.5102135e-01  -1.4799646e-01   1.0219516e-03   1.4296738e+01   1.7459375e-02  -4.8724431e-02   3.0900115e-01   3.3731366e-01  -9.5102135e-01  -9.4135190e-01   1.0219516e-03   1.5004216e-01
   3.0900115e-01   3.3731366e-01  -9.5102135e-01  -9.4135190e-01   1.0219516e-03   1.5004216e-01   1.4081115e+01   1.9198723e-02  -4.8918086e-02   3.3731366e-01   3.6532355e-01  -9.4135190e-01  -9.3083944e-01   1.5004216e-01   2.9573320e-01
   3.3731366e-01   3.6532355e-01  -9.4135190e-01  -9.3083944e-01   1.5004216e-01   2.9573320e-01   1.3875236e+01   2.0959964e-02  -4.9038829e-02   3.6532355e-01   3.9300600e-01  -9.3083944e-01  -9.1949366e-01   2.9573320e-01   4.3484076e-01
   3.6532355e-01   3.9300600e-01  -9.3083944e-01  -9.1949366e-01   2.9573320e-01   4.3484076e-01   1.3683699e+01   2.2731397e-02  -4.9067153e-02   3.9300600e-01   4.2033729e-01  -9.1949366e-01  -9.0732453e-01   4.3484076e-01   5.6425750e-01
   3.9300600e-01   4.2033729e-01  -9.1949366e-01  -9.0732453e-01   4.3484076e-01   5.6425750e-01   1.3510783e+01   2.4498711e-02  -4.8984233e-02   4.2033729e-01   4.4729291e-01  -9.0732453e-01  -8.9434504e-01   5.6425750e-01   6.8109272e-01
   4.2033729e-01   4.4729291e-01  -9.0732453e-01  -8.9434504e-01   5.6425750e-01   6.8109272e-01   1.3360353e+01   2.6245221e-02  -4.8772404e-02   4.4729291e-01   4.7384514e-01  -8.9434504e-01  -8.8056287e-01   6.8109272e-01   7.8273464e-01
   4.4729291e-01   4.7384514e-01  -8.9434504e-01  -8.8056287e-01   6.8109272e-01   7.8273464e-01   1.3235763e+01   2.7953225e-02  -4.8416925e-02   4.7384514e-01   4.9997604e-01  -8.8056287e-01  -8.6599319e-01   7.8273464e-01   8.6691668e-01
   4.7384514e-01   4.9997604e-01  -8.8056287e-01  -8.6599319e-01   7.8273464e-01   8.6691668e-01   1.3139802e+01   2.9603742e-02  -4.7906333e-02   4.9997604e-01   5.2565852e-01  -8.6599319e-01  -8.5064829e-01   8.6691668e-01   9.3175537e-01
   4.9997604e-01   5.2565852e-01  -8.6599319e-01  -8.5064829e-01   8.6691668e-01   9.3175537e-01   1.3074612e+01   3.1178288e-02  -4.7233622e-02   5.2565852e-01   5.5087028e-01  -8.5064829e-01  -8.3454225e-01   9.3175537e-01   9.7580289e-01
   5.2565852e-01   5.5087028e-01  -8.5064829e-01  -8.3454225e-01   9.3175537e-01   9.7580289e-01   1.3041648e+01   3.2659689e-02  -4.6396721e-02   5.5087028e-01   5.7558942e-01  -8.3454225e-01  -8.1768881e-01   9.7580289e-01   9.9807544e-01
   5.5087028e-01   5.7558942e-01  -8.3454225e-01  -8.1768881e-01   9.7580289e-01   9.9807544e-01   1.3041648e+01   3.4033094e-02  -4.5398948e-02   5.7558942e-01   5.9979409e-01  -8.1768881e-01  -8.0010418e-01   9.9807544e-01   9.9807574e-01
   5.7558942e-01   5.9979409e-01  -8.1768881e-01  -8.0010418e-01   9.9807544e-01   9.9807574e-01   1.3074612e+01   3.5286749e-02  -4.4248655e-02   5.9979409e-01   6.2346020e-01  -8.0010418e-01  -7.8180270e-01   9.9807574e-01   9.7580270e-01
   5.9979409e-01   6.2346020e-01  -8.0010418e-01  -7.8180270e-01   9.9807574e-01   9.7580270e-01   1.3139801e+01   3.6413111e-02  -4.2958972e-02   6.2346020e-01   6.4656895e-01  -7.8180270e-01  -7.6280045e-01   9.7580270e-01   9.3175621e-01
   6.2346020e-01   6.4656895e-01  -7.8180270e-01  -7.6280045e-01   9.7580270e-01   9.3175621e-01   1.3235763e+01   3.7408730e-02  -4.1547059e-02   6.4656895e-01   6.6909877e-01  -7.6280045e-01  -7.4311762e-01   9.3175621e-01   8.6691670e-01
   6.4656895e-01   6.6909877e-01  -7.6280045e-01  -7.4311762e-01   9.3175621e-01   8.6691670e-01   1.3360351e+01   3.8274580e-02  -4.0032494e-02   6.6909877e-01   6.9102948e-01  -7.4311762e-01  -7.2276778e-01   8.6691670e-01   7.8273596e-01
   6.6909877e-01   6.9102948e-01  -7.4311762e-01  -7.2276778e-01   8.6691670e-01   7.8273596e-01   1.3510783e+01   3.9015730e-02  -3.8436781e-02   6.9102948e-01   7.1234197e-01  -7.2276778e-01  -7.0177163e-01   7.8273596e-01   6.8109265e-01
   6.9102948e-01   7.1234197e-01  -7.2276778e-01  -7.0177163e-01   7.8273596e-01   6.8109265e-01   1.3683698e+01   3.9640748e-02  -3.6781634e-02   7.1234197e-01   7.3301625e-01  -7.0177163e-01  -6.8014699e-01   6.8109265e-01   5.6425808e-01
   7.1234197e-01   7.3301625e-01  -7.0177163e-01  -6.8014699e-01   6.8109265e-01   5.6425808e-01   1.3875236e+01   4.0161204e-02  -3.5088169e-02   7.3301625e-01   7.5303538e-01  -6.8014699e-01  -6.5791435e-01   5.6425808e-01   4.3484066e-01
   7.3301625e-01   7.5303538e-01  -6.8014699e-01  -6.5791435e-01   5.6425808e-01   4.3484066e-01   1.4081117e+01   4.0590620e-02  -3.3375825e-02   7.5303538e-01   7.7238009e-01  -6.5791435e-01  -6.3509311e-01   4.3484066e-01   2.9573176e-01
   7.5303538e-01   7.7238009e-01  -6.5791435e-01  -6.3509311e-01   4.3484066e-01   2.9573176e-01   1.4296737e+01   4.0943929e-02  -3.1661705e-02   7.7238009e-01   7.9103320e-01  -6.3509311e-01  -6.1170143e-01   2.9573176e-01   1.5004282e-01
   7.7238009e-01   7.9103320e-01  -6.3509311e-01  -6.1170143e-01   2.9573176e-01   1.5004282e-01   1.4517286e+01   4.1236631e-02  -2.9960472e-02   7.9103320e-01   8.0897831e-01  -6.1170143e-01  -5.8776316e-01   1.5004282e-01   1.0231139e-03
   7.9103320e-01   8.0897831e-01  -6.1170143e-01  -5.8776316e-01   1.5004282e-01   1.0231139e-03   1.4737836e+01   4.1484243e-02  -2.8283762e-02   8.0897831e-01   8.2619994e-01  -5.8776316e-01  -5.6329924e-01   1.0231139e-03  -1.4799707e-01
   8.0897831e-01   8.2619994e-01  -5.8776316e-01  -5.6329924e-01   1.0231139e-03  -1.4799707e-01   1.4953457e+01   4.1701642e-02  -2.6640293e-02   8.2619994e-01   8.4268071e-01  -5.6329924e-01  -5.3833038e-01  -1.4799707e-01  -2.9368729e-01
   8.2619994e-01   8.4268071e-01  -5.6329924e-01  -5.3833038e-01  -1.4799707e-01  -2.9368729e-01   1.5159336e+01   4.1902991e-02  -2.5036147e-02   8.4268071e-01   8.5840746e-01  -5.3833038e-01  -5.1288022e-01  -2.9368729e-01  -4.3279446e-01
   8.4268071e-01   8.5840746e-01  -5.3833038e-01  -5.1288022e-01  -2.9368729e-01  -4.3279446e-01   1.5350874e+01   4.2101350e-02  -2.3474744e-02   8.5840746e-01   8.7336827e-01  -5.1288022e-01  -4.8697006e-01  -4.3279446e-01  -5.6221224e-01
   8.5840746e-01   8.7336827e-01  -5.1288022e-01  -4.8697006e-01  -4.3279446e-01  -5.6221224e-01   1.5523789e+01   4.2308091e-02  -2.1957452e-02   8.7336827e-01   8.8754311e-01  -4.8697006e-01  -4.6062548e-01  -5.6221224e-01  -6.7904690e-01
   8.7336827e-01   8.8754311e-01  -4.8697006e-01  -4.6062548e-01  -5.6221224e-01  -6.7904690e-01   1.5674221e+01   4.2533852e-02  -2.0483440e-02   8.8754311e-01   9.0092570e-01  -4.6062548e-01  -4.3386753e-01  -6.7904690e-01  -7.8069017e-01
   8.8754311e-01   9.0092570e-01  -4.6062548e-01  -4.3386753e-01  -6.7904690e-01  -7.8069017e-01   1.5798809e+01   4.2787488e-02  -1.9050407e-02   9.0092570e-01   9.1350185e-01  -4.3386753e-01  -4.0672127e-01  -7.8069017e-01  -8.6487121e-01
   9.0092570e-01   9.1350185e-01  -4.3386753e-01  -4.0672127e-01  -7.8069017e-01  -8.6487121e-01   1.5894772e+01   4.3076596e-02  -1.7654623e-02   9.1350185e-01   9.2526035e-01  -4.0672127e-01  -3.7921109e-01  -8.6487121e-01  -9.2971067e-01
   9.1350185e-01   9.2526035e-01  -4.0672127e-01  -3.7921109e-01  -8.6487121e-01  -9.2971067e-01   1.5959960e+01   4.3407417e-02  -1.6291243e-02   9.2526035e-01   9.3619004e-01  -3.7921109e-01  -3.5136161e-01  -9.2971067e-01  -9.7375669e-01
   9.2526035e-01   9.3619004e-01  -3.7921109e-01  -3.5136161e-01  -9.2971067e-01  -9.7375669e-01   1.5992924e+01   4.3784901e-02  -1.4954502e-02   9.3619004e-01   9.4628187e-01  -3.5136161e-01  -3.2319758e-01  -9.7375669e-01  -9.9602952e-01
   9.3619004e-01   9.4628187e-01  -3.5136161e-01  -3.2319758e-01  -9.7375669e-01  -9.9602952e-01   1.5992924e+01   4.4212671e-02  -1.3637950e-02   9.4628187e-01   9.5552684e-01  -3.2319758e-01  -2.9474418e-01  -9.9602952e-01  -9.9602949e-01
   9.4628187e-01   9.5552684e-01  -3.2319758e-01  -2.9474418e-01  -9.9602952e-01  -9.9602949e-01   1.5959960e+01   4.4692982e-02  -1.2334616e-02   9.5552684e-01   9.6391652e-01  -2.9474418e-01  -2.6602701e-01  -9.9602949e-01  -9.7375699e-01
   9.5552684e-01   9.6391652e-01  -2.9474418e-01  -2.6602701e-01  -9.9602949e-01  -9.7375699e-01   1.5894770e+01   4.5226712e-02  -1.1037144e-02   9.6391652e-01   9.7144346e-01  -2.6602701e-01  -2.3707143e-01  -9.7375699e-01  -9.2970915e-01
   9.6391652e-01   9.7144346e-01  -2.6602701e-01  -2.3707143e-01  -9.7375699e-01  -9.2970915e-01   1.5798809e+01   4.5813236e-02  -9.7380024e-03   9.7144346e-01   9.7810074e-01  -2.3707143e-01  -2.0790383e-01  -9.2970915e-01  -8.6487075e-01
   9.7144346e-01   9.7810074e-01  -2.3707143e-01  -2.0790383e-01  -9.2970915e-01  -8.6487075e-01   1.5674221e+01   4.6450359e-02  -8.4295771e-03   9.7810074e-01   9.8388267e-01  -2.0790383e-01  -1.7855007e-01  -8.6487075e-01  -7.8068961e-01
   9.7810074e-01   9.8388267e-01  -2.0790383e-01  -1.7855007e-01  -8.6487075e-01  -7.8068961e-01   1.5523788e+01   4.7134097e-02  -7.1043928e-03   9.8388267e-01   9.8878346e-01  -1.7855007e-01  -1.4903661e-01  -7.8068961e-01  -6.7904626e-01
   9.8388267e-01   9.8878346e-01  -1.7855007e-01  -1.4903661e-01  -7.8068961e-01  -6.7904626e-01   1.5350873e+01   4.7858616e-02  -5.7552675e-03   9.8878346e-01   9.9279935e-01  -1.4903661e-01  -1.1938970e-01  -6.7904626e-01  -5.6221134e-01
   9.8878346e-01   9.9279935e-01  -1.4903661e-01  -1.1938970e-01  -6.7904626e-01  -5.6221134e-01   1.5159336e+01   4.8615959e-02  -4.3755579e-03   9.9279935e-01   9.9592658e-01  -1.1938970e-01  -8.9635882e-02  -5.6221134e-01  -4.3279467e-01
   9.9279935e-01   9.9592658e-01  -1.1938970e-01  -8.9635882e-02  -5.6221134e-01  -4.3279467e-01   1.4953457e+01   4.9395942e-02  -2.9593969e-03   9.9592658e-01   9.9816226e-01  -8.9635882e-02  -5.9801639e-02  -4.3279467e-01  -2.9368689e-01
   9.9592658e-01   9.9816226e-01  -8.9635882e-02  -5.9801639e-02  -4.3279467e-01  -2.9368689e-01   1.4737829e+01   5.0186043e-02  -1.5019448e-03   9.9816226e-01   9.9950446e-01  -5.9801639e-02  -2.9912709e-02  -2.9368689e-01  -1.4799233e-01
   9.9816226e-01   9.9950446e-01  -5.9801639e-02  -2.9912709e-02  -2.9368689e-01  -1.4799233e-01   1.4517289e+01   5.0971282e-02   1.0443025e-07   9.9950446e-01   9.9995248e-01  -2.9912709e-02   2.0487084e-06  -1.4799233e-01   1.0208360e-03
   9.9950446e-01   9.9995248e-01  -2.9912709e-02   2.0487084e-06  -1.4799233e-01   1.0208360e-03   1.4296737e+01   5.1734427e-02   1.5483649e-03   9.9995248e-01   9.9950471e-01   2.0487084e-06   2.9914278e-02   1.0208360e-03   1.5004271e-01
   9.9995248e-01   9.9950471e-01   2.0487084e-06   2.9914278e-02   1.0208360e-03   1.5004271e-01   1.4081116e+01   5.2456047e-02   3.1429115e-03   9.9950471e-01   9.9816171e-01   2.9914278e-02   5.9805001e-02   1.5004271e-01   2.9573271e-01
   9.9950471e-01   9.9816171e-01   2.9914278e-02   5.9805001e-02   1.5004271e-01   2.9573271e-01   1.3875235e+01   5.3115187e-02   4.7805085e-03   9.9816171e-01   9.9592665e-01   5.9805001e-02   8.9636056e-02   2.9573271e-01   4.3484089e-01
   9.9816171e-01   9.9592665e-01   5.9805001e-02   8.9636056e-02   2.9573271e-01   4.3484089e-01   1.3683703e+01   5.3689577e-02   6.4564525e-03   9.9592665e-01   9.9280027e-01   8.9636056e-02   1.1938943e-01   4.3484089e-01   5.6425499e-01
   9.9592665e-01   9.9280027e-01   8.9636056e-02   1.1938943e-01   4.3484089e-01   5.6425499e-01   1.3510784e+01   5.4156750e-02   8.1628446e-03   9.9280027e-01   9.8878400e-01   1.1938943e-01   1.4903572e-01   5.6425499e-01   6.8109182e-01
   9.9280027e-01   9.8878400e-01   1.1938943e-01   1.4903572e-01   5.6425499e-01   6.8109182e-01   1.3360351e+01   5.4495060e-02   9.8894724e-03   9.8878400e-01   9.8388260e-01   1.4903572e-01   1.7854976e-01   6.8109182e-01   7.8273594e-01
   9.8878400e-01   9.8388260e-01   1.4903572e-01   1.7854976e-01   6.8109182e-01   7.8273594e-01   1.3235763e+01   5.4684753e-02   1.1623742e-02   9.8388260e-01   9.7810061e-01   1.7854976e-01   2.0790420e-01   7.8273594e-01   8.6691660e-01
   9.8388260e-01   9.7810061e-01   1.7854976e-01   2.0790420e-01   7.8273594e-01   8.6691660e-01   1.3139801e+01   5.4709238e-02   1.3351209e-02   9.7810061e-01   9.7144390e-01   2.0790420e-01   2.3707058e-01   8.6691660e-01   9.3175623e-01
   9.7810061e-01   9.7144390e-01   2.0790420e-01   2.3707058e-01   8.6691660e-01   9.3175623e-01   1.3074610e+01   5.4555999e-02   1.5056586e-02   9.7144390e-01   9.6391679e-01   2.3707058e-01   2.6602566e-01   9.3175623e-01   9.7580378e-01
   9.7144390e-01   9.6391679e-01   2.3707058e-01   2.6602566e-01   9.3175623e-01   9.7580378e-01   1.3041649e+01   5.4217773e-02   1.6724246e-02   9.6391679e-01   9.5552589e-01   2.6602566e-01   2.9474559e-01   9.7580378e-01   9.9807512e-01
   9.6391679e-01   9.5552589e-01   2.6602566e-01   2.9474559e-01   9.7580378e-01   9.9807512e-01   1.3041648e+01   5.3693268e-02   1.8338640e-02   9.5552589e-01   9.4628204e-01   2.9474559e-01   3.2319742e-01   9.9807512e-01   9.9807552e-01
   9.5552589e-01   9.4628204e-01   2.9474559e-01   3.2319742e-01   9.9807512e-01   9.9807552e-01   1.3074612e+01   5.2986692e-02   1.9886455e-02   9.4628204e-01   9.3618979e-01   3.2319742e-01   3.5136173e-01   9.9807552e-01   9.7580264e-01
   9.4628204e-01   9.3618979e-01   3.2319742e-01   3.5136173e-01   9.9807552e-01   9.7580264e-01   1.3139798e+01   5.2108161e-02   2.1356244e-02   9.3618979e-01   9.2525774e-01   3.5136173e-01   3.7921181e-01   9.7580264e-01   9.3175787e-01
   9.3618979e-01   9.2525774e-01   3.5136173e-01   3.7921181e-01   9.7580264e-01   9.3175787e-01   1.3235761e+01   5.1073058e-02   2.2739441e-02   9.2525774e-01   9.1350109e-01   3.7921181e-01   4.0672136e-01   9.3175787e-01   8.6691795e-01
   9.2525774e-01   9.1350109e-01   3.7921181e-01   4.0672136e-01   9.3175787e-01   8.6691795e-01   1.3360350e+01   4.9900234e-02   2.4030952e-02   9.1350109e-01   9.0092510e-01   4.0672136e-01   4.3386745e-01   8.6691795e-01   7.8273680e-01
   9.1350109e-01   9.0092510e-01   4.0672136e-01   4.3386745e-01   8.6691795e-01   7.8273680e-01   1.3510784e+01   4.8611730e-02   2.5228938e-02   9.0092510e-01   8.8754400e-01   4.3386745e-01   4.6062531e-01   7.8273680e-01   6.8109215e-01
   9.0092510e-01   8.8754400e-01   4.3386745e-01   4.6062531e-01   7.8273680e-01   6.8109215e-01   1.3683699e+01   4.7230743e-02   2.6334833e-02   8.8754400e-01   8.7336656e-01   4.6062531e-01   4.8697016e-01   6.8109215e-01   5.6425763e-01
   8.8754400e-01   8.7336656e-01   4.6062531e-01   4.8697016e-01   6.8109215e-01   5.6425763e-01   1.3875236e+01   4.5780977e-02   2.7353144e-02   8.7336656e-01   8.5840793e-01   4.8697016e-01   5.1288019e-01   5.6425763e-01   4.3484039e-01
   8.7336656e-01   8.5840793e-01   4.8697016e-01   5.1288019e-01   5.6425763e-01   4.3484039e-01   1.4081116e+01   4.4285167e-02   2.8290683e-02   8.5840793e-01   8.4268186e-01   5.1288019e-01   5.3833026e-01   4.3484039e-01   2.9573236e-01
   8.5840793e-01   8.4268186e-01   5.1288019e-01   5.3833026e-01   4.3484039e-01   2.9573236e-01   1.4296739e+01   4.2764158e-02   2.9156398e-02   8.4268186e-01   8.2620000e-01   5.3833026e-01   5.6329919e-01   2.9573236e-01   1.5004140e-01
   8.4268186e-01   8.2620000e-01   5.3833026e-01   5.6329919e-01   2.9573236e-01   1.5004140e-01   1.4517287e+01   4.1236584e-02   2.9960512e-02   8.2620000e-01   8.0897747e-01   5.6329919e-01   5.8776398e-01   1.5004140e-01   1.0222910e-03
   8.2620000e-01   8.0897747e-01   5.6329919e-01   5.8776398e-01   1.5004140e-01   1.0222910e-03   1.4737834e+01   3.9718504e-02   3.0714033e-02   8.0897747e-01   7.9103342e-01   5.8776398e-01   6.1170045e-01   1.0222910e-03  -1.4799623e-01
   8.0897747e-01   7.9103342e-01   5.8776398e-01   6.1170045e-01   1.0222910e-03  -1.4799623e-01   1.4953457e+01   3.8222671e-02   3.1428725e-02   7.9103342e-01   7.7237982e-01   6.1170045e-01   6.3509201e-01  -1.4799623e-01  -2.9368722e-01
   7.9103342e-01   7.7237982e-01   6.1170045e-01   6.3509201e-01  -1.4799623e-01  -2.9368722e-01   1.5159336e+01   3.6759267e-02   3.2115948e-02   7.7237982e-01   7.5303522e-01   6.3509201e-01   6.5791411e-01  -2.9368722e-01  -4.3279436e-01
   7.7237982e-01   7.5303522e-01   6.3509201e-01   6.5791411e-01  -2.9368722e-01  -4.3279436e-01   1.5350873e+01   3.5335611e-02   3.2786997e-02   7.5303522e-01   7.3301687e-01   6.5791411e-01   6.8014734e-01  -4.3279436e-01  -5.6221151e-01
   7.5303522e-01   7.3301687e-01   6.5791411e-01   6.8014734e-01  -4.3279436e-01  -5.6221151e-01   1.5523789e+01   3.3956521e-02   3.3452563e-02   7.3301687e-01   7.1234305e-01   6.8014734e-01   7.0177098e-01  -5.6221151e-01  -6.7904649e-01
   7.3301687e-01   7.1234305e-01   6.8014734e-01   7.0177098e-01  -5.6221151e-01  -6.7904649e-01   1.5674221e+01   3.2624382e-02   3.4122798e-02   7.1234305e-01   6.9102941e-01   7.0177098e-01   7.2276792e-01  -6.7904649e-01  -7.8068957e-01
   7.1234305e-01   6.9102941e-01   7.0177098e-01   7.2276792e-01  -6.7904649e-01  -7.8068957e-01   1.5798810e+01   3.1339833e-02   3.4806866e-02   6.9102941e-01   6.6909739e-01   7.2276792e-01   7.4311765e-01  -7.8068957e-01  -8.6487153e-01
   6.9102941e-01   6.6909739e-01   7.2276792e-01   7.4311765e-01  -7.8068957e-01  -8.6487153e-01   1.5894769e+01   3.0101766e-02   3.5513111e-02   6.6909739e-01   6.4656841e-01   7.4311765e-01   7.6280095e-01  -8.6487153e-01  -9.2970886e-01
   6.6909739e-01   6.4656841e-01   7.4311765e-01   7.6280095e-01  -8.6487153e-01  -9.2970886e-01   1.5959957e+01   2.8907455e-02   3.6249021e-02   6.4656841e-01   6.2346183e-01   7.6280095e-01   7.8180113e-01  -9.2970886e-01  -9.7375503e-01
   6.4656841e-01   6.2346183e-01   7.6280095e-01   7.8180113e-01  -9.2970886e-01  -9.7375503e-01   1.5992923e+01   2.7752709e-02   3.7021172e-02   6.2346183e-01   5.9979318e-01   7.8180113e-01   8.0010375e-01  -9.7375503e-01  -9.9602928e-01
   6.2346183e-01   5.9979318e-01   7.8180113e-01   8.0010375e-01  -9.7375503e-01  -9.9602928e-01   1.5992923e+01   2.6632768e-02   3.7834858e-02   5.9979318e-01   5.7558893e-01   8.0010375e-01   8.1768915e-01  -9.9602928e-01  -9.9602919e-01
   5.9979318e-01   5.7558893e-01   8.0010375e-01   8.1768915e-01  -9.9602928e-01  -9.9602919e-01   1.5959957e+01   2.5541683e-02   3.8694401e-02   5.7558893e-01   5.5087049e-01   8.1768915e-01   8.3454187e-01  -9.9602919e-01  -9.7375478e-01
   5.7558893e-01   5.5087049e-01   8.1768915e-01   8.3454187e-01  -9.9602919e-01  -9.7375478e-01   1.5894769e+01   2.4472781e-02   3.9602865e-02   5.5087049e-01   5.2566109e-01   8.3454187e-01   8.5064650e-01  -9.7375478e-01  -9.2970899e-01
   5.5087049e-01   5.2566109e-01   8.3454187e-01   8.5064650e-01  -9.7375478e-01  -9.2970899e-01   1.5798808e+01   2.3418398e-02   4.0562204e-02   5.2566109e-01   4.9997672e-01   8.5064650e-01   8.6599253e-01  -9.2970899e-01  -8.6487030e-01
   5.2566109e-01   4.9997672e-01   8.5064650e-01   8.6599253e-01  -9.2970899e-01  -8.6487030e-01   1.5674221e+01   2.2370872e-02   4.1572491e-02   4.9997672e-01   4.7384592e-01   8.6599253e-01   8.8056270e-01  -8.6487030e-01  -7.8068964e-01
   4.9997672e-01   4.7384592e-01   8.6599253e-01   8.8056270e-01  -8.6487030e-01  -7.8068964e-01   1.5523788e+01   2.1321792e-02   4.2632316e-02   4.7384592e-01   4.4729051e-01   8.8056270e-01   8.9434464e-01  -7.8068964e-01  -6.7904581e-01
   4.7384592e-01   4.4729051e-01   8.8056270e-01   8.9434464e-01  -7.8068964e-01  -6.7904581e-01   1.5350873e+01   2.0262658e-02   4.3738249e-02   4.4729051e-01   4.2033714e-01   8.9434464e-01   9.0732473e-01  -6.7904581e-01  -5.6221131e-01
   4.4729051e-01   4.2033714e-01   8.9434464e-01   9.0732473e-01  -6.7904581e-01  -5.6221131e-01   1.5159336e+01   1.9184515e-02   4.4884892e-02   4.2033714e-01   3.9300610e-01   9.0732473e-01   9.1949349e-01  -5.6221131e-01  -4.3279483e-01
   4.2033714e-01   3.9300610e-01   9.0732473e-01   9.1949349e-01  -5.6221131e-01  -4.3279483e-01   1.4953457e+01   1.8078706e-02   4.6064331e-02   3.9300610e-01   3.6532318e-01   9.1949349e-01   9.3083916e-01  -4.3279483e-01  -2.9368698e-01
   3.9300610e-01   3.6532318e-01   9.1949349e-01   9.3083916e-01  -4.3279483e-01  -2.9368698e-01   1.4737833e+01   1.6936772e-02   4.7266139e-02   3.6532318e-01   3.3731261e-01   9.3083916e-01   9.4135202e-01  -2.9368698e-01  -1.4799559e-01
   3.6532318e-01   3.3731261e-01   9.3083916e-01   9.4135202e-01  -2.9368698e-01  -1.4799559e-01   1.4517286e+01   1.5750974e-02   4.8477068e-02   3.3731261e-01   3.0900189e-01   9.4135202e-01   9.5102092e-01  -1.4799559e-01   1.0227883e-03
   3.3731261e-01   3.0900189e-01   9.4135202e-01   9.5102092e-01  -1.4799559e-01   1.0227883e-03   1.4296737e+01   1.4514213e-02   4.9681363e-02   3.0900189e-01   2.8041336e-01   9.5102092e-01   9.5983967e-01   1.0227883e-03   1.5004286e-01
   3.0900189e-01   2.8041336e-01   9.5102092e-01   9.5983967e-01   1.0227883e-03   1.5004286e-01   1.4081114e+01   1.3220911e-02   5.0860397e-02   2.8041336e-01   2.5157455e-01   9.5983967e-01   9.6779873e-01   1.5004286e-01   2.9573354e-01
   2.8041336e-01   2.5157455e-01   9.5983967e-01   9.6779873e-01   1.5004286e-01   2.9573354e-01   1.3875235e+01   1.1867016e-02   5.1993320e-02   2.5157455e-01   2.2251033e-01   9.6779873e-01   9.7489125e-01   2.9573354e-01   4.3484120e-01
   2.5157455e-01   2.2251033e-01   9.6779873e-01   9.7489125e-01   2.9573354e-01   4.3484120e-01   1.3683699e+01   1.0450575e-02   5.3057483e-02   2.2251033e-01   1.9324664e-01   9.7489125e-01   9.8111164e-01   4.3484120e-01   5.6425771e-01
   2.2251033e-01   1.9324664e-01   9.7489125e-01   9.8111164e-01   4.3484120e-01   5.6425771e-01   1.3510784e+01   8.9720621e-03   5.4029082e-02   1.9324664e-01   1.6381026e-01   9.8111164e-01   9.8645307e-01   5.6425771e-01   6.8109165e-01
   1.9324664e-01   1.6381026e-01   9.8111164e-01   9.8645307e-01   5.6425771e-01   6.8109165e-01   1.3360351e+01   7.4345157e-03   5.4884450e-02   1.6381026e-01   1.3422667e-01   9.8645307e-01   9.9091284e-01   6.8109165e-01   7.8273592e-01
   1.6381026e-01   1.3422667e-01   9.8645307e-01   9.9091284e-01   6.8109165e-01   7.8273592e-01   1.3235763e+01   5.8438027e-03   5.5600792e-02   1.3422667e-01   1.0452322e-01   9.9091284e-01   9.9448499e-01   7.8273592e-01   8.6691711e-01
   1.3422667e-01   1.0452322e-01   9.9091284e-01   9.9448499e-01   7.8273592e-01   8.6691711e-01   1.3139802e+01   4.2084115e-03   5.6157870e-02   1.0452322e-01   7.4726612e-02   9.9448499e-01   9.9716660e-01   8.6691711e-01   9.3175557e-01
   1.0452322e-01   7.4726612e-02   9.9448499e-01   9.9716660e-01   8.6691711e-01   9.3175557e-01   1.3074612e+01   2.5391421e-03   5.6539142e-02   7.4726612e-02   4.4862563e-02   9.9716660e-01   9.9895584e-01   9.3175557e-01   9.7580293e-01
   7.4726612e-02   4.4862563e-02   9.9716660e-01   9.9895584e-01   9.3175557e-01   9.7580293e-01   1.3041645e+01   8.4871744e-04   5.6732709e-02   4.4862563e-02   1.4957664e-02   9.9895584e-01   9.9984845e-01   9.7580293e-01   9.9807765e-01
   4.4862563e-02   1.4957664e-02   9.9895584e-01   9.9984845e-01   9.7580293e-01   9.9807765e-01   1.3041648e+01  -8.4879466e-04   5.6732801e-02   1.4957664e-02  -1.4959028e-02   9.9984845e-01   9.9985028e-01   9.9807765e-01   9.9807590e-01
   1.4957664e-02  -1.4959028e-02   9.9984845e-01   9.9985028e-01   9.9807765e-01   9.9807590e-01   1.3074612e+01  -2.5391502e-03   5.6539148e-02  -1.4959028e-02  -4.4862706e-02   9.9985028e-01   9.9895594e-01   9.9807590e-01   9.7580303e-01
  -1.4959028e-02  -4.4862706e-02   9.9985028e-01   9.9895594e-01   9.9807590e-01   9.7580303e-01   1.3139803e+01  -4.2083556e-03   5.6157879e-02  -4.4862706e-02  -7.4725624e-02   9.9895594e-01   9.9716681e-01   9.7580303e-01   9.3175504e-01
  -4.4862706e-02  -7.4725624e-02   9.9895594e-01   9.9716681e-01   9.7580303e-01   9.3175504e-01   1.3235764e+01  -5.8437756e-03   5.5600768e-02  -7.4725624e-02  -1.0452275e-01   9.9716681e-01   9.9448463e-01   9.3175504e-01   8.6691647e-01
  -7.4725624e-02  -1.0452275e-01   9.9716681e-01   9.9448463e-01   9.3175504e-01   8.6691647e-01   1.3360351e+01  -7.4345177e-03   5.4884444e-02  -1.0452275e-01  -1.3422671e-01   9.9448463e-01   9.9091275e-01   8.6691647e-01   7.8273580e-01
  -1.0452275e-01  -1.3422671e-01   9.9448463e-01   9.9091275e-01   8.6691647e-01   7.8273580e-01   1.3510783e+01  -8.9720499e-03   5.4029130e-02  -1.3422671e-01  -1.6381003e-01   9.9091275e-01   9.8645386e-01   7.8273580e-01   6.8109257e-01
  -1.3422671e-01  -1.6381003e-01   9.9091275e-01   9.8645386e-01   7.8273580e-01   6.8109257e-01   1.3683699e+01  -1.0450582e-02   5.3057542e-02  -1.6381003e-01  -1.9324678e-01   9.8645386e-01   9.8111272e-01   6.8109257e-01   5.6425770e-01
  -1.6381003e-01  -1.9324678e-01   9.8645386e-01   9.8111272e-01   6.8109257e-01   5.6425770e-01   1.3875235e+01  -1.1867008e-02   5.1993334e-02  -1.9324678e-01  -2.2251018e-01   9.8111272e-01   9.7489156e-01   5.6425770e-01   4.3484095e-01
  -1.9324678e-01  -2.2251018e-01   9.8111272e-01   9.7489156e-01   5.6425770e-01   4.3484095e-01   1.4081114e+01  -1.3220921e-02   5.0860386e-02  -2.2251018e-01  -2.5157473e-01   9.7489156e-01   9.6779853e-01   4.3484095e-01   2.9573351e-01
  -2.2251018e-01  -2.5157473e-01   9.7489156e-01   9.6779853e-01   4.3484095e-01   2.9573351e-01   1.4296737e+01  -1.4514226e-02   4.9681359e-02  -2.5157473e-01  -2.8041360e-01   9.6779853e-01   9.5983962e-01   2.9573351e-01   1.5004270e-01
  -2.5157473e-01  -2.8041360e-01   9.6779853e-01   9.5983962e-01   2.9573351e-01   1.5004270e-01   1.4517286e+01  -1.5751024e-02   4.8477100e-02  -2.8041360e-01  -3.0900286e-01   9.5983962e-01   9.5102148e-01   1.5004270e-01   1.0232988e-03
  -2.8041360e-01  -3.0900286e-01   9.5983962e-01   9.5102148e-01   1.5004270e-01   1.0232988e-03   1.4737835e+01  -1.6936849e-02   4.7266090e-02  -3.0900286e-01  -3.3731417e-01   9.5102148e-01   9.4135112e-01   1.0232988e-03  -1.4799652e-01
  -3.0900286e-01  -3.3731417e-01   9.5102148e-01   9.4135112e-01   1.0232988e-03  -1.4799652e-01   1.4953457e+01  -1.8078737e-02   4.6064313e-02  -3.3731417e-01  -3.6532381e-01   9.4135112e-01   9.3083884e-01  -1.4799652e-01  -2.9368739e-01
  -3.3731417e-01  -3.6532381e-01   9.4135112e-01   9.3083884e-01  -1.4799652e-01  -2.9368739e-01   1.5159336e+01  -1.9184517e-02   4.4884892e-02  -3.6532381e-01  -3.9300615e-01   9.3083884e-01   9.1949347e-01  -2.9368739e-01  -4.3279474e-01
  -3.6532381e-01  -3.9300615e-01   9.3083884e-01   9.1949347e-01  -2.9368739e-01  -4.3279474e-01   1.5350872e+01  -2.0262667e-02   4.3738147e-02  -3.9300615e-01  -4.2033731e-01   9.1949347e-01   9.0732258e-01  -4.3279474e-01  -5.6221098e-01
  -3.9300615e-01  -4.2033731e-01   9.1949347e-01   9.0732258e-01  -4.3279474e-01  -5.6221098e-01   1.5523786e+01  -2.1321791e-02   4.2632296e-02  -4.2033731e-01  -4.4729042e-01   9.0732258e-01   8.9434412e-01  -5.6221098e-01  -6.7904460e-01
  -4.2033731e-01  -4.4729042e-01   9.0732258e-01   8.9434412e-01  -5.6221098e-01  -6.7904460e-01   1.5674220e+01  -2.2370889e-02   4.1572442e-02  -4.4729042e-01  -4.7384629e-01   8.9434412e-01   8.8056164e-01  -6.7904460e-01  -7.8068947e-01
  -4.4729042e-01  -4.7384629e-01   8.9434412e-01   8.8056164e-01  -6.7904460e-01  -7.8068947e-01   1.5798809e+01  -2.3418364e-02   4.0562231e-02  -4.7384629e-01  -4.9997601e-01   8.8056164e-01   8.6599315e-01  -7.8068947e-01  -8.6487081e-01
  -4.7384629e-01  -4.9997601e-01   8.8056164e-01   8.6599315e-01  -7.8068947e-01  -8.6487081e-01   1.5894769e+01  -2.4472672e-02   3.9602865e-02  -4.9997601e-01  -5.2565874e-01   8.6599315e-01   8.5064648e-01  -8.6487081e-01  -9.2970882e-01
  -4.9997601e-01  -5.2565874e-01   8.6599315e-01   8.5064648e-01  -8.6487081e-01  -9.2970882e-01   1.5959959e+01  -2.5541677e-02   3.8694375e-02  -5.2565874e-01  -5.5087045e-01   8.5064648e-01   8.3454143e-01  -9.2970882e-01  -9.7375636e-01
  -5.2565874e-01  -5.5087045e-01   8.5064648e-01   8.3454143e-01  -9.2970882e-01  -9.7375636e-01   1.5992924e+01  -2.6632787e-02   3.7834860e-02  -5.5087045e-01  -5.7558937e-01   8.3454143e-01   8.1768923e-01  -9.7375636e-01  -9.9602960e-01
  -5.5087045e-01  -5.7558937e-01   8.3454143e-01   8.1768923e-01  -9.7375636e-01  -9.9602960e-01   1.5992923e+01  -2.7752705e-02   3.7021171e-02  -5.7558937e-01  -5.9979308e-01   8.1768923e-01   8.0010371e-01  -9.9602960e-01  -9.9602925e-01
  -5.7558937e-01  -5.9979308e-01   8.1768923e-01   8.0010371e-01  -9.9602960e-01  -9.9602925e-01   1.5959960e+01  -2.8907361e-02   3.6249072e-02  -5.9979308e-01  -6.2345991e-01   8.0010371e-01   7.8180236e-01  -9.9602925e-01  -9.7375678e-01
  -5.9979308e-01  -6.2345991e-01   8.0010371e-01   7.8180236e-01  -9.9602925e-01  -9.7375678e-01   1.5894770e+01  -3.0101775e-02   3.5513121e-02  -6.2345991e-01  -6.4656862e-01   7.8180236e-01   7.6280119e-01  -9.7375678e-01  -9.2970935e-01
  -6.2345991e-01  -6.4656862e-01   7.8180236e-01   7.6280119e-01  -9.7375678e-01  -9.2970935e-01   1.5798809e+01  -3.1339871e-02   3.4806840e-02  -6.4656862e-01  -6.6909817e-01   7.6280119e-01   7.4311707e-01  -9.2970935e-01  -8.6487121e-01
  -6.4656862e-01  -6.6909817e-01   7.6280119e-01   7.4311707e-01  -9.2970935e-01  -8.6487121e-01   1.5674220e+01  -3.2624381e-02   3.4122785e-02  -6.6909817e-01  -6.9102938e-01   7.4311707e-01   7.2276764e-01  -8.6487121e-01  -7.8068944e-01
  -6.6909817e-01  -6.9102938e-01   7.4311707e-01   7.2276764e-01  -8.6487121e-01  -7.8068944e-01   1.5523788e+01  -3.3956486e-02   3.3452632e-02  -6.9102938e-01  -7.1234229e-01   7.2276764e-01   7.0177240e-01  -7.8068944e-01  -6.7904607e-01
  -6.9102938e-01  -7.1234229e-01   7.2276764e-01   7.0177240e-01  -7.8068944e-01  -6.7904607e-01   1.5350870e+01  -3.5335645e-02   3.2787043e-02  -7.1234229e-01  -7.3301743e-01   7.0177240e-01   6.8014817e-01  -6.7904607e-01  -5.6220959e-01
  -7.1234229e-01  -7.3301743e-01   7.0177240e-01   6.8014817e-01  -6.7904607e-01  -5.6220959e-01   1.5159336e+01  -3.6759264e-02   3.2115962e-02  -7.3301743e-01  -7.5303519e-01   6.8014817e-01   6.5791441e-01  -5.6220959e-01  -4.3279469e-01
  -7.3301743e-01  -7.5303519e-01   6.8014817e-01   6.5791441e-01  -5.6220959e-01  -4.3279469e-01   1.4953458e+01  -3.8222673e-02   3.1428708e-02  -7.5303519e-01  -7.7237993e-01   6.5791441e-01   6.3509172e-01  -4.3279469e-01  -2.9368793e-01
  -7.5303519e-01  -7.7237993e-01   6.5791441e-01   6.3509172e-01  -4.3279469e-01  -2.9368793e-01   1.4737833e+01  -3.9718454e-02   3.0714225e-02  -7.7237993e-01  -7.9103237e-01   6.3509172e-01   6.1170422e-01  -2.9368793e-01  -1.4799542e-01
  -7.7237993e-01  -7.9103237e-01   6.3509172e-01   6.1170422e-01  -2.9368793e-01  -1.4799542e-01   1.4517284e+01  -4.1236653e-02   2.9960503e-02  -7.9103237e-01  -8.0897866e-01   6.1170422e-01   5.8776370e-01  -1.4799542e-01   1.0241296e-03
  -7.9103237e-01  -8.0897866e-01   6.1170422e-01   5.8776370e-01  -1.4799542e-01   1.0241296e-03   1.4296737e+01  -4.2764116e-02   2.9156385e-02  -8.0897866e-01  -8.2619909e-01   5.8776370e-01   5.6329887e-01   1.0241296e-03   1.5004250e-01
  -8.0897866e-01  -8.2619909e-01   5.8776370e-01   5.6329887e-01   1.0241296e-03   1.5004250e-01   1.4081114e+01  -4.4285121e-02   2.8290689e-02  -8.2619909e-01  -8.4268087e-01   5.6329887e-01   5.3833030e-01   1.5004250e-01   2.9573365e-01
  -8.2619909e-01  -8.4268087e-01   5.6329887e-01   5.3833030e-01   1.5004250e-01   2.9573365e-01   1.3875235e+01  -4.5780975e-02   2.7353200e-02  -8.4268087e-01  -8.5840780e-01   5.3833030e-01   5.1288117e-01   2.9573365e-01   4.3484147e-01
  -8.4268087e-01  -8.5840780e-01   5.3833030e-01   5.1288117e-01   2.9573365e-01   4.3484147e-01   1.3683695e+01  -4.7230824e-02   2.6334693e-02  -8.5840780e-01  -8.7336784e-01   5.1288117e-01   4.8696745e-01   4.3484147e-01   5.6425994e-01
  -8.5840780e-01  -8.7336784e-01   5.1288117e-01   4.8696745e-01   4.3484147e-01   5.6425994e-01   1.3510783e+01  -4.8611694e-02   2.5228931e-02  -8.7336784e-01  -8.8754329e-01   4.8696745e-01   4.6062514e-01   5.6425994e-01   6.8109272e-01
  -8.7336784e-01  -8.8754329e-01   4.8696745e-01   4.6062514e-01   5.6425994e-01   6.8109272e-01   1.3360351e+01  -4.9900256e-02   2.4030946e-02  -8.8754329e-01  -9.0092560e-01   4.6062514e-01   4.3386739e-01   6.8109272e-01   7.8273573e-01
  -8.8754329e-01  -9.0092560e-01   4.6062514e-01   4.3386739e-01   6.8109272e-01   7.8273573e-01   1.3235763e+01  -5.1073067e-02   2.2739443e-02  -9.0092560e-01  -9.1350138e-01   4.3386739e-01   4.0672147e-01   7.8273573e-01   8.6691681e-01
  -9.0092560e-01  -9.1350138e-01   4.3386739e-01   4.0672147e-01   7.8273573e-01   8.6691681e-01   1.3139802e+01  -5.2108269e-02   2.1356197e-02  -9.1350138e-01  -9.2525992e-01   4.0672147e-01   3.7921109e-01   8.6691681e-01   9.3175534e-01
  -9.1350138e-01  -9.2525992e-01   4.0672147e-01   3.7921109e-01   8.6691681e-01   9.3175534e-01   1.3074613e+01  -5.2986634e-02   1.9886485e-02  -9.2525992e-01  -9.3618883e-01   3.7921109e-01   3.5136229e-01   9.3175534e-01   9.7580208e-01
  -9.2525992e-01  -9.3618883e-01   3.7921109e-01   3.5136229e-01   9.3175534e-01   9.7580208e-01   1.3041647e+01  -5.3693364e-02   1.8338645e-02  -9.3618883e-01  -9.4628366e-01   3.5136229e-01   3.2319748e-01   9.7580208e-01   9.9807626e-01
  -9.3618883e-01  -9.4628366e-01   3.5136229e-01   3.2319748e-01   9.7580208e-01   9.9807626e-01   1.3041649e+01  -5.4217785e-02   1.6724192e-02  -9.4628366e-01  -9.5552612e-01   3.2319748e-01   2.9474466e-01   9.9807626e-01   9.9807487e-01
  -9.4628366e-01  -9.5552612e-01   3.2319748e-01   2.9474466e-01   9.9807626e-01   9.9807487e-01   1.3074612e+01  -5.4555953e-02   1.5056633e-02  -9.5552612e-01  -9.6391611e-01   2.9474466e-01   2.6602654e-01   9.9807487e-01   9.7580258e-01
  -9.5552612e-01  -9.6391611e-01   2.9474466e-01   2.6602654e-01   9.9807487e-01   9.7580258e-01   1.3139802e+01  -5.4709205e-02   1.3351252e-02  -9.6391611e-01  -9.7144340e-01   2.6602654e-01   2.3707136e-01   9.7580258e-01   9.3175542e-01
  -9.6391611e-01  -9.7144340e-01   2.6602654e-01   2.3707136e-01   9.7580258e-01   9.3175542e-01   1.3235763e+01  -5.4684765e-02   1.1623728e-02  -9.7144340e-01  -9.7810079e-01   2.3707136e-01   2.0790394e-01   9.3175542e-01   8.6691701e-01
  -9.7144340e-01  -9.7810079e-01   2.3707136e-01   2.0790394e-01   9.3175542e-01   8.6691701e-01   1.3360351e+01  -5.4495035e-02   9.8894546e-03  -9.7810079e-01  -9.8388218e-01   2.0790394e-01   1.7854944e-01   8.6691701e-01   7.8273551e-01
  -9.7810079e-01  -9.8388218e-01   2.0790394e-01   1.7854944e-01   8.6691701e-01   7.8273551e-01   1.3510783e+01  -5.4156753e-02   8.1628677e-03  -9.8388218e-01  -9.8878395e-01   1.7854944e-01   1.4903613e-01   7.8273551e-01   6.8109273e-01
