   0.0000000e+00   0.0000000e+00   0.0000000e+00   0.0000000e+00   0.0000000e+00   0.0000000e+00   2.2555731e-01   3.2483904e+00   4.4652284e-01   0.0000000e+00   9.9013270e-01   0.0000000e+00   1.3610337e-01   0.0000000e+00   9.6575964e+00
   0.0000000e+00   9.9013270e-01   0.0000000e+00   1.3610337e-01   0.0000000e+00   9.6575964e+00  -3.9867034e-02  -1.7959220e+01  -3.3193194e+00   9.9013270e-01   9.6754165e-01   1.3610337e-01   1.7882624e-01   9.6575964e+00   9.8369372e+00
   9.9013270e-01   9.6754165e-01   1.3610337e-01   1.7882624e-01   9.6575964e+00   9.8369372e+00   1.6637168e+00   4.3328695e-01   1.0037961e-01   9.6754165e-01   9.7414431e-01   1.7882624e-01   2.2568007e-01   9.8369372e+00   8.6858670e+00
   9.6754165e-01   9.7414431e-01   1.7882624e-01   2.2568007e-01   9.8369372e+00   8.6858670e+00   2.6886855e+00   2.6500771e-01   7.4252401e-02   9.7414431e-01   9.6286808e-01   2.2568007e-01   2.6978561e-01   8.6858670e+00   7.9933206e+00
   9.7414431e-01   9.6286808e-01   2.2568007e-01   2.6978561e-01   8.6858670e+00   7.9933206e+00   3.8772044e+00   1.8123849e-01   5.9802310e-02   9.6286808e-01   9.4959280e-01   2.6978561e-01   3.1333213e-01   7.9933206e+00   7.1902673e+00
   9.6286808e-01   9.4959280e-01   2.6978561e-01   3.1333213e-01   7.9933206e+00   7.1902673e+00   5.1943213e+00   1.3311046e-01   5.0749652e-02   9.4959280e-01   9.3434931e-01   3.1333213e-01   3.5622973e-01   7.1902673e+00   6.3003235e+00
   9.4959280e-01   9.3434931e-01   3.1333213e-01   3.5622973e-01   7.1902673e+00   6.3003235e+00   6.6018164e+00   1.0280562e-01   4.4655220e-02   9.3434931e-01   9.1716731e-01   3.5622973e-01   3.9838590e-01   6.3003235e+00   5.3493132e+00
   9.3434931e-01   9.1716731e-01   3.5622973e-01   3.9838590e-01   6.3003235e+00   5.3493132e+00   8.0595235e+00   8.2459257e-02   4.0373582e-02   9.1716731e-01   8.9808421e-01   3.9838590e-01   4.3971869e-01   5.3493132e+00   4.3643760e+00
   9.1716731e-01   8.9808421e-01   3.9838590e-01   4.3971869e-01   5.3493132e+00   4.3643760e+00   9.5267184e+00   6.8133003e-02   3.7295407e-02   8.9808421e-01   8.7714045e-01   4.3971869e-01   4.8013898e-01   4.3643760e+00   3.3730281e+00
   8.9808421e-01   8.7714045e-01   4.3971869e-01   4.8013898e-01   4.3643760e+00   3.3730281e+00   1.0963502e+01   5.7667667e-02   3.5068873e-02   8.7714045e-01   8.5437780e-01   4.8013898e-01   5.1956439e-01   3.3730281e+00   2.4022286e+00
   8.7714045e-01   8.5437780e-01   4.8013898e-01   5.1956439e-01   3.3730281e+00   2.4022286e+00   1.2332144e+01   4.9795556e-02   3.3477963e-02   8.5437780e-01   8.2984592e-01   5.1956439e-01   5.5791226e-01   2.4022286e+00   1.4774701e+00
   8.5437780e-01   8.2984592e-01   5.1956439e-01   5.5791226e-01   2.4022286e+00   1.4774701e+00   1.3598325e+01   4.3730276e-02   3.2384738e-02   8.2984592e-01   8.0359258e-01   5.5791226e-01   5.9510567e-01   1.4774701e+00   6.2194259e-01
   8.2984592e-01   8.0359258e-01   5.5791226e-01   5.9510567e-01   1.4774701e+00   6.2194259e-01   1.4302342e+01   4.0133153e-02   3.2651151e-02   8.0359258e-01   7.7567306e-01   5.9510567e-01   6.3106476e-01   6.2194259e-01   1.4625571e-01
   8.0359258e-01   7.7567306e-01   5.9510567e-01   6.3106476e-01   6.2194259e-01   1.4625571e-01   1.3325100e+01   4.1436779e-02   3.6970029e-02   7.7567306e-01   7.4614761e-01   6.3106476e-01   6.6571531e-01   1.4625571e-01   8.0655400e-01
   7.7567306e-01   7.4614761e-01   6.3106476e-01   6.6571531e-01   1.4625571e-01   8.0655400e-01   1.2522786e+01   4.2255458e-02   4.1304688e-02   7.4614761e-01   7.1507573e-01   6.6571531e-01   6.9898615e-01   8.0655400e-01   1.3486584e+00
   7.4614761e-01   7.1507573e-01   6.6571531e-01   6.9898615e-01   8.0655400e-01   1.3486584e+00   1.1907071e+01   4.2417280e-02   4.5418290e-02   7.1507573e-01   6.8252101e-01   6.9898615e-01   7.3080918e-01   1.3486584e+00   1.7646820e+00
   7.1507573e-01   6.8252101e-01   6.9898615e-01   7.3080918e-01   1.3486584e+00   1.7646820e+00   1.1482827e+01   4.1795266e-02   4.9049425e-02   6.8252101e-01   6.4855108e-01   7.3080918e-01   7.6111630e-01   1.7646820e+00   2.0513332e+00
   6.8252101e-01   6.4855108e-01   7.3080918e-01   7.6111630e-01   1.7646820e+00   2.0513332e+00   1.1248175e+01   4.0343959e-02   5.1962782e-02   6.4855108e-01   6.1323770e-01   7.6111630e-01   7.8984655e-01   2.0513332e+00   2.2098821e+00
   6.4855108e-01   6.1323770e-01   7.6111630e-01   7.8984655e-01   2.0513332e+00   2.2098821e+00   1.1194769e+01   3.8118080e-02   5.4001576e-02   6.1323770e-01   5.7665284e-01   7.8984655e-01   8.1693943e-01   2.2098821e+00   2.2459668e+00
   6.1323770e-01   5.7665284e-01   7.8984655e-01   8.1693943e-01   2.2098821e+00   2.2459668e+00   1.1308336e+01   3.5263006e-02   5.5121368e-02   5.7665284e-01   5.3887287e-01   8.1693943e-01   8.4233913e-01   2.2459668e+00   2.1692323e+00
   5.7665284e-01   5.3887287e-01   8.1693943e-01   8.4233913e-01   2.2459668e+00   2.1692323e+00   1.1569408e+01   3.1979373e-02   5.5390458e-02   5.3887287e-01   4.9997624e-01   8.4233913e-01   8.6599299e-01   2.1692323e+00   1.9928324e+00
   5.3887287e-01   4.9997624e-01   8.4233913e-01   8.6599299e-01   2.1692323e+00   1.9928324e+00   1.1954240e+01   2.8477912e-02   5.4960472e-02   4.9997624e-01   4.6004297e-01   8.6599299e-01   8.8785227e-01   1.9928324e+00   1.7328107e+00
   4.9997624e-01   4.6004297e-01   8.6599299e-01   8.8785227e-01   1.9928324e+00   1.7328107e+00   1.2435865e+01   2.4942089e-02   5.4023104e-02   4.6004297e-01   4.1915738e-01   8.8785227e-01   9.0787033e-01   1.7328107e+00   1.4073883e+00
   4.6004297e-01   4.1915738e-01   8.8785227e-01   9.0787033e-01   1.7328107e+00   1.4073883e+00   1.2985240e+01   2.1507318e-02   5.2771069e-02   4.1915738e-01   3.7740228e-01   9.0787033e-01   9.2600677e-01   1.4073883e+00   1.0361890e+00
   4.1915738e-01   3.7740228e-01   9.0787033e-01   9.2600677e-01   1.4073883e+00   1.0361890e+00   1.3572447e+01   1.8257498e-02   5.1372248e-02   3.7740228e-01   3.3486342e-01   9.2600677e-01   9.4222586e-01   1.0361890e+00   6.3942744e-01
   3.7740228e-01   3.3486342e-01   9.2600677e-01   9.4222586e-01   1.0361890e+00   6.3942744e-01   1.4167879e+01   1.5232150e-02   4.9958371e-02   3.3486342e-01   2.9163141e-01   9.4222586e-01   9.5649207e-01   6.3942744e-01   2.3710909e-01
   3.3486342e-01   2.9163141e-01   9.4222586e-01   9.5649207e-01   6.3942744e-01   2.3710909e-01   1.4291178e+01   1.2830918e-02   5.0163253e-02   2.9163141e-01   2.4779585e-01   9.5649207e-01   9.6877293e-01   2.3710909e-01   1.5379884e-01
   2.9163141e-01   2.4779585e-01   9.5649207e-01   9.6877293e-01   2.3710909e-01   1.5379884e-01   1.3761206e+01   1.0940188e-02   5.2647652e-02   2.4779585e-01   2.0344619e-01   9.6877293e-01   9.7904754e-01   1.5379884e-01   5.1188791e-01
   2.4779585e-01   2.0344619e-01   9.6877293e-01   9.7904754e-01   1.5379884e-01   5.1188791e-01   1.3298966e+01   8.8292277e-03   5.4936362e-02   2.0344619e-01   1.5867513e-01   9.7904754e-01   9.8729299e-01   5.1188791e-01   8.2421216e-01
   2.0344619e-01   1.5867513e-01   9.7904754e-01   9.8729299e-01   5.1188791e-01   8.2421216e-01   1.2922452e+01   6.5038191e-03   5.6891936e-02   1.5867513e-01   1.1357472e-01   9.8729299e-01   9.9349096e-01   8.2421216e-01   1.0786135e+00
   1.5867513e-01   1.1357472e-01   9.8729299e-01   9.9349096e-01   8.2421216e-01   1.0786135e+00   1.2644905e+01   3.9933516e-03   5.8382963e-02   1.1357472e-01   6.8237230e-02   9.9349096e-01   9.9763109e-01   1.0786135e+00   1.2661454e+00
   1.1357472e-01   6.8237230e-02   9.9349096e-01   9.9763109e-01   1.0786135e+00   1.2661454e+00   1.2474465e+01   1.3502898e-03   5.9303584e-02   6.8237230e-02   2.2762354e-02   9.9763109e-01   9.9970333e-01   1.2661454e+00   1.3813076e+00
   6.8237230e-02   2.2762354e-02   9.9763109e-01   9.9970333e-01   1.2661454e+00   1.3813076e+00   1.2414034e+01  -1.3568350e-03   5.9592287e-02   2.2762354e-02  -2.2761886e-02   9.9970333e-01   9.9970361e-01   1.3813076e+00   1.4221392e+00
   2.2762354e-02  -2.2761886e-02   9.9970333e-01   9.9970361e-01   1.3813076e+00   1.4221392e+00   1.2461381e+01  -4.0521226e-03   5.9242861e-02  -2.2761886e-02  -6.8236545e-02   9.9970361e-01   9.9763224e-01   1.4221392e+00   1.3901481e+00
  -2.2761886e-02  -6.8236545e-02   9.9970361e-01   9.9763224e-01   1.4221392e+00   1.3901481e+00   1.2609424e+01  -6.6652706e-03   5.8304324e-02  -6.8236545e-02  -1.1357462e-01   9.9763224e-01   9.9349178e-01   1.3901481e+00   1.2901192e+00
  -6.8236545e-02  -1.1357462e-01   9.9763224e-01   9.9349178e-01   1.3901481e+00   1.2901192e+00   1.2846761e+01  -9.1399666e-03   5.6870083e-02  -1.1357462e-01  -1.5867427e-01   9.9349178e-01   9.8729234e-01   1.2901192e+00   1.1297564e+00
  -1.1357462e-01  -1.5867427e-01   9.9349178e-01   9.8729234e-01   1.2901192e+00   1.1297564e+00   1.3158303e+01  -1.1441460e-02   5.5060042e-02  -1.5867427e-01  -2.0344622e-01   9.8729234e-01   9.7904962e-01   1.1297564e+00   9.1925473e-01
  -1.5867427e-01  -2.0344622e-01   9.8729234e-01   9.7904962e-01   1.1297564e+00   9.1925473e-01   1.3526110e+01  -1.3556551e-02   5.3000701e-02  -2.0344622e-01  -2.4779378e-01   9.7904962e-01   9.6877473e-01   9.1925473e-01   6.7073667e-01
  -2.0344622e-01  -2.4779378e-01   9.7904962e-01   9.6877473e-01   9.1925473e-01   6.7073667e-01   1.3930259e+01  -1.5491997e-02   5.0810474e-02  -2.4779378e-01  -2.9163180e-01   9.6877473e-01   9.5649061e-01   6.7073667e-01   3.9766308e-01
  -2.4779378e-01  -2.9163180e-01   9.6877473e-01   9.5649061e-01   6.7073667e-01   3.9766308e-01   1.4349842e+01  -1.7268416e-02   4.8589187e-02  -2.9163180e-01  -3.3486357e-01   9.5649061e-01   9.4222587e-01   3.9766308e-01   1.1416095e-01
  -2.9163180e-01  -3.3486357e-01   9.5649061e-01   9.4222587e-01   3.9766308e-01   1.1416095e-01   1.4270648e+01  -1.9569996e-02   4.8017898e-02  -3.3486357e-01  -3.7740070e-01   9.4222587e-01   9.2600879e-01   1.1416095e-01   1.6767051e-01
  -3.3486357e-01  -3.7740070e-01   9.4222587e-01   9.2600879e-01   1.1416095e-01   1.6767051e-01   1.3882067e+01  -2.2343817e-02   4.8395046e-02  -3.7740070e-01  -4.1915995e-01   9.2600879e-01   9.0786926e-01   1.6767051e-01   4.3022522e-01
  -3.7740070e-01  -4.1915995e-01   9.2600879e-01   9.0786926e-01   1.6767051e-01   4.3022522e-01   1.3537175e+01  -2.5147920e-02   4.8533802e-02  -4.1915995e-01  -4.6004295e-01   9.0786926e-01   8.8785210e-01   4.3022522e-01   6.6326042e-01
  -4.1915995e-01  -4.6004295e-01   9.0786926e-01   8.8785210e-01   4.3022522e-01   6.6326042e-01   1.3251546e+01  -2.7919907e-02   4.8359292e-02  -4.6004295e-01  -4.9997556e-01   8.8785210e-01   8.6599372e-01   6.6326042e-01   8.5625302e-01
  -4.6004295e-01  -4.9997556e-01   8.8785210e-01   8.6599372e-01   6.6326042e-01   8.5625302e-01   1.3037510e+01  -3.0586041e-02   4.7810607e-02  -4.9997556e-01  -5.3887274e-01   8.6599372e-01   8.4233957e-01   8.5625302e-01   1.0008714e+00
  -4.9997556e-01  -5.3887274e-01   8.6599372e-01   8.4233957e-01   8.5625302e-01   1.0008714e+00   1.2903661e+01  -3.3069917e-02   4.6849893e-02  -5.3887274e-01  -5.7665268e-01   8.4233957e-01   8.1693935e-01   1.0008714e+00   1.0913105e+00
  -5.3887274e-01  -5.7665268e-01   8.4233957e-01   8.1693935e-01   1.0008714e+00   1.0913105e+00   1.2854541e+01  -3.5302356e-02   4.5469215e-02  -5.7665268e-01  -6.1323730e-01   8.1693935e-01   7.8984582e-01   1.0913105e+00   1.1244990e+00
  -5.7665268e-01  -6.1323730e-01   8.1693935e-01   7.8984582e-01   1.0913105e+00   1.1244990e+00   1.2890539e+01  -3.7231017e-02   4.3692981e-02  -6.1323730e-01  -6.4855120e-01   7.8984582e-01   7.6111635e-01   1.1244990e+00   1.1001761e+00
  -6.1323730e-01  -6.4855120e-01   7.8984582e-01   7.6111635e-01   1.1244990e+00   1.1001761e+00   1.3007948e+01  -3.8827432e-02   4.1574467e-02  -6.4855120e-01  -6.8252057e-01   7.6111635e-01   7.3080881e-01   1.1001761e+00   1.0208458e+00
  -6.4855120e-01  -6.8252057e-01   7.6111635e-01   7.3080881e-01   1.1001761e+00   1.0208458e+00   1.3199235e+01  -4.0089849e-02   3.9187836e-02  -6.8252057e-01  -7.1507479e-01   7.3080881e-01   6.9898577e-01   1.0208458e+00   8.9159774e-01
  -6.8252057e-01  -7.1507479e-01   7.3080881e-01   6.9898577e-01   1.0208458e+00   8.9159774e-01   1.3453462e+01  -4.1041444e-02   3.6617291e-02  -7.1507479e-01  -7.4614800e-01   6.9898577e-01   6.6571533e-01   8.9159774e-01   7.1982274e-01
  -7.1507479e-01  -7.4614800e-01   6.9898577e-01   6.6571533e-01   8.9159774e-01   7.1982274e-01   1.3756873e+01  -4.1724599e-02   3.3945757e-02  -7.4614800e-01  -7.7567568e-01   6.6571533e-01   6.3106415e-01   7.1982274e-01   5.1481558e-01
  -7.4614800e-01  -7.7567568e-01   6.6571533e-01   6.3106415e-01   7.1982274e-01   5.1481558e-01   1.4093583e+01  -4.2193582e-02   3.1246701e-02  -7.7567568e-01  -8.0359289e-01   6.3106415e-01   5.9510536e-01   5.1481558e-01   2.8730897e-01
  -7.7567568e-01  -8.0359289e-01   6.3106415e-01   5.9510536e-01   5.1481558e-01   2.8730897e-01   1.4446363e+01  -4.2508001e-02   2.8578511e-02  -8.0359289e-01  -8.2984593e-01   5.9510536e-01   5.5791287e-01   2.8730897e-01   4.8944236e-02
  -8.0359289e-01  -8.2984593e-01   5.9510536e-01   5.5791287e-01   2.8730897e-01   4.8944236e-02   1.4237093e+01  -4.4407989e-02   2.7005317e-02  -8.2984593e-01  -8.5437930e-01   5.5791287e-01   5.1956381e-01   4.8944236e-02   1.9034232e-01
  -8.2984593e-01  -8.5437930e-01   5.5791287e-01   5.1956381e-01   4.8944236e-02   1.9034232e-01   1.3905038e+01  -4.6679737e-02   2.5552119e-02  -8.5437930e-01  -8.7713991e-01   5.1956381e-01   4.8013945e-01   1.9034232e-01   4.1470383e-01
  -8.5437930e-01  -8.7713991e-01   5.1956381e-01   4.8013945e-01   1.9034232e-01   4.1470383e-01   1.3608277e+01  -4.8836662e-02   2.3911271e-02  -8.7713991e-01  -8.9808488e-01   4.8013945e-01   4.3971784e-01   4.1470383e-01   6.1521839e-01
  -8.7713991e-01  -8.9808488e-01   4.8013945e-01   4.3971784e-01   4.1470383e-01   6.1521839e-01   1.3361133e+01  -5.0796877e-02   2.2064434e-02  -8.9808488e-01  -9.1716732e-01   4.3971784e-01   3.9838626e-01   6.1521839e-01   7.8220749e-01
  -8.9808488e-01  -9.1716732e-01   4.3971784e-01   3.9838626e-01   6.1521839e-01   7.8220749e-01   1.3175348e+01  -5.2478184e-02   2.0007753e-02  -9.1716732e-01  -9.3434907e-01   3.9838626e-01   3.5622852e-01   7.8220749e-01   9.0773813e-01
  -9.1716732e-01  -9.3434907e-01   3.9838626e-01   3.5622852e-01   7.8220749e-01   9.0773813e-01   1.3059558e+01  -5.3807262e-02   1.7754529e-02  -9.3434907e-01  -9.4959336e-01   3.5622852e-01   3.1333286e-01   9.0773813e-01   9.8597401e-01
  -9.3434907e-01  -9.4959336e-01   3.5622852e-01   3.1333286e-01   9.0773813e-01   9.8597401e-01   1.3018909e+01  -5.4729983e-02   1.5334777e-02  -9.4959336e-01  -9.6287118e-01   3.1333286e-01   2.6978659e-01   9.8597401e-01   1.0134398e+00
  -9.4959336e-01  -9.6287118e-01   3.1333286e-01   2.6978659e-01   9.8597401e-01   1.0134398e+00   1.3054839e+01  -5.5218990e-02   1.2792607e-02  -9.6287118e-01  -9.7415542e-01   2.6978659e-01   2.2568300e-01   1.0134398e+00   9.8916301e-01
  -9.6287118e-01  -9.7415542e-01   2.6978659e-01   2.2568300e-01   1.0134398e+00   9.8916301e-01   1.3165037e+01  -5.5277446e-02   1.0180071e-02  -9.7415542e-01  -9.8341842e-01   2.2568300e-01   1.8110948e-01   9.8916301e-01   9.1470468e-01
  -9.7415542e-01  -9.8341842e-01   2.2568300e-01   1.8110948e-01   9.8916301e-01   9.1470468e-01   1.3343584e+01  -5.4938195e-02   7.5511389e-03  -9.8341842e-01  -9.9063843e-01   1.8110948e-01   1.3616116e-01   9.1470468e-01   7.9406462e-01
  -9.8341842e-01  -9.9063843e-01   1.8110948e-01   1.3616116e-01   9.1470468e-01   7.9406462e-01   1.3581236e+01  -5.4258583e-02   4.9545688e-03  -9.9063843e-01  -9.9580891e-01   1.3616116e-01   9.0931305e-02   7.9406462e-01   6.3348946e-01
  -9.9063843e-01  -9.9580891e-01   1.3616116e-01   9.0931305e-02   7.9406462e-01   6.3348946e-01   1.3865902e+01  -5.3310464e-02   2.4289428e-03  -9.9580891e-01  -9.9891578e-01   9.0931305e-02   4.5512816e-02   6.3348946e-01   4.4114715e-01
  -9.9580891e-01  -9.9891578e-01   9.0931305e-02   4.5512816e-02   6.3348946e-01   4.4114715e-01   1.4183229e+01  -5.2171784e-02   4.6612875e-09  -9.9891578e-01  -9.9995180e-01   4.5512816e-02   8.9340683e-08   4.4114715e-01   2.2673746e-01
  -9.9891578e-01  -9.9995180e-01   4.5512816e-02   8.9340683e-08   4.4114715e-01   2.2673746e-01   1.4517287e+01  -5.0918277e-02  -2.3200349e-03  -9.9995180e-01  -9.9891250e-01   8.9340683e-08  -4.5514342e-02   2.2673746e-01   1.0222181e-03
  -9.9995180e-01  -9.9891250e-01   8.9340683e-08  -4.5514342e-02   2.2673746e-01   1.0222181e-03   1.4183229e+01  -5.1955596e-02  -4.7443083e-03  -9.9891250e-01  -9.9580826e-01  -4.5514342e-02  -9.0931906e-02   1.0222181e-03   2.2673719e-01
  -9.9891250e-01  -9.9580826e-01  -4.5514342e-02  -9.0931906e-02   1.0222181e-03   2.2673719e-01   1.3865902e+01  -5.2868730e-02  -7.2667014e-03  -9.9580826e-01  -9.9063868e-01  -9.0931906e-02  -1.3616131e-01   2.2673719e-01   4.4114734e-01
  -9.9580826e-01  -9.9063868e-01  -9.0931906e-02  -1.3616131e-01   2.2673719e-01   4.4114734e-01   1.3581236e+01  -5.3583207e-02  -9.8680973e-03  -9.9063868e-01  -9.8341378e-01  -1.3616131e-01  -1.8110941e-01   4.4114734e-01   6.3348890e-01
  -9.9063868e-01  -9.8341378e-01  -1.3616131e-01  -1.8110941e-01   4.4114734e-01   6.3348890e-01   1.3343586e+01  -5.4023862e-02  -1.2515917e-02  -9.8341378e-01  -9.7415140e-01  -1.8110941e-01  -2.2568542e-01   6.3348890e-01   7.9406364e-01
  -9.8341378e-01  -9.7415140e-01  -1.8110941e-01  -2.2568542e-01   6.3348890e-01   7.9406364e-01   1.3165041e+01  -5.4122478e-02  -1.5164608e-02  -9.7415140e-01  -9.6287114e-01  -2.2568542e-01  -2.6978741e-01   7.9406364e-01   9.1470211e-01
  -9.7415140e-01  -9.6287114e-01  -2.2568542e-01  -2.6978741e-01   7.9406364e-01   9.1470211e-01   1.3054840e+01  -5.3826753e-02  -1.7760909e-02  -9.6287114e-01  -9.4959415e-01  -2.6978741e-01  -3.1333220e-01   9.1470211e-01   9.8916193e-01
  -9.6287114e-01  -9.4959415e-01  -2.6978741e-01  -3.1333220e-01   9.1470211e-01   9.8916193e-01   1.3018909e+01  -5.3108777e-02  -2.0248164e-02  -9.4959415e-01  -9.3434911e-01  -3.1333220e-01  -3.5622838e-01   9.8916193e-01   1.0134398e+00
  -9.4959415e-01  -9.3434911e-01  -3.1333220e-01  -3.5622838e-01   9.8916193e-01   1.0134398e+00   1.3059558e+01  -5.1969836e-02  -2.2574075e-02  -9.3434911e-01  -9.1716632e-01  -3.5622838e-01  -3.9838842e-01   1.0134398e+00   9.8597452e-01
  -9.3434911e-01  -9.1716632e-01  -3.5622838e-01  -3.9838842e-01   1.0134398e+00   9.8597452e-01   1.3175347e+01  -5.0441377e-02  -2.4696994e-02  -9.1716632e-01  -8.9808468e-01  -3.9838842e-01  -4.3971820e-01   9.8597452e-01   9.0773822e-01
  -9.1716632e-01  -8.9808468e-01  -3.9838842e-01  -4.3971820e-01   9.8597452e-01   9.0773822e-01   1.3361134e+01  -4.8579963e-02  -2.6592307e-02  -8.9808468e-01  -8.7713969e-01  -4.3971820e-01  -4.8013968e-01   9.0773822e-01   7.8220705e-01
  -8.9808468e-01  -8.7713969e-01  -4.3971820e-01  -4.8013968e-01   9.0773822e-01   7.8220705e-01   1.3608277e+01  -4.6459997e-02  -2.8253243e-02  -8.7713969e-01  -8.5437909e-01  -4.8013968e-01  -5.1956482e-01   7.8220705e-01   6.1521798e-01
  -8.7713969e-01  -8.5437909e-01  -4.8013968e-01  -5.1956482e-01   7.8220705e-01   6.1521798e-01   1.3905038e+01  -4.4162818e-02  -2.9691085e-02  -8.5437909e-01  -8.2984552e-01  -5.1956482e-01  -5.5791308e-01   6.1521798e-01   4.1470376e-01
  -8.5437909e-01  -8.2984552e-01  -5.1956482e-01  -5.5791308e-01   6.1521798e-01   4.1470376e-01   1.4237097e+01  -4.1768245e-02  -3.0931657e-02  -8.2984552e-01  -8.0359263e-01  -5.5791308e-01  -5.9510404e-01   4.1470376e-01   1.9034017e-01
  -8.2984552e-01  -8.0359263e-01  -5.5791308e-01  -5.9510404e-01   4.1470376e-01   1.9034017e-01   1.4446365e+01  -3.9733118e-02  -3.2325584e-02  -8.0359263e-01  -7.7567449e-01  -5.9510404e-01  -6.3106375e-01   1.9034017e-01   4.8942693e-02
  -8.0359263e-01  -7.7567449e-01  -5.9510404e-01  -6.3106375e-01   1.9034017e-01   4.8942693e-02   1.4093583e+01  -3.9177372e-02  -3.4954149e-02  -7.7567449e-01  -7.4614804e-01  -6.3106375e-01  -6.6571514e-01   4.8942693e-02   2.8730878e-01
  -7.7567449e-01  -7.4614804e-01  -6.3106375e-01  -6.6571514e-01   4.8942693e-02   2.8730878e-01   1.3756873e+01  -3.8464821e-02  -3.7599381e-02  -7.4614804e-01  -7.1507524e-01  -6.6571514e-01  -6.9898639e-01   2.8730878e-01   5.1481523e-01
  -7.4614804e-01  -7.1507524e-01  -6.6571514e-01  -6.9898639e-01   2.8730878e-01   5.1481523e-01   1.3453463e+01  -3.7541668e-02  -4.0197691e-02  -7.1507524e-01  -6.8252086e-01  -6.9898639e-01  -7.3080830e-01   5.1481523e-01   7.1982234e-01
  -7.1507524e-01  -6.8252086e-01  -6.9898639e-01  -7.3080830e-01   5.1481523e-01   7.1982234e-01   1.3199234e+01  -3.6360269e-02  -4.2671116e-02  -6.8252086e-01  -6.4855096e-01  -7.3080830e-01  -7.6111630e-01   7.1982234e-01   8.9159847e-01
  -6.8252086e-01  -6.4855096e-01  -7.3080830e-01  -7.6111630e-01   7.1982234e-01   8.9159847e-01   1.3007951e+01  -3.4885960e-02  -4.4932962e-02  -6.4855096e-01  -6.1323631e-01  -7.6111630e-01  -7.8984566e-01   8.9159847e-01   1.0208437e+00
  -6.4855096e-01  -6.1323631e-01  -7.6111630e-01  -7.8984566e-01   8.9159847e-01   1.0208437e+00   1.2890540e+01  -3.3103577e-02  -4.6897581e-02  -6.1323631e-01  -5.7665267e-01  -7.8984566e-01  -8.1693936e-01   1.0208437e+00   1.1001760e+00
  -6.1323631e-01  -5.7665267e-01  -7.8984566e-01  -8.1693936e-01   1.0208437e+00   1.1001760e+00   1.2854543e+01  -3.1021418e-02  -4.8491090e-02  -5.7665267e-01  -5.3887316e-01  -8.1693936e-01  -8.4233890e-01   1.1001760e+00   1.1244982e+00
  -5.7665267e-01  -5.3887316e-01  -8.1693936e-01  -8.4233890e-01   1.1001760e+00   1.1244982e+00   1.2903661e+01  -2.8672663e-02  -4.9663022e-02  -5.3887316e-01  -4.9997611e-01  -8.4233890e-01  -8.6599298e-01   1.1244982e+00   1.0913101e+00
  -5.3887316e-01  -4.9997611e-01  -8.4233890e-01  -8.6599298e-01   1.1244982e+00   1.0913101e+00   1.3037512e+01  -2.6111732e-02  -5.0393833e-02  -4.9997611e-01  -4.6004326e-01  -8.6599298e-01  -8.8785162e-01   1.0913101e+00   1.0008704e+00
  -4.9997611e-01  -4.6004326e-01  -8.6599298e-01  -8.8785162e-01   1.0913101e+00   1.0008704e+00   1.3251546e+01  -2.3406773e-02  -5.0697801e-02  -4.6004326e-01  -4.1915666e-01  -8.8785162e-01  -9.0787059e-01   1.0008704e+00   8.5625276e-01
  -4.6004326e-01  -4.1915666e-01  -8.8785162e-01  -9.0787059e-01   1.0008704e+00   8.5625276e-01   1.3537175e+01  -2.0630382e-02  -5.0619518e-02  -4.1915666e-01  -3.7740147e-01  -9.0787059e-01  -9.2600712e-01   8.5625276e-01   6.6326023e-01
  -4.1915666e-01  -3.7740147e-01  -9.0787059e-01  -9.2600712e-01   8.5625276e-01   6.6326023e-01   1.3882068e+01  -1.7850237e-02  -5.0226428e-02  -3.7740147e-01  -3.3486245e-01  -9.2600712e-01  -9.4222526e-01   6.6326023e-01   4.3022423e-01
  -3.7740147e-01  -3.3486245e-01  -9.2600712e-01  -9.4222526e-01   6.6326023e-01   4.3022423e-01   1.4270647e+01  -1.5122480e-02  -4.9598523e-02  -3.3486245e-01  -2.9163186e-01  -9.4222526e-01  -9.5649057e-01   4.3022423e-01   1.6767084e-01
  -3.3486245e-01  -2.9163186e-01  -9.4222526e-01  -9.5649057e-01   4.3022423e-01   1.6767084e-01   1.4349843e+01  -1.2778475e-02  -4.9958211e-02  -2.9163186e-01  -2.4779609e-01  -9.5649057e-01  -9.6877361e-01   1.6767084e-01   1.1416044e-01
  -2.9163186e-01  -2.4779609e-01  -9.5649057e-01  -9.6877361e-01   1.6767084e-01   1.1416044e-01   1.3930258e+01  -1.0807437e-02  -5.2008757e-02  -2.4779609e-01  -2.0344647e-01  -9.6877361e-01  -9.7904786e-01   1.1416044e-01   3.9766332e-01
  -2.4779609e-01  -2.0344647e-01  -9.6877361e-01  -9.7904786e-01   1.1416044e-01   3.9766332e-01   1.3526109e+01  -8.6810170e-03  -5.4013700e-02  -2.0344647e-01  -1.5867619e-01  -9.7904786e-01  -9.8729077e-01   3.9766332e-01   6.7073735e-01
  -2.0344647e-01  -1.5867619e-01  -9.7904786e-01  -9.8729077e-01   3.9766332e-01   6.7073735e-01   1.3158305e+01  -6.3872386e-03  -5.5872238e-02  -1.5867619e-01  -1.1357464e-01  -9.8729077e-01  -9.9349181e-01   6.7073735e-01   9.1925358e-01
  -1.5867619e-01  -1.1357464e-01  -9.8729077e-01  -9.9349181e-01   6.7073735e-01   9.1925358e-01   1.2846760e+01  -3.9307145e-03  -5.7465641e-02  -1.1357464e-01  -6.8239116e-02  -9.9349181e-01  -9.9763149e-01   9.1925358e-01   1.1297567e+00
  -1.1357464e-01  -6.8239116e-02  -9.9349181e-01  -9.9763149e-01   9.1925358e-01   1.1297567e+00   1.2609424e+01  -1.3358395e-03  -5.8668862e-02  -6.8239116e-02  -2.2762387e-02  -9.9763149e-01  -9.9970345e-01   1.1297567e+00   1.2901189e+00
  -6.8239116e-02  -2.2762387e-02  -9.9763149e-01  -9.9970345e-01   1.1297567e+00   1.2901189e+00   1.2461380e+01   1.3515851e-03  -5.9365822e-02  -2.2762387e-02   2.2760292e-02  -9.9970345e-01  -9.9970281e-01   1.2901189e+00   1.3901485e+00
  -2.2762387e-02   2.2760292e-02  -9.9970345e-01  -9.9970281e-01   1.2901189e+00   1.3901485e+00   1.2414034e+01   4.0677219e-03  -5.9468773e-02   2.2760292e-02   6.8238970e-02  -9.9970281e-01  -9.9763158e-01   1.3901485e+00   1.4221393e+00
   2.2760292e-02   6.8238970e-02  -9.9970281e-01  -9.9763158e-01   1.3901485e+00   1.4221393e+00   1.2474464e+01   6.7373837e-03  -5.8935107e-02   6.8238970e-02   1.1357466e-01  -9.9763158e-01  -9.9349172e-01   1.4221393e+00   1.3813080e+00
   6.8238970e-02   1.1357466e-01  -9.9763158e-01  -9.9349172e-01   1.4221393e+00   1.3813080e+00   1.2644905e+01   9.2858906e-03  -5.7777961e-02   1.1357466e-01   1.5867460e-01  -9.9349172e-01  -9.8729302e-01   1.3813080e+00   1.2661452e+00
   1.1357466e-01   1.5867460e-01  -9.9349172e-01  -9.8729302e-01   1.3813080e+00   1.2661452e+00   1.2922451e+01   1.1650267e-02  -5.6064853e-02   1.5867460e-01   2.0344596e-01  -9.8729302e-01  -9.7904776e-01   1.2661452e+00   1.0786139e+00
   1.5867460e-01   2.0344596e-01  -9.8729302e-01  -9.7904776e-01   1.2661452e+00   1.0786139e+00   1.3298965e+01   1.3788235e-02  -5.3905851e-02   2.0344596e-01   2.4779628e-01  -9.7904776e-01  -9.6877299e-01   1.0786139e+00   8.2421306e-01
   2.0344596e-01   2.4779628e-01  -9.7904776e-01  -9.6877299e-01   1.0786139e+00   8.2421306e-01   1.3761206e+01   1.5682357e-02  -5.1434712e-02   2.4779628e-01   2.9163263e-01  -9.6877299e-01  -9.5649147e-01   8.2421306e-01   5.1188760e-01
   2.4779628e-01   2.9163263e-01  -9.6877299e-01  -9.5649147e-01   8.2421306e-01   5.1188760e-01   1.4291178e+01   1.7339310e-02  -4.8788641e-02   2.9163263e-01   3.3486374e-01  -9.5649147e-01  -9.4222588e-01   5.1188760e-01   1.5379878e-01
   2.9163263e-01   3.3486374e-01  -9.5649147e-01  -9.4222588e-01   5.1188760e-01   1.5379878e-01   1.4167879e+01   1.9711971e-02  -4.8366181e-02   3.3486374e-01   3.7740112e-01  -9.4222588e-01  -9.2600841e-01   1.5379878e-01   2.3710845e-01
   3.3486374e-01   3.7740112e-01  -9.4222588e-01  -9.2600841e-01   1.5379878e-01   2.3710845e-01   1.3572447e+01   2.2853342e-02  -4.9499144e-02   3.7740112e-01   4.1915646e-01  -9.2600841e-01  -9.0787097e-01   2.3710845e-01   6.3942756e-01
   3.7740112e-01   4.1915646e-01  -9.2600841e-01  -9.0787097e-01   2.3710845e-01   6.3942756e-01   1.2985241e+01   2.6216826e-02  -5.0596717e-02   4.1915646e-01   4.6004297e-01  -9.0787097e-01  -8.8785210e-01   6.3942756e-01   1.0361887e+00
   4.1915646e-01   4.6004297e-01  -9.0787097e-01  -8.8785210e-01   6.3942756e-01   1.0361887e+00   1.2435865e+01   2.9751227e-02  -5.1531188e-02   4.6004297e-01   4.9997600e-01  -8.8785210e-01  -8.6599309e-01   1.0361887e+00   1.4073886e+00
   4.6004297e-01   4.9997600e-01  -8.8785210e-01  -8.6599309e-01   1.0361887e+00   1.4073886e+00   1.1954240e+01   3.3357716e-02  -5.2143113e-02   4.9997600e-01   5.3887316e-01  -8.6599309e-01  -8.4233956e-01   1.4073886e+00   1.7328110e+00
   4.9997600e-01   5.3887316e-01  -8.6599309e-01  -8.4233956e-01   1.4073886e+00   1.7328110e+00   1.1569408e+01   3.6883641e-02  -5.2252915e-02   5.3887316e-01   5.7665120e-01  -8.4233956e-01  -8.1693956e-01   1.7328110e+00   1.9928326e+00
   5.3887316e-01   5.7665120e-01  -8.4233956e-01  -8.1693956e-01   1.7328110e+00   1.9928326e+00   1.1308336e+01   4.0129303e-02  -5.1686372e-02   5.7665120e-01   6.1323738e-01  -8.1693956e-01  -7.8984713e-01   1.9928326e+00   2.1692322e+00
   5.7665120e-01   6.1323738e-01  -8.1693956e-01  -7.8984713e-01   1.9928326e+00   2.1692322e+00   1.1194769e+01   4.2870735e-02  -5.0311619e-02   6.1323738e-01   6.4855131e-01  -7.8984713e-01  -7.6111750e-01   2.1692322e+00   2.2459670e+00
   6.1323738e-01   6.4855131e-01  -7.8984713e-01  -7.6111750e-01   2.1692322e+00   2.2459670e+00   1.1248172e+01   4.4901946e-02  -4.8078781e-02   6.4855131e-01   6.8252003e-01  -7.6111750e-01  -7.3080866e-01   2.2459670e+00   2.2098837e+00
   6.4855131e-01   6.8252003e-01  -7.6111750e-01  -7.3080866e-01   2.2459670e+00   2.2098837e+00   1.1482830e+01   4.6082177e-02  -4.5045527e-02   6.8252003e-01   7.1507269e-01  -7.3080866e-01  -6.9898664e-01   2.2098837e+00   2.0513313e+00
   6.8252003e-01   7.1507269e-01  -7.3080866e-01  -6.9898664e-01   2.2098837e+00   2.0513313e+00   1.1907068e+01   4.6371623e-02  -4.1372838e-02   7.1507269e-01   7.4614877e-01  -6.9898664e-01  -6.6571515e-01   2.0513313e+00   1.7646835e+00
   7.1507269e-01   7.4614877e-01  -6.9898664e-01  -6.6571515e-01   2.0513313e+00   1.7646835e+00   1.2522784e+01   4.5836323e-02  -3.7290988e-02   7.4614877e-01   7.7567346e-01  -6.6571515e-01  -6.3106348e-01   1.7646835e+00   1.3486596e+00
   7.4614877e-01   7.7567346e-01  -6.6571515e-01  -6.3106348e-01   1.7646835e+00   1.3486596e+00   1.3325099e+01   4.4626883e-02  -3.3048706e-02   7.7567346e-01   8.0359140e-01  -6.3106348e-01  -5.9510444e-01   1.3486596e+00   8.0655475e-01
   7.7567346e-01   8.0359140e-01  -6.3106348e-01  -5.9510444e-01   1.3486596e+00   8.0655475e-01   1.4302342e+01   4.2936030e-02  -2.8866305e-02   8.0359140e-01   8.2984563e-01  -5.9510444e-01  -5.5791319e-01   8.0655475e-01   1.4625563e-01
   8.0359140e-01   8.2984563e-01  -5.9510444e-01  -5.5791319e-01   8.0655475e-01   1.4625563e-01   1.3598328e+01   4.6493864e-02  -2.8273919e-02   8.2984563e-01   8.5437679e-01  -5.5791319e-01  -5.1956490e-01   1.4625563e-01   6.2194043e-01
   8.2984563e-01   8.5437679e-01  -5.5791319e-01  -5.1956490e-01   1.4625563e-01   6.2194043e-01   1.2332145e+01   5.2633498e-02  -2.8811114e-02   8.5437679e-01   8.7714044e-01  -5.1956490e-01  -4.8013896e-01   6.2194043e-01   1.4774696e+00
   8.5437679e-01   8.7714044e-01  -5.1956490e-01  -4.8013896e-01   6.2194043e-01   1.4774696e+00   1.0963502e+01   6.0617737e-02  -2.9679524e-02   8.7714044e-01   8.9808471e-01  -4.8013896e-01  -4.3971828e-01   1.4774696e+00   2.4022283e+00
   8.7714044e-01   8.9808471e-01  -4.8013896e-01  -4.3971828e-01   1.4774696e+00   2.4022283e+00   9.5267164e+00   7.1242156e-02  -3.0945129e-02   8.9808471e-01   9.1716732e-01  -4.3971828e-01  -3.9838576e-01   2.4022283e+00   3.3730294e+00
   8.9808471e-01   9.1716732e-01  -4.3971828e-01  -3.9838576e-01   2.4022283e+00   3.3730294e+00   8.0595240e+00   8.5788964e-02  -3.2707746e-02   9.1716732e-01   9.3434894e-01  -3.9838576e-01  -3.5622819e-01   3.3730294e+00   4.3643757e+00
   9.1716732e-01   9.3434894e-01  -3.9838576e-01  -3.5622819e-01   3.3730294e+00   4.3643757e+00   6.6018164e+00   1.0644030e-01  -3.5121511e-02   9.3434894e-01   9.4959371e-01  -3.5622819e-01  -3.1333212e-01   4.3643757e+00   5.3493132e+00
   9.3434894e-01   9.4959371e-01  -3.5622819e-01  -3.1333212e-01   4.3643757e+00   5.3493132e+00   5.1943222e+00   1.3717322e-01  -3.8434711e-02   9.4959371e-01   9.6286742e-01  -3.1333212e-01  -2.6978686e-01   5.3493132e+00   6.3003228e+00
   9.4959371e-01   9.6286742e-01  -3.1333212e-01  -2.6978686e-01   5.3493132e+00   6.3003228e+00   3.8772047e+00   1.8592557e-01  -4.3073523e-02   9.6286742e-01   9.7415066e-01  -2.6978686e-01  -2.2568225e-01   6.3003228e+00   7.1902671e+00
   9.6286742e-01   9.7415066e-01  -2.6978686e-01  -2.2568225e-01   6.3003228e+00   7.1902671e+00   2.6886855e+00   2.7066208e-01  -4.9846341e-02   9.7415066e-01   9.8341243e-01  -2.2568225e-01  -1.8110964e-01   7.1902671e+00   7.9933206e+00
