   0.0000000e+00   0.0000000e+00   0.0000000e+00   0.0000000e+00   0.0000000e+00   0.0000000e+00   1.3701765e-04  -1.1398630e-03  -6.3997706e-09   0.0000000e+00   5.7547412e-03   0.0000000e+00  -4.7874248e-02   0.0000000e+00  -1.5100582e-07
   0.0000000e+00   5.7547412e-03   0.0000000e+00  -4.7874248e-02   0.0000000e+00  -1.5100582e-07   1.8171372e-04  -1.1210968e-03  -6.2764959e-09   5.7547412e-03   7.1043964e-03  -4.7874248e-02  -4.7149482e-02  -1.5100582e-07  -1.4809709e-07
   5.7547412e-03   7.1043964e-03  -4.7874248e-02  -4.7149482e-02  -1.5100582e-07  -1.4809709e-07   2.1308193e-04  -1.1044513e-03  -9.9293192e-10   7.1043964e-03   8.4298482e-03  -4.7149482e-02  -4.6465244e-02  -1.4809709e-07  -2.3428731e-08
   7.1043964e-03   8.4298482e-03  -4.7149482e-02  -4.6465244e-02  -1.4809709e-07  -2.3428731e-08   2.4404698e-04  -1.0889109e-03  -6.8971083e-09   8.4298482e-03   9.7379252e-03  -4.6465244e-02  -4.5827155e-02  -2.3428731e-08  -1.6274076e-07
   8.4298482e-03   9.7379252e-03  -4.6465244e-02  -4.5827155e-02  -2.3428731e-08  -1.6274076e-07   2.7480347e-04  -1.0745818e-03  -3.8082988e-09   9.7379252e-03   1.1036725e-02  -4.5827155e-02  -4.5239747e-02  -1.6274076e-07  -8.9858735e-08
   9.7379252e-03   1.1036725e-02  -4.5827155e-02  -4.5239747e-02  -1.6274076e-07  -8.9858735e-08   3.0555743e-04  -1.0615310e-03  -6.0925626e-09   1.1036725e-02   1.2334867e-02  -4.5239747e-02  -4.4705926e-02  -8.9858735e-08  -1.4375710e-07
   1.1036725e-02   1.2334867e-02  -4.5239747e-02  -4.4705926e-02  -8.9858735e-08  -1.4375710e-07   3.3645770e-04  -1.0497513e-03  -2.5441370e-09   1.2334867e-02   1.3638559e-02  -4.4705926e-02  -4.4225485e-02  -1.4375710e-07  -6.0030199e-08
   1.2334867e-02   1.3638559e-02  -4.4705926e-02  -4.4225485e-02  -1.4375710e-07  -6.0030199e-08   3.6765544e-04  -1.0391959e-03   7.1336997e-09   1.3638559e-02   1.4954161e-02  -4.4225485e-02  -4.3796527e-02  -6.0030199e-08   1.6832325e-07
   1.3638559e-02   1.4954161e-02  -4.4225485e-02  -4.3796527e-02  -6.0030199e-08   1.6832325e-07   3.9942545e-04  -1.0298940e-03   9.2003763e-10   1.4954161e-02   1.6293237e-02  -4.3796527e-02  -4.3420342e-02   1.6832325e-07   2.1708753e-08
   1.4954161e-02   1.6293237e-02  -4.3796527e-02  -4.3420342e-02   1.6832325e-07   2.1708753e-08   4.3174021e-04  -1.0216190e-03  -7.1439716e-09   1.6293237e-02   1.7654597e-02  -4.3420342e-02  -4.3087549e-02   2.1708753e-08  -1.6856562e-07
   1.6293237e-02   1.7654597e-02  -4.3420342e-02  -4.3087549e-02   2.1708753e-08  -1.6856562e-07   4.6489909e-04  -1.0143796e-03  -4.8815022e-09   1.7654597e-02   1.9050931e-02  -4.3087549e-02  -4.2798498e-02  -1.6856562e-07  -1.1518151e-07
   1.7654597e-02   1.9050931e-02  -4.3087549e-02  -4.2798498e-02  -1.6856562e-07  -1.1518151e-07   4.9889261e-04  -1.0079281e-03  -3.1026050e-10   1.9050931e-02   2.0481846e-02  -4.2798498e-02  -4.2542924e-02  -1.1518151e-07  -7.3207534e-09
   1.9050931e-02   2.0481846e-02  -4.2798498e-02  -4.2542924e-02  -1.1518151e-07  -7.3207534e-09   5.3398514e-04  -1.0022147e-03   9.3467637e-10   2.0481846e-02   2.1958553e-02  -4.2542924e-02  -4.2318729e-02  -7.3207534e-09   2.2054162e-08
   2.0481846e-02   2.1958553e-02  -4.2542924e-02  -4.2318729e-02  -7.3207534e-09   2.2054162e-08   5.7004998e-04  -9.9689049e-04   7.0670714e-09   2.1958553e-02   2.3475748e-02  -4.2318729e-02  -4.2111383e-02   2.2054162e-08   1.6675112e-07
   2.1958553e-02   2.3475748e-02  -4.2318729e-02  -4.2111383e-02   2.2054162e-08   1.6675112e-07   6.0718707e-04  -9.9177291e-04   5.9420611e-09   2.3475748e-02   2.5037795e-02  -4.2111383e-02  -4.1913162e-02   1.6675112e-07   1.4020594e-07
   2.3475748e-02   2.5037795e-02  -4.2111383e-02  -4.1913162e-02   1.6675112e-07   1.4020594e-07   6.4533383e-04  -9.8656058e-04   5.6657967e-09   2.5037795e-02   2.6642142e-02  -4.1913162e-02  -4.1711458e-02   1.4020594e-07   1.3368734e-07
   2.5037795e-02   2.6642142e-02  -4.1913162e-02  -4.1711458e-02   1.4020594e-07   1.3368734e-07   6.8442424e-04  -9.8095793e-04  -7.2183019e-09   2.6642142e-02   2.8286162e-02  -4.1711458e-02  -4.1493827e-02   1.3368734e-07  -1.7031948e-07
   2.6642142e-02   2.8286162e-02  -4.1711458e-02  -4.1493827e-02   1.3368734e-07  -1.7031948e-07   7.2433858e-04  -9.7464797e-04  -5.5728711e-09   2.8286162e-02   2.9964953e-02  -4.1493827e-02  -4.1246932e-02  -1.7031948e-07  -1.3149471e-07
   2.8286162e-02   2.9964953e-02  -4.1493827e-02  -4.1246932e-02  -1.7031948e-07  -1.3149471e-07   7.6476269e-04  -9.6721236e-04  -7.1885707e-09   2.9964953e-02   3.1665487e-02  -4.1246932e-02  -4.0953136e-02  -1.3149471e-07  -1.6961796e-07
   2.9964953e-02   3.1665487e-02  -4.1246932e-02  -4.0953136e-02  -1.3149471e-07  -1.6961796e-07   8.0552749e-04  -9.5835276e-04   9.5172708e-11   3.1665487e-02   3.3380846e-02  -4.0953136e-02  -4.0599774e-02  -1.6961796e-07   2.2456482e-09
   3.1665487e-02   3.3380846e-02  -4.0953136e-02  -4.0599774e-02  -1.6961796e-07   2.2456482e-09   8.4621605e-04  -9.4766738e-04  -2.3201360e-11   3.3380846e-02   3.5093665e-02  -4.0599774e-02  -4.0169887e-02   2.2456482e-09  -5.4744783e-10
   3.3380846e-02   3.5093665e-02  -4.0599774e-02  -4.0169887e-02   2.2456482e-09  -5.4744783e-10   8.8645581e-04  -9.3481796e-04  -7.2317895e-09   3.5093665e-02   3.6788472e-02  -4.0169887e-02  -3.9649087e-02  -5.4744783e-10  -1.7063773e-07
   3.5093665e-02   3.6788472e-02  -4.0169887e-02  -3.9649087e-02  -5.4744783e-10  -1.7063773e-07   9.2574885e-04  -9.1947736e-04   4.8204181e-09   3.6788472e-02   3.8444514e-02  -3.9649087e-02  -3.9023463e-02  -1.7063773e-07   1.1374020e-07
   3.6788472e-02   3.8444514e-02  -3.9649087e-02  -3.9023463e-02  -1.7063773e-07   1.1374020e-07   9.6362395e-04  -9.0139381e-04   7.1474557e-09   3.8444514e-02   4.0042171e-02  -3.9023463e-02  -3.8282195e-02   1.1374020e-07   1.6864783e-07
   3.8444514e-02   4.0042171e-02  -3.9023463e-02  -3.8282195e-02   1.1374020e-07   1.6864783e-07   9.9950038e-04  -8.8033570e-04   6.5531269e-09   4.0042171e-02   4.1557151e-02  -3.8282195e-02  -3.7415359e-02   1.6864783e-07   1.5462434e-07
   4.0042171e-02   4.1557151e-02  -3.8282195e-02  -3.7415359e-02   1.6864783e-07   1.5462434e-07   1.0329242e-03  -8.5621953e-04  -6.8114282e-09   4.1557151e-02   4.2970505e-02  -3.7415359e-02  -3.6419175e-02   1.5462434e-07  -1.6071909e-07
   4.1557151e-02   4.2970505e-02  -3.7415359e-02  -3.6419175e-02   1.5462434e-07  -1.6071909e-07   1.0633969e-03  -8.2901431e-04   1.3255357e-09   4.2970505e-02   4.4261326e-02  -3.6419175e-02  -3.5292141e-02  -1.6071909e-07   3.1276685e-08
   4.2970505e-02   4.4261326e-02  -3.6419175e-02  -3.5292141e-02  -1.6071909e-07   3.1276685e-08   1.0905229e-03  -7.9881400e-04   6.8565635e-09   4.4261326e-02   4.5413044e-02  -3.5292141e-02  -3.4037947e-02   3.1276685e-08   1.6178408e-07
   4.4261326e-02   4.5413044e-02  -3.5292141e-02  -3.4037947e-02   3.1276685e-08   1.6178408e-07   1.1139343e-03  -7.6577706e-04   2.3526681e-09   4.5413044e-02   4.6410146e-02  -3.4037947e-02  -3.2663083e-02   1.6178408e-07   5.5512393e-08
   4.5413044e-02   4.6410146e-02  -3.4037947e-02  -3.2663083e-02   1.6178408e-07   5.5512393e-08   1.1335488e-03  -7.3024081e-04   3.3487749e-10   4.6410146e-02   4.7249103e-02  -3.2663083e-02  -3.1181552e-02   5.5512393e-08   7.9016037e-09
   4.6410146e-02   4.7249103e-02  -3.2663083e-02  -3.1181552e-02   5.5512393e-08   7.9016037e-09   1.1491987e-03  -6.9251724e-04   5.2183661e-09   4.7249103e-02   4.7922726e-02  -3.1181552e-02  -2.9606409e-02   7.9016037e-09   1.2312999e-07
   4.7249103e-02   4.7922726e-02  -3.1181552e-02  -2.9606409e-02   7.9016037e-09   1.2312999e-07   1.1609529e-03  -6.5302674e-04   1.7018242e-09   4.7922726e-02   4.8433762e-02  -2.9606409e-02  -2.7955227e-02   1.2312999e-07   4.0155403e-08
   4.7922726e-02   4.8433762e-02  -2.9606409e-02  -2.7955227e-02   1.2312999e-07   4.0155403e-08   1.1689977e-03  -6.1221540e-04   5.9542612e-09   4.8433762e-02   4.8789837e-02  -2.7955227e-02  -2.6246785e-02   4.0155403e-08   1.4049380e-07
   4.8433762e-02   4.8789837e-02  -2.7955227e-02  -2.6246785e-02   4.0155403e-08   1.4049380e-07   1.1735930e-03  -5.7052234e-04   6.2844573e-09   4.8789837e-02   4.9001667e-02  -2.6246785e-02  -2.4499597e-02   1.4049380e-07   1.4828495e-07
   4.8789837e-02   4.9001667e-02  -2.6246785e-02  -2.4499597e-02   1.4049380e-07   1.4828495e-07   1.1751193e-03  -5.2838347e-04   6.9258523e-10   4.9001667e-02   4.9085028e-02  -2.4499597e-02  -2.2732098e-02   1.4828495e-07   1.6341899e-08
   4.9001667e-02   4.9085028e-02  -2.4499597e-02  -2.2732098e-02   1.4828495e-07   1.6341899e-08   1.1739327e-03  -4.8616028e-04   9.6257546e-10   4.9085028e-02   4.9054666e-02  -2.2732098e-02  -2.0959648e-02   1.6341899e-08   2.2712455e-08
   4.9085028e-02   4.9054666e-02  -2.2732098e-02  -2.0959648e-02   1.6341899e-08   2.2712455e-08   1.1706536e-03  -4.4424769e-04   2.7624633e-09   4.9054666e-02   4.8936478e-02  -2.0959648e-02  -1.9198985e-02   2.2712455e-08   6.5181718e-08
   4.9054666e-02   4.8936478e-02  -2.0959648e-02  -1.9198985e-02   2.2712455e-08   6.5181718e-08   1.1655603e-03  -4.0285392e-04  -8.1543250e-09   4.8936478e-02   4.8741961e-02  -1.9198985e-02  -1.7459142e-02   6.5181718e-08  -1.9240542e-07
   4.8936478e-02   4.8741961e-02  -1.9198985e-02  -1.7459142e-02   6.5181718e-08  -1.9240542e-07   1.1592000e-03  -3.6222415e-04   5.8571227e-10   4.8741961e-02   4.8493997e-02  -1.7459142e-02  -1.5750558e-02  -1.9240542e-07   1.3820177e-08
   4.8741961e-02   4.8493997e-02  -1.7459142e-02  -1.5750558e-02  -1.9240542e-07   1.3820177e-08   1.1520150e-03  -3.2249848e-04   4.5918986e-09   4.8493997e-02   4.8211061e-02  -1.5750558e-02  -1.4079340e-02   1.3820177e-08   1.0834817e-07
   4.8493997e-02   4.8211061e-02  -1.5750558e-02  -1.4079340e-02   1.3820177e-08   1.0834817e-07   1.1444347e-03  -2.8376413e-04   1.8711056e-09   4.8211061e-02   4.7911104e-02  -1.4079340e-02  -1.2449375e-02   1.0834817e-07   4.4149682e-08
   4.8211061e-02   4.7911104e-02  -1.4079340e-02  -1.2449375e-02   1.0834817e-07   4.4149682e-08   1.1367585e-03  -2.4603719e-04   6.1247721e-09   4.7911104e-02   4.7606666e-02  -1.2449375e-02  -1.0861541e-02   4.4149682e-08   1.4451709e-07
   4.7911104e-02   4.7606666e-02  -1.2449375e-02  -1.0861541e-02   4.4149682e-08   1.4451709e-07   1.1293130e-03  -2.0929648e-04  -3.1381868e-09   4.7606666e-02   4.7311453e-02  -1.0861541e-02  -9.3150721e-03   1.4451709e-07  -7.4047105e-08
   4.7606666e-02   4.7311453e-02  -1.0861541e-02  -9.3150721e-03   1.4451709e-07  -7.4047105e-08   1.1224057e-03  -1.7349306e-04  -4.7407256e-09   4.7311453e-02   4.7038388e-02  -9.3150721e-03  -7.8080833e-03  -7.4047105e-08  -1.1185982e-07
   4.7311453e-02   4.7038388e-02  -9.3150721e-03  -7.8080833e-03  -7.4047105e-08  -1.1185982e-07   1.1162730e-03  -1.3852540e-04  -2.1519950e-09   4.7038388e-02   4.6797420e-02  -7.8080833e-03  -6.3364341e-03  -1.1185982e-07  -5.0777410e-08
   4.7038388e-02   4.6797420e-02  -7.8080833e-03  -6.3364341e-03  -1.1185982e-07  -5.0777410e-08   1.1110974e-03  -1.0427645e-04  -1.2747114e-09   4.6797420e-02   4.6596264e-02  -6.3364341e-03  -4.8953204e-03  -5.0777410e-08  -3.0077459e-08
   4.6797420e-02   4.6596264e-02  -6.3364341e-03  -4.8953204e-03  -5.0777410e-08  -3.0077459e-08   1.1069860e-03  -7.0595418e-05  -2.3153846e-09   4.6596264e-02   4.6439467e-02  -4.8953204e-03  -3.4784995e-03  -3.0077459e-08  -5.4632669e-08
   4.6596264e-02   4.6439467e-02  -4.8953204e-03  -3.4784995e-03  -3.0077459e-08  -5.4632669e-08   1.1040608e-03  -3.7330484e-05   2.2889546e-09   4.6439467e-02   4.6332219e-02  -3.4784995e-03  -2.0796452e-03  -5.4632669e-08   5.4009040e-08
   4.6439467e-02   4.6332219e-02  -3.4784995e-03  -2.0796452e-03  -5.4632669e-08   5.4009040e-08   1.1024270e-03  -4.3147692e-06  -1.7171578e-09   4.6332219e-02   4.6279016e-02  -2.0796452e-03  -6.9179941e-04   5.4009040e-08  -4.0517206e-08
   4.6332219e-02   4.6279016e-02  -2.0796452e-03  -6.9179941e-04   5.4009040e-08  -4.0517206e-08   1.1020400e-03   2.8613921e-05  -4.5286947e-09   4.6279016e-02   4.6278057e-02  -6.9179941e-04   6.9178846e-04  -4.0517206e-08  -1.0685684e-07
   4.6279016e-02   4.6278057e-02  -6.9179941e-04   6.9178846e-04  -4.0517206e-08  -1.0685684e-07   1.1029653e-03   6.1658912e-05   6.4869520e-09   4.6278057e-02   4.6332165e-02   6.9178846e-04   2.0796863e-03  -1.0685684e-07   1.5306291e-07
   4.6278057e-02   4.6332165e-02   6.9178846e-04   2.0796863e-03  -1.0685684e-07   1.5306291e-07   1.1051433e-03   9.4978239e-05   6.4339072e-09   4.6332165e-02   4.6438935e-02   2.0796863e-03   3.4785111e-03   1.5306291e-07   1.5181129e-07
   4.6332165e-02   4.6438935e-02   2.0796863e-03   3.4785111e-03   1.5306291e-07   1.5181129e-07   1.1085030e-03   1.2873801e-04   6.4657213e-09   4.6438935e-02   4.6595459e-02   3.4785111e-03   4.8952449e-03   1.5181129e-07   1.5256196e-07
   4.6438935e-02   4.6595459e-02   3.4785111e-03   4.8952449e-03   1.5181129e-07   1.5256196e-07   1.1129419e-03   1.6309436e-04  -6.1988625e-09   4.6595459e-02   4.6797505e-02   4.8952449e-03   6.3364869e-03   1.5256196e-07  -1.4626529e-07
   4.6595459e-02   4.6797505e-02   4.8952449e-03   6.3364869e-03   1.5256196e-07  -1.4626529e-07   1.1183120e-03   1.9818720e-04   2.0242662e-09   4.6797505e-02   4.7038934e-02   6.3364869e-03   7.8081484e-03  -1.4626529e-07   4.7763586e-08
   4.6797505e-02   4.7038934e-02   6.3364869e-03   7.8081484e-03  -1.4626529e-07   4.7763586e-08   1.1244012e-03   2.3412706e-04   3.1546820e-09   4.7038934e-02   4.7310896e-02   7.8081484e-03   9.3149692e-03   4.7763586e-08   7.4436316e-08
   4.7038934e-02   4.7310896e-02   7.8081484e-03   9.3149692e-03   4.7763586e-08   7.4436316e-08   1.1310129e-03   2.7101391e-04   8.1219946e-10   4.7310896e-02   4.7605192e-02   9.3149692e-03   1.0861221e-02   7.4436316e-08   1.9164257e-08
   4.7310896e-02   4.7605192e-02   9.3149692e-03   1.0861221e-02   7.4436316e-08   1.9164257e-08   1.1378998e-03   3.0891478e-04   5.5994310e-10   4.7605192e-02   4.7911483e-02   1.0861221e-02   1.2449812e-02   1.9164257e-08   1.3212141e-08
   4.7605192e-02   4.7911483e-02   1.0861221e-02   1.2449812e-02   1.9164257e-08   1.3212141e-08   1.1446140e-03   3.4779309e-04   6.3101650e-09   4.7911483e-02   4.8210983e-02   1.2449812e-02   1.4079326e-02   1.3212141e-08   1.4889153e-07
   4.7911483e-02   4.8210983e-02   1.2449812e-02   1.4079326e-02   1.3212141e-08   1.4889153e-07   1.1509245e-03   3.8766195e-04  -6.4264909e-09   4.8210983e-02   4.8493983e-02   1.4079326e-02   1.5750523e-02   1.4889153e-07  -1.5163630e-07
   4.8210983e-02   4.8493983e-02   1.4079326e-02   1.5750523e-02   1.4889153e-07  -1.5163630e-07   1.1563819e-03   4.2841732e-04   6.5816419e-09   4.8493983e-02   4.8741612e-02   1.5750523e-02   1.7459118e-02  -1.5163630e-07   1.5529717e-07
   4.8493983e-02   4.8741612e-02   1.5750523e-02   1.7459118e-02  -1.5163630e-07   1.5529717e-07   1.1605499e-03   4.6990012e-04  -6.4583672e-09   4.8741612e-02   4.8935495e-02   1.7459118e-02   1.9198678e-02   1.5529717e-07  -1.5238844e-07
   4.8741612e-02   4.8935495e-02   1.7459118e-02   1.9198678e-02   1.5529717e-07  -1.5238844e-07   1.1629768e-03   5.1189616e-04   2.2607286e-09   4.8935495e-02   4.9056599e-02   1.9198678e-02   2.0960364e-02  -1.5238844e-07   5.3343034e-08
   4.8935495e-02   4.9056599e-02   1.9198678e-02   2.0960364e-02  -1.5238844e-07   5.3343034e-08   1.1632095e-03   5.5413094e-04   9.0327293e-10   4.9056599e-02   4.9085782e-02   2.0960364e-02   2.2732898e-02   5.3343034e-08   2.1313181e-08
   4.9056599e-02   4.9085782e-02   2.0960364e-02   2.2732898e-02   5.3343034e-08   2.1313181e-08   1.1607428e-03   5.9620492e-04   5.9360881e-09   4.9085782e-02   4.9001715e-02   2.2732898e-02   2.4499682e-02   2.1313181e-08   1.4006500e-07
   4.9085782e-02   4.9001715e-02   2.2732898e-02   2.4499682e-02   2.1313181e-08   1.4006500e-07   1.1552305e-03   6.3777835e-04   1.8974844e-09   4.9001715e-02   4.8789663e-02   2.4499682e-02   2.6246697e-02   1.4006500e-07   4.4772104e-08
   4.9001715e-02   4.8789663e-02   2.4499682e-02   2.6246697e-02   1.4006500e-07   4.4772104e-08   1.1462770e-03   6.7837381e-04  -1.9922537e-09   4.8789663e-02   4.8432870e-02   2.6246697e-02   2.7954040e-02   4.4772104e-08  -4.7008233e-08
   4.8789663e-02   4.8432870e-02   2.6246697e-02   2.7954040e-02   4.4772104e-08  -4.7008233e-08   1.1336927e-03   7.1764152e-04  -4.5446590e-09   4.8432870e-02   4.7923147e-02   2.7954040e-02   2.9607212e-02  -4.7008233e-08  -1.0723353e-07
   4.8432870e-02   4.7923147e-02   2.7954040e-02   2.9607212e-02  -4.7008233e-08  -1.0723353e-07   1.1172111e-03   7.5499194e-04  -3.4015040e-09   4.7923147e-02   4.7249139e-02   2.9607212e-02   3.1181544e-02  -1.0723353e-07  -8.0260206e-08
   4.7923147e-02   4.7249139e-02   2.9607212e-02   3.1181544e-02  -1.0723353e-07  -8.0260206e-08   1.0968507e-03   7.9010282e-04   7.0508030e-09   4.7249139e-02   4.6411351e-02   3.1181544e-02   3.2663630e-02  -8.0260206e-08   1.6636726e-07
   4.7249139e-02   4.6411351e-02   3.1181544e-02   3.2663630e-02  -8.0260206e-08   1.6636726e-07   1.0726723e-03   8.2257515e-04   1.3759122e-09   4.6411351e-02   4.5412187e-02   3.2663630e-02   3.4036709e-02   1.6636726e-07   3.2465344e-08
   4.6411351e-02   4.5412187e-02   3.2663630e-02   3.4036709e-02   1.6636726e-07   3.2465344e-08   1.0449064e-03   8.5220295e-04  -6.2448616e-09   4.5412187e-02   4.4261154e-02   3.4036709e-02   3.5292083e-02   3.2465344e-08  -1.4735067e-07
   4.5412187e-02   4.4261154e-02   3.4036709e-02   3.5292083e-02   3.2465344e-08  -1.4735067e-07   1.0138453e-03   8.7875103e-04  -1.6996320e-09   4.4261154e-02   4.2970424e-02   3.5292083e-02   3.6419780e-02  -1.4735067e-07  -4.0103676e-08
   4.4261154e-02   4.2970424e-02   3.5292083e-02   3.6419780e-02  -1.4735067e-07  -4.0103676e-08   9.7989569e-04   9.0207757e-04  -1.8688390e-10   4.2970424e-02   4.1556966e-02   3.6419780e-02   3.7413722e-02  -4.0103676e-08  -4.4096202e-09
   4.2970424e-02   4.1556966e-02   3.6419780e-02   3.7413722e-02  -4.0103676e-08  -4.4096202e-09   9.4355007e-04   9.2237743e-04   1.5590688e-09   4.1556966e-02   4.0041402e-02   3.7413722e-02   3.8281894e-02  -4.4096202e-09   3.6787016e-08
   4.1556966e-02   4.0041402e-02   3.7413722e-02   3.8281894e-02  -4.4096202e-09   3.6787016e-08   9.0530116e-04   9.3963613e-04  -7.0063849e-09   4.0041402e-02   3.8444514e-02   3.8281894e-02   3.9023462e-02   3.6787016e-08  -1.6531920e-07
   4.0041402e-02   3.8444514e-02   3.8281894e-02   3.9023462e-02   3.6787016e-08  -1.6531920e-07   8.6566549e-04   9.5418276e-04   4.8185690e-09   3.8444514e-02   3.6787994e-02   3.9023462e-02   3.9652012e-02  -1.6531920e-07   1.1369657e-07
   3.8444514e-02   3.6787994e-02   3.9023462e-02   3.9652012e-02  -1.6531920e-07   1.1369657e-07   8.2516185e-04   9.6607574e-04  -6.7208108e-09   3.6787994e-02   3.5093759e-02   3.9652012e-02   4.0169781e-02   1.1369657e-07  -1.5858093e-07
   3.6787994e-02   3.5093759e-02   3.9652012e-02   4.0169781e-02   1.1369657e-07  -1.5858093e-07   7.8422324e-04   9.7591301e-04   5.2754048e-09   3.5093759e-02   3.3380052e-02   4.0169781e-02   4.0601609e-02  -1.5858093e-07   1.2447584e-07
   3.5093759e-02   3.3380052e-02   4.0169781e-02   4.0601609e-02  -1.5858093e-07   1.2447584e-07   7.4328754e-04   9.8383309e-04   5.0062268e-09   3.3380052e-02   3.1665503e-02   4.0601609e-02   4.0953145e-02   1.2447584e-07   1.1812445e-07
   3.3380052e-02   3.1665503e-02   4.0601609e-02   4.0953145e-02   1.2447584e-07   1.1812445e-07   7.0265972e-04   9.9039804e-04   1.3109144e-09   3.1665503e-02   2.9963008e-02   4.0953145e-02   4.1247767e-02   1.1812445e-07   3.0931689e-08
   3.1665503e-02   2.9963008e-02   4.0953145e-02   4.1247767e-02   1.1812445e-07   3.0931689e-08   6.6265757e-04   9.9581116e-04   3.7572647e-09   2.9963008e-02   2.8286167e-02   4.1247767e-02   4.1493877e-02   3.0931689e-08   8.8654561e-08
   2.9963008e-02   2.8286167e-02   4.1247767e-02   4.1493877e-02   3.0931689e-08   8.8654561e-08   6.2344023e-04   1.0005750e-03   6.1102087e-09   2.8286167e-02   2.6641749e-02   4.1493877e-02   4.1712439e-02   8.8654561e-08   1.4417346e-07
   2.8286167e-02   2.6641749e-02   4.1493877e-02   4.1712439e-02   8.8654561e-08   1.4417346e-07   5.8521038e-04   1.0048641e-03   1.1085646e-09   2.6641749e-02   2.5038502e-02   4.1712439e-02   4.1910702e-02   1.4417346e-07   2.6157141e-08
   2.6641749e-02   2.5038502e-02   4.1712439e-02   4.1910702e-02   1.4417346e-07   2.6157141e-08   5.4794851e-04   1.0092251e-03  -2.0318611e-09   2.5038502e-02   2.3475693e-02   4.1910702e-02   4.2111530e-02   2.6157141e-08  -4.7942791e-08
   2.5038502e-02   2.3475693e-02   4.1910702e-02   4.2111530e-02   2.6157141e-08  -4.7942791e-08   5.1175800e-04   1.0137489e-03  -5.3338169e-09   2.3475693e-02   2.1957907e-02   4.2111530e-02   4.2318752e-02  -4.7942791e-08  -1.2585411e-07
   2.3475693e-02   2.1957907e-02   4.2111530e-02   4.2318752e-02  -4.7942791e-08  -1.2585411e-07   4.7660580e-04   1.0187220e-03   7.0267793e-09   2.1957907e-02   2.0483800e-02   4.2318752e-02   4.2544347e-02  -1.2585411e-07   1.6580041e-07
   2.1957907e-02   2.0483800e-02   4.2318752e-02   4.2544347e-02  -1.2585411e-07   1.6580041e-07   4.4241717e-04   1.0243870e-03  -2.8218714e-09   2.0483800e-02   1.9050355e-02   4.2544347e-02   4.2798523e-02   1.6580041e-07  -6.6583481e-08
   2.0483800e-02   1.9050355e-02   4.2544347e-02   4.2798523e-02   1.6580041e-07  -6.6583481e-08   4.0911739e-04   1.0308928e-03   7.0181046e-09   1.9050355e-02   1.7654572e-02   4.2798523e-02   4.3087563e-02  -6.6583481e-08   1.6559573e-07
   1.9050355e-02   1.7654572e-02   4.2798523e-02   4.3087563e-02  -6.6583481e-08   1.6559573e-07   3.7657034e-04   1.0384204e-03  -1.9505569e-10   1.7654572e-02   1.6290774e-02   4.3087563e-02   4.3419105e-02   1.6559573e-07  -4.6024376e-09
   1.7654572e-02   1.6290774e-02   4.3087563e-02   4.3419105e-02   1.6559573e-07  -4.6024376e-09   3.4464977e-04   1.0470633e-03   7.3089044e-11   1.6290774e-02   1.4953769e-02   4.3419105e-02   4.3797136e-02  -4.6024376e-09   1.7245730e-09
   1.6290774e-02   1.4953769e-02   4.3419105e-02   4.3797136e-02  -4.6024376e-09   1.7245730e-09   3.1321214e-04   1.0568919e-03  -6.9338153e-09   1.4953769e-02   1.3637554e-02   4.3797136e-02   4.4224667e-02   1.7245730e-09  -1.6360688e-07
   1.4953769e-02   1.3637554e-02   4.3797136e-02   4.4224667e-02   1.7245730e-09  -1.6360688e-07   2.8203224e-04   1.0680406e-03   1.3578957e-09   1.3637554e-02   1.2332715e-02   4.4224667e-02   4.4707419e-02  -1.6360688e-07   3.2040234e-08
   1.3637554e-02   1.2332715e-02   4.4224667e-02   4.4707419e-02  -1.6360688e-07   3.2040234e-08   2.5104693e-04   1.0803710e-03   1.7649361e-09   1.2332715e-02   1.1036646e-02   4.4707419e-02   4.5239676e-02   3.2040234e-08   4.1644559e-08
   1.2332715e-02   1.1036646e-02   4.4707419e-02   4.5239676e-02   3.2040234e-08   4.1644559e-08   2.1997439e-04   1.0940102e-03   3.0957585e-09   1.1036646e-02   9.7374641e-03   4.5239676e-02   4.5826803e-02   4.1644559e-08   7.3045988e-08
   1.1036646e-02   9.7374641e-03   4.5239676e-02   4.5826803e-02   4.1644559e-08   7.3045988e-08   1.8866218e-04   1.1088606e-03   3.4175465e-09   9.7374641e-03   8.4288204e-03   4.5826803e-02   4.6464838e-02   7.3045988e-08   8.0638737e-08
   9.7374641e-03   8.4288204e-03   4.5826803e-02   4.6464838e-02   7.3045988e-08   8.0638737e-08   1.5693446e-04   1.1248238e-03  -5.8771580e-11   8.4288204e-03   7.1032868e-03   4.6464838e-02   4.7149715e-02   8.0638737e-08  -1.3867452e-09
   8.4288204e-03   7.1032868e-03   4.6464838e-02   4.7149715e-02   8.0638737e-08  -1.3867452e-09   1.2463597e-04   1.1417414e-03  -3.4655699e-09   7.1032868e-03   5.7543006e-03   4.7149715e-02   4.7874859e-02  -1.3867452e-09  -8.1771874e-08
   7.1032868e-03   5.7543006e-03   4.7149715e-02   4.7874859e-02  -1.3867452e-09  -8.1771874e-08   9.1576818e-05   1.1594611e-03   4.8402189e-10   5.7543006e-03   4.3738104e-03   4.7874859e-02   4.8633953e-02  -8.1771874e-08   1.1420741e-08
   5.7543006e-03   4.3738104e-03   4.7874859e-02   4.8633953e-02  -8.1771874e-08   1.1420741e-08   5.7691245e-05   1.1776567e-03  -7.1267462e-09   4.3738104e-03   2.9589780e-03   4.8633953e-02   4.9413384e-02   1.1420741e-08  -1.6815918e-07
   4.3738104e-03   2.9589780e-03   4.8633953e-02   4.9413384e-02   1.1420741e-08  -1.6815918e-07   2.2784157e-05   1.1961230e-03  -6.7873301e-09   2.9589780e-03   1.5014766e-03   4.9413384e-02   5.0204557e-02  -1.6815918e-07  -1.6015049e-07
   2.9589780e-03   1.5014766e-03   4.9413384e-02   5.0204557e-02  -1.6815918e-07  -1.6015049e-07  -1.3168923e-05  -1.2136683e-03  -1.4048306e-09   1.5014766e-03   1.6573836e-07   5.0204557e-02  -5.0990617e-02  -1.6015049e-07  -3.3147689e-08
   1.5014766e-03   1.6573836e-07   5.0204557e-02  -5.0990617e-02  -1.6015049e-07  -3.3147689e-08  -2.3476609e-05  -1.2322578e-03   2.5262377e-10   1.6573836e-07  -1.5479355e-03  -5.0990617e-02  -5.1754828e-02  -3.3147689e-08   5.9607857e-09
   1.6573836e-07  -1.5479355e-03  -5.0990617e-02  -5.1754828e-02  -3.3147689e-08   5.9607857e-09  -6.1241645e-05  -1.2498661e-03  -7.0955881e-09  -1.5479355e-03  -3.1424870e-03  -5.1754828e-02  -5.2477320e-02   5.9607857e-09  -1.6742399e-07
  -1.5479355e-03  -3.1424870e-03  -5.1754828e-02  -5.2477320e-02   5.9607857e-09  -1.6742399e-07  -1.0003882e-04  -1.2660025e-03   6.7122591e-09  -3.1424870e-03  -4.7799373e-03  -5.2477320e-02  -5.3137475e-02  -1.6742399e-07   1.5837915e-07
  -3.1424870e-03  -4.7799373e-03  -5.2477320e-02  -5.3137475e-02  -1.6742399e-07   1.5837915e-07  -1.3977088e-04  -1.2801239e-03   4.2832749e-09  -4.7799373e-03  -6.4559453e-03  -5.3137475e-02  -5.3712531e-02   1.5837915e-07   1.0106604e-07
  -4.7799373e-03  -6.4559453e-03  -5.3137475e-02  -5.3712531e-02   1.5837915e-07   1.0106604e-07  -1.8024688e-04  -1.2917038e-03   6.3385038e-09  -6.4559453e-03  -8.1622770e-03  -5.3712531e-02  -5.4180415e-02   1.0106604e-07   1.4956020e-07
  -6.4559453e-03  -8.1622770e-03  -5.3712531e-02  -5.4180415e-02   1.0106604e-07   1.4956020e-07  -2.2123551e-04  -1.3002168e-03   7.0842017e-09  -8.1622770e-03  -9.8889532e-03  -5.4180415e-02  -5.4519159e-02   1.4956020e-07   1.6715532e-07
  -8.1622770e-03  -9.8889532e-03  -5.4180415e-02  -5.4519159e-02   1.4956020e-07   1.6715532e-07  -2.6243819e-04  -1.3051947e-03  -2.9689052e-11  -9.8889532e-03  -1.1623198e-02  -5.4519159e-02  -5.4709203e-02   1.6715532e-07  -7.0052818e-10
  -9.8889532e-03  -1.1623198e-02  -5.4519159e-02  -5.4709203e-02   1.6715532e-07  -7.0052818e-10  -3.0354606e-04  -1.3061995e-03   4.2692234e-10  -1.1623198e-02  -1.3351830e-02  -5.4709203e-02  -5.4732293e-02  -7.0052818e-10   1.0073448e-08
  -1.1623198e-02  -1.3351830e-02  -5.4709203e-02  -5.4732293e-02  -7.0052818e-10   1.0073448e-08  -3.4412222e-04  -1.3030315e-03  -7.1712965e-09  -1.3351830e-02  -1.5056283e-02  -5.4732293e-02  -5.4580185e-02   1.0073448e-08  -1.6921037e-07
  -1.3351830e-02  -1.5056283e-02  -5.4732293e-02  -5.4580185e-02   1.0073448e-08  -1.6921037e-07  -3.8386965e-04  -1.2954171e-03   6.5251652e-09  -1.5056283e-02  -1.6724006e-02  -5.4580185e-02  -5.4241595e-02  -1.6921037e-07   1.5396457e-07
  -1.5056283e-02  -1.6724006e-02  -5.4580185e-02  -5.4241595e-02  -1.6921037e-07   1.5396457e-07  -4.2240332e-04  -1.2833458e-03   7.0892376e-09  -1.6724006e-02  -1.8338675e-02  -5.4241595e-02  -5.3716228e-02   1.5396457e-07   1.6727414e-07
  -1.6724006e-02  -1.8338675e-02  -5.4241595e-02  -5.3716228e-02   1.5396457e-07   1.6727414e-07  -4.5939649e-04  -1.2669273e-03  -3.9572609e-09  -1.8338675e-02  -1.9886598e-02  -5.3716228e-02  -5.3008856e-02   1.6727414e-07  -9.3373573e-08
  -1.8338675e-02  -1.9886598e-02  -5.3716228e-02  -5.3008856e-02   1.6727414e-07  -9.3373573e-08  -4.9458555e-04  -1.2463843e-03  -6.8734694e-09  -1.9886598e-02  -2.1356755e-02  -5.3008856e-02  -5.2128987e-02  -9.3373573e-08  -1.6218299e-07
  -1.9886598e-02  -2.1356755e-02  -5.3008856e-02  -5.2128987e-02  -9.3373573e-08  -1.6218299e-07  -5.2775553e-04  -1.2220945e-03   3.9868016e-09  -2.1356755e-02  -2.2740200e-02  -5.2128987e-02  -5.1092614e-02  -1.6218299e-07   9.4070600e-08
  -2.1356755e-02  -2.2740200e-02  -5.2128987e-02  -5.1092614e-02  -1.6218299e-07   9.4070600e-08  -5.5875230e-04  -1.1945565e-03   5.6662516e-09  -2.2740200e-02  -2.4030634e-02  -5.1092614e-02  -4.9920776e-02   9.4070600e-08   1.3369807e-07
  -2.2740200e-02  -2.4030634e-02  -5.1092614e-02  -4.9920776e-02   9.4070600e-08   1.3369807e-07  -5.8759409e-04  -1.1641781e-03   2.2111656e-10  -2.4030634e-02  -2.5229073e-02  -4.9920776e-02  -4.8630666e-02   1.3369807e-07   5.2173571e-09
  -2.4030634e-02  -2.5229073e-02  -4.9920776e-02  -4.8630666e-02   1.3369807e-07   5.2173571e-09  -6.1430157e-04  -1.1315192e-03  -1.8974640e-09  -2.5229073e-02  -2.6336576e-02  -4.8630666e-02  -4.7245781e-02   5.2173571e-09  -4.4771622e-08
  -2.5229073e-02  -2.6336576e-02  -4.8630666e-02  -4.7245781e-02   5.2173571e-09  -4.4771622e-08  -6.3891855e-04  -1.0972552e-03   7.0641442e-09  -2.6336576e-02  -2.7355229e-02  -4.7245781e-02  -4.5794489e-02  -4.4771622e-08   1.6668206e-07
  -2.6336576e-02  -2.7355229e-02  -4.7245781e-02  -4.5794489e-02  -4.4771622e-08   1.6668206e-07  -6.6161361e-04  -1.0619106e-03  -2.9530753e-09  -2.7355229e-02  -2.8292421e-02  -4.5794489e-02  -4.4298793e-02   1.6668206e-07  -6.9679304e-08
  -2.7355229e-02  -2.8292421e-02  -4.5794489e-02  -4.4298793e-02   1.6668206e-07  -6.9679304e-08  -6.8264159e-04  -1.0258732e-03  -1.7443458e-09  -2.8292421e-02  -2.9159122e-02  -4.4298793e-02  -4.2774890e-02  -6.9679304e-08  -4.1158721e-08
  -2.8292421e-02  -2.9159122e-02  -4.4298793e-02  -4.2774890e-02  -6.9679304e-08  -4.1158721e-08  -7.0218715e-04  -9.8972105e-04  -2.4931708e-09  -2.9159122e-02  -2.9963241e-02  -4.2774890e-02  -4.1246950e-02  -4.1158721e-08  -5.8827625e-08
  -2.9159122e-02  -2.9963241e-02  -4.2774890e-02  -4.1246950e-02  -4.1158721e-08  -5.8827625e-08  -7.2054215e-04  -9.5374456e-04  -1.9363168e-09  -2.9963241e-02  -3.0717313e-02  -4.1246950e-02  -3.9727075e-02  -5.8827625e-08  -4.5688374e-08
  -2.9963241e-02  -3.0717313e-02  -4.1246950e-02  -3.9727075e-02  -5.8827625e-08  -4.5688374e-08  -7.3796617e-04  -9.1829888e-04   2.2884089e-09  -3.0717313e-02  -3.1432373e-02  -3.9727075e-02  -3.8230047e-02  -4.5688374e-08   5.3996165e-08
  -3.0717313e-02  -3.1432373e-02  -3.9727075e-02  -3.8230047e-02  -4.5688374e-08   5.3996165e-08  -7.5472844e-04  -8.8362537e-04  -2.5971006e-09  -3.1432373e-02  -3.2119888e-02  -3.8230047e-02  -3.6765882e-02   5.3996165e-08  -6.1279903e-08
  -3.1432373e-02  -3.2119888e-02  -3.8230047e-02  -3.6765882e-02   5.3996165e-08  -6.1279903e-08  -7.7109959e-04  -8.4987968e-04   3.4635907e-09  -3.2119888e-02  -3.2791344e-02  -3.6765882e-02  -3.5340984e-02  -6.1279903e-08   8.1725174e-08
  -3.2119888e-02  -3.2791344e-02  -3.6765882e-02  -3.5340984e-02  -6.1279903e-08   8.1725174e-08  -7.8732850e-04  -8.1720185e-04  -1.7057972e-09  -3.2791344e-02  -3.3457252e-02  -3.5340984e-02  -3.3961119e-02   8.1725174e-08  -4.0249148e-08
  -3.2791344e-02  -3.3457252e-02  -3.5340984e-02  -3.3961119e-02   8.1725174e-08  -4.0249148e-08  -8.0365697e-04  -7.8564306e-04   2.2827611e-09  -3.3457252e-02  -3.4127845e-02  -3.3961119e-02  -3.2628308e-02  -4.0249148e-08   5.3862902e-08
  -3.3457252e-02  -3.4127845e-02  -3.3961119e-02  -3.2628308e-02  -4.0249148e-08   5.3862902e-08  -8.2030328e-04  -7.5522270e-04  -1.9150528e-10  -3.4127845e-02  -3.4812300e-02  -3.2628308e-02  -3.1343266e-02   5.3862902e-08  -4.5186640e-09
  -3.4127845e-02  -3.4812300e-02  -3.2628308e-02  -3.1343266e-02   5.3862902e-08  -4.5186640e-09  -8.3746543e-04  -7.2590946e-04   5.6477904e-09  -3.4812300e-02  -3.5518951e-02  -3.1343266e-02  -3.0104566e-02  -4.5186640e-09   1.3326247e-07
  -3.4812300e-02  -3.5518951e-02  -3.1343266e-02  -3.0104566e-02  -4.5186640e-09   1.3326247e-07  -8.5532539e-04  -6.9766049e-04  -4.0151441e-09  -3.5518951e-02  -3.6255416e-02  -3.0104566e-02  -2.8910325e-02   1.3326247e-07  -9.4739355e-08
  -3.5518951e-02  -3.6255416e-02  -3.0104566e-02  -2.8910325e-02   1.3326247e-07  -9.4739355e-08  -8.7403327e-04  -6.7034103e-04   3.0070409e-10  -3.6255416e-02  -3.7027991e-02  -2.8910325e-02  -2.7754786e-02  -9.4739355e-08   7.0952650e-09
  -3.6255416e-02  -3.7027991e-02  -2.8910325e-02  -2.7754786e-02  -9.4739355e-08   7.0952650e-09  -7.9445248e-04  -3.7518279e-04   7.0208505e-09  -3.7027991e-02  -3.3672862e-02  -2.7754786e-02  -1.5349629e-02   7.0952650e-09   1.6566052e-07
  -3.7027991e-02  -3.3672862e-02  -2.7754786e-02  -1.5349629e-02   7.0952650e-09   1.6566052e-07  -9.1745730e-04  -6.1700117e-04   4.9534443e-09  -3.3672862e-02  -3.8702358e-02  -1.5349629e-02  -2.5542979e-02   1.6566052e-07   1.1687902e-07
  -3.3672862e-02  -3.8702358e-02  -1.5349629e-02  -2.5542979e-02   1.6566052e-07   1.1687902e-07  -8.0705462e-04  -3.5992533e-04   8.5221526e-09  -3.8702358e-02  -3.4177775e-02  -2.5542979e-02  -1.4690367e-02   1.1687902e-07   2.0108450e-07
  -3.8702358e-02  -3.4177775e-02  -2.5542979e-02  -1.4690367e-02   1.1687902e-07   2.0108450e-07  -9.6215322e-04  -5.6658403e-04   2.3523320e-09  -3.4177775e-02  -4.0572321e-02  -1.4690367e-02  -2.3419895e-02   2.0108450e-07   5.5504463e-08
  -3.4177775e-02  -4.0572321e-02  -1.4690367e-02  -2.3419895e-02   2.0108450e-07   5.5504463e-08  -8.2988428e-04  -3.4168946e-04   6.7949774e-09  -4.0572321e-02  -3.5113226e-02  -2.3419895e-02  -1.3903852e-02   5.5504463e-08   1.6033093e-07
  -4.0572321e-02  -3.5113226e-02  -2.3419895e-02  -1.3903852e-02   5.5504463e-08   1.6033093e-07  -1.0116738e-03  -5.1688483e-04  -1.8173251e-10  -3.5113226e-02  -4.2643520e-02  -1.3903852e-02  -2.1322219e-02   1.6033093e-07  -4.2880704e-09
  -3.5113226e-02  -4.2643520e-02  -1.3903852e-02  -2.1322219e-02   1.6033093e-07  -4.2880704e-09  -8.5885835e-04  -3.1860458e-04  -5.4012760e-09  -4.2643520e-02  -3.6307022e-02  -2.1322219e-02  -1.2911461e-02  -4.2880704e-09  -1.2744584e-07
  -4.2643520e-02  -3.6307022e-02  -2.1322219e-02  -1.2911461e-02  -4.2880704e-09  -1.2744584e-07  -1.0656123e-03  -4.6629934e-04   6.4424274e-09  -3.6307022e-02  -4.4898001e-02  -1.2911461e-02  -1.9184465e-02  -1.2744584e-07   1.5201233e-07
  -3.6307022e-02  -4.4898001e-02  -1.2911461e-02  -1.9184465e-02  -1.2744584e-07   1.5201233e-07  -8.9064054e-04  -2.9042574e-04  -1.6679258e-09  -4.4898001e-02  -3.7618313e-02  -1.9184465e-02  -1.1703110e-02   1.5201233e-07  -3.9355552e-08
  -4.4898001e-02  -3.7618313e-02  -1.9184465e-02  -1.1703110e-02   1.5201233e-07  -3.9355552e-08  -1.1226965e-03  -4.1312630e-04  -2.1621959e-09  -3.7618313e-02  -4.7282223e-02  -1.1703110e-02  -1.6936750e-02  -3.9355552e-08  -5.1018106e-08
  -3.7618313e-02  -4.7282223e-02  -1.1703110e-02  -1.6936750e-02  -3.9355552e-08  -5.1018106e-08  -9.2242519e-04  -2.5730465e-04  -5.6718611e-09  -4.7282223e-02  -3.8928501e-02  -1.6936750e-02  -1.0285743e-02  -5.1018106e-08  -1.3383043e-07
  -4.7282223e-02  -3.8928501e-02  -1.6936750e-02  -1.0285743e-02  -5.1018106e-08  -1.3383043e-07  -1.1806316e-03  -3.5578103e-04  -1.2577412e-09  -3.8928501e-02  -4.9699878e-02  -1.0285743e-02  -1.4513807e-02  -1.3383043e-07  -2.9677039e-08
  -3.8928501e-02  -4.9699878e-02  -1.0285743e-02  -1.4513807e-02  -1.3383043e-07  -2.9677039e-08  -1.2076241e-03  -3.2781068e-04   2.2217355e-09  -4.9699878e-02  -5.0880154e-02  -1.4513807e-02  -1.3220355e-02  -2.9677039e-08   5.2422972e-08
  -4.9699878e-02  -5.0880154e-02  -1.4513807e-02  -1.3220355e-02  -2.9677039e-08   5.2422972e-08  -1.2349501e-03  -2.9587559e-04   4.0764949e-09  -5.0880154e-02  -5.2013594e-02  -1.3220355e-02  -1.1866077e-02   5.2422972e-08   9.6186958e-08
  -5.0880154e-02  -5.2013594e-02  -1.3220355e-02  -1.1866077e-02   5.2422972e-08   9.6186958e-08  -1.2607012e-03  -2.6245633e-04   1.1784649e-09  -5.2013594e-02  -5.3080214e-02  -1.1866077e-02  -1.0449980e-02   9.6186958e-08   2.7806476e-08
  -5.2013594e-02  -5.3080214e-02  -1.1866077e-02  -1.0449980e-02   9.6186958e-08   2.7806476e-08  -1.2842369e-03  -2.2753311e-04  -1.3785184e-09  -5.3080214e-02  -5.4053110e-02  -1.0449980e-02  -8.9714477e-03   2.7806476e-08  -3.2526838e-08
  -5.3080214e-02  -5.4053110e-02  -1.0449980e-02  -8.9714477e-03   2.7806476e-08  -3.2526838e-08  -1.3050378e-03  -1.9118415e-04  -4.3642677e-09  -5.4053110e-02  -5.4910453e-02  -8.9714477e-03  -7.4340675e-03  -3.2526838e-08  -1.0297710e-07
  -5.4053110e-02  -5.4910453e-02  -8.9714477e-03  -7.4340675e-03  -3.2526838e-08  -1.0297710e-07  -1.3225064e-03  -1.5353275e-04  -5.1654812e-10  -5.4910453e-02  -5.5627195e-02  -7.4340675e-03  -5.8432581e-03  -1.0297710e-07  -1.2188214e-08
  -5.4910453e-02  -5.5627195e-02  -7.4340675e-03  -5.8432581e-03  -1.0297710e-07  -1.2188214e-08  -1.3362058e-03  -1.1478388e-04  -3.0707525e-09  -5.5627195e-02  -5.6185038e-02  -5.8432581e-03  -4.2079108e-03  -1.2188214e-08  -7.2455957e-08
  -5.5627195e-02  -5.6185038e-02  -5.8432581e-03  -4.2079108e-03  -1.2188214e-08  -7.2455957e-08  -1.3457388e-03  -7.5188271e-05  -1.0873851e-09  -5.6185038e-02  -5.6567399e-02  -4.2079108e-03  -2.5387451e-03  -7.2455957e-08  -2.5657401e-08
  -5.6185038e-02  -5.6567399e-02  -4.2079108e-03  -2.5387451e-03  -7.2455957e-08  -2.5657401e-08  -1.3507830e-03  -3.5041450e-05  -6.8504858e-09  -5.6567399e-02  -5.6760864e-02  -2.5387451e-03  -8.4836704e-04  -2.5657401e-08  -1.6164068e-07
  -5.6567399e-02  -5.6760864e-02  -2.5387451e-03  -8.4836704e-04  -2.5657401e-08  -1.6164068e-07  -1.3512333e-03   5.3078766e-06   6.6852912e-09  -5.6760864e-02  -5.6761148e-02  -8.4836704e-04   8.4844269e-04  -1.6164068e-07   1.5774283e-07
  -5.6760864e-02  -5.6761148e-02  -8.4836704e-04   8.4844269e-04  -1.6164068e-07   1.5774283e-07  -1.3470109e-03   4.5551195e-05   1.8745737e-09  -5.6761148e-02  -5.6565106e-02   8.4844269e-04   2.5386511e-03   1.5774283e-07   4.4231515e-08
  -5.6761148e-02  -5.6565106e-02   8.4844269e-04   2.5386511e-03   1.5774283e-07   4.4231515e-08  -1.3384293e-03   8.5347117e-05   1.9382550e-09  -5.6565106e-02  -5.6186054e-02   2.5386511e-03   4.2079244e-03   4.4231515e-08   4.5734107e-08
  -5.6565106e-02  -5.6186054e-02   2.5386511e-03   4.2079244e-03   4.4231515e-08   4.5734107e-08  -1.3255666e-03   1.2438293e-04   1.1031128e-09  -5.6186054e-02  -5.5627425e-02   4.2079244e-03   5.8432515e-03   4.5734107e-08   2.6028503e-08
  -5.6186054e-02  -5.5627425e-02   4.2079244e-03   5.8432515e-03   4.5734107e-08   2.6028503e-08  -1.3089216e-03   1.6240441e-04  -2.2653915e-09  -5.5627425e-02  -5.4910315e-02   5.8432515e-03   7.4339984e-03   2.6028503e-08  -5.3453058e-08
  -5.5627425e-02  -5.4910315e-02   5.8432515e-03   7.4339984e-03   2.6028503e-08  -5.3453058e-08  -1.2889307e-03   1.9919811e-04   1.9565441e-10  -5.4910315e-02  -5.4053166e-02   7.4339984e-03   8.9714346e-03  -5.3453058e-08   4.6165648e-09
  -5.4910315e-02  -5.4053166e-02   7.4339984e-03   8.9714346e-03  -5.3453058e-08   4.6165648e-09  -1.2661679e-03   2.3462610e-04  -6.4114941e-09  -5.4053166e-02  -5.3080187e-02   8.9714346e-03   1.0449962e-02   4.6165648e-09  -1.5128245e-07
  -5.4053166e-02  -5.3080187e-02   8.9714346e-03   1.0449962e-02   4.6165648e-09  -1.5128245e-07  -1.2412028e-03   2.6861007e-04   5.6927885e-09  -5.3080187e-02  -5.2015356e-02   1.0449962e-02   1.1866573e-02  -1.5128245e-07   1.3432422e-07
  -5.3080187e-02  -5.2015356e-02   1.0449962e-02   1.1866573e-02  -1.5128245e-07   1.3432422e-07  -1.2145454e-03   3.0112284e-04  -1.3560254e-09  -5.2015356e-02  -5.0880140e-02   1.1866573e-02   1.3220363e-02   1.3432422e-07  -3.1996104e-08
  -5.2015356e-02  -5.0880140e-02   1.1866573e-02   1.3220363e-02   1.3432422e-07  -3.1996104e-08  -1.1867942e-03   3.3221502e-04   6.1649259e-09  -5.0880140e-02  -4.9699667e-02   1.3220363e-02   1.4513731e-02  -3.1996104e-08   1.4546454e-07
  -5.0880140e-02  -4.9699667e-02   1.3220363e-02   1.4513731e-02  -3.1996104e-08   1.4546454e-07  -1.1584468e-03   3.6197981e-04   1.8064844e-09  -4.9699667e-02  -4.8494827e-02   1.4513731e-02   1.5750837e-02   1.4546454e-07   4.2624913e-08
  -4.9699667e-02  -4.8494827e-02   1.4513731e-02   1.5750837e-02   1.4546454e-07   4.2624913e-08  -1.1298864e-03   3.9052694e-04   4.9317239e-09  -4.8494827e-02  -4.7281655e-02   1.5750837e-02   1.6936543e-02   4.2624913e-08   1.1636652e-07
  -4.8494827e-02  -4.7281655e-02   1.5750837e-02   1.6936543e-02   4.2624913e-08   1.1636652e-07  -1.1015630e-03   4.1803891e-04   6.0527010e-09  -4.7281655e-02  -4.6079007e-02   1.6936543e-02   1.8078674e-02   1.1636652e-07   1.4281654e-07
  -4.7281655e-02  -4.6079007e-02   1.6936543e-02   1.8078674e-02   1.1636652e-07   1.4281654e-07  -1.0737434e-03   4.4468289e-04  -1.0935450e-09  -4.6079007e-02  -4.4897999e-02   1.8078674e-02   1.9184467e-02   1.4281654e-07  -2.5802747e-08
  -4.6079007e-02  -4.4897999e-02   1.8078674e-02   1.9184467e-02   1.4281654e-07  -2.5802747e-08  -1.0467046e-03   4.7066671e-04   6.3568054e-09  -4.4897999e-02  -4.3750181e-02   1.9184467e-02   2.0262779e-02  -2.5802747e-08   1.4999204e-07
  -4.4897999e-02  -4.3750181e-02   1.9184467e-02   2.0262779e-02  -2.5802747e-08   1.4999204e-07  -1.0206482e-03   4.9619472e-04   2.0989188e-09  -4.3750181e-02  -4.2643933e-02   2.0262779e-02   2.1322300e-02   1.4999204e-07   4.9525051e-08
  -4.3750181e-02  -4.2643933e-02   2.0262779e-02   2.1322300e-02   1.4999204e-07   4.9525051e-08  -9.9566350e-04   5.2146590e-04  -2.5005667e-09  -4.2643933e-02  -4.1582896e-02   2.1322300e-02   2.2371502e-02   4.9525051e-08  -5.9002137e-08
  -4.2643933e-02  -4.1582896e-02   2.1322300e-02   2.2371502e-02   4.9525051e-08  -5.9002137e-08  -9.7186753e-04   5.4668986e-04   1.0909601e-09  -4.1582896e-02  -4.0571901e-02   2.2371502e-02   2.3419219e-02  -5.9002137e-08   2.5741754e-08
  -4.1582896e-02  -4.0571901e-02   2.2371502e-02   2.3419219e-02  -5.9002137e-08   2.5741754e-08  -9.4927624e-04   5.7206115e-04  -2.0279931e-09  -4.0571901e-02  -3.9611523e-02   2.3419219e-02   2.4473670e-02   2.5741754e-08  -4.7851523e-08
  -4.0571901e-02  -3.9611523e-02   2.3419219e-02   2.4473670e-02   2.5741754e-08  -4.7851523e-08  -9.2792806e-04   5.9778184e-04  -2.8879732e-09  -3.9611523e-02  -3.8703278e-02   2.4473670e-02   2.5543358e-02  -4.7851523e-08  -6.8143188e-08
  -3.9611523e-02  -3.8703278e-02   2.4473670e-02   2.5543358e-02  -4.7851523e-08  -6.8143188e-08  -9.0771417e-04   6.2399981e-04   4.3011852e-09  -3.8703278e-02  -3.7842506e-02   2.5543358e-02   2.6634504e-02  -6.8143188e-08   1.0148864e-07
  -3.8703278e-02  -3.7842506e-02   2.5543358e-02   2.6634504e-02  -6.8143188e-08   1.0148864e-07  -8.8860616e-04   6.5089553e-04   7.2393557e-09  -3.7842506e-02  -3.7027949e-02   2.6634504e-02   2.7754634e-02   1.0148864e-07   1.7081626e-07
  -3.7842506e-02  -3.7027949e-02   2.6634504e-02   2.7754634e-02   1.0148864e-07   1.7081626e-07  -8.7050999e-04   6.7861326e-04   2.7413238e-09  -3.7027949e-02  -3.6255567e-02   2.7754634e-02   2.8909800e-02   1.7081626e-07   6.4682921e-08
  -3.7027949e-02  -3.6255567e-02   2.7754634e-02   2.8909800e-02   1.7081626e-07   6.4682921e-08  -8.5327497e-04   7.0726290e-04   7.1716569e-09  -3.6255567e-02  -3.5518964e-02   2.8909800e-02   3.0104576e-02   6.4682921e-08   1.6921887e-07
  -3.6255567e-02  -3.5518964e-02   2.8909800e-02   3.0104576e-02   6.4682921e-08   1.6921887e-07  -8.3676431e-04   7.3694824e-04  -7.0911829e-09  -3.5518964e-02  -3.4812353e-02   3.0104576e-02   3.1343240e-02   1.6921887e-07  -1.6732005e-07
  -3.5518964e-02  -3.4812353e-02   3.0104576e-02   3.1343240e-02   1.6921887e-07  -1.6732005e-07  -8.2079145e-04   7.6773018e-04   7.1193520e-09  -3.4812353e-02  -3.4127834e-02   3.1343240e-02   3.2628304e-02  -1.6732005e-07   1.6798471e-07
  -3.4812353e-02  -3.4127834e-02   3.1343240e-02   3.2628304e-02  -1.6732005e-07   1.6798471e-07  -8.0516311e-04   7.9964244e-04   3.3256631e-09  -3.4127834e-02  -3.3457291e-02   3.2628304e-02   3.3961067e-02   1.6798471e-07   7.8470702e-08
  -3.4127834e-02  -3.3457291e-02   3.2628304e-02   3.3961067e-02   1.6798471e-07   7.8470702e-08  -7.8965762e-04   8.3267372e-04   2.3749328e-09  -3.3457291e-02  -3.2791371e-02   3.3961067e-02   3.5340994e-02   7.8470702e-08   5.6037741e-08
  -3.3457291e-02  -3.2791371e-02   3.3961067e-02   3.5340994e-02   7.8470702e-08   5.6037741e-08  -7.7403426e-04   8.6676483e-04  -6.9920483e-09  -3.2791371e-02  -3.2119983e-02   3.5340994e-02   3.6765482e-02   5.6037741e-08  -1.6498092e-07
  -3.2791371e-02  -3.2119983e-02   3.5340994e-02   3.6765482e-02   5.6037741e-08  -1.6498092e-07  -7.5804960e-04   9.0181418e-04  -6.2324371e-09  -3.2119983e-02  -3.1432923e-02   3.6765482e-02   3.8230162e-02  -1.6498092e-07  -1.4705750e-07
  -3.2119983e-02  -3.1432923e-02   3.6765482e-02   3.8230162e-02  -1.6498092e-07  -1.4705750e-07  -7.4145965e-04   9.3766156e-04  -2.5143307e-09  -3.1432923e-02  -3.0720005e-02   3.8230162e-02   3.9728180e-02  -1.4705750e-07  -5.9326903e-08
  -3.1432923e-02  -3.0720005e-02   3.8230162e-02   3.9728180e-02  -1.4705750e-07  -5.9326903e-08  -7.2384215e-04   9.7398890e-04   7.1157605e-09  -3.0720005e-02  -2.9963564e-02   3.9728180e-02   4.1246070e-02  -5.9326903e-08   1.6789997e-07
  -3.0720005e-02  -2.9963564e-02   3.9728180e-02   4.1246070e-02  -5.9326903e-08   1.6789997e-07  -7.0509299e-04   1.0105900e-03   2.6161388e-09  -2.9963564e-02  -2.9159379e-02   4.1246070e-02   4.2774975e-02   1.6789997e-07   6.1729117e-08
  -2.9963564e-02  -2.9159379e-02   4.1246070e-02   4.2774975e-02   1.6789997e-07   6.1729117e-08  -6.8485381e-04   1.0470342e-03  -2.0801177e-10  -2.9159379e-02  -2.8292482e-02   4.2774975e-02   4.4296772e-02   6.1729117e-08  -4.9081428e-09
  -2.9159379e-02  -2.8292482e-02   4.2774975e-02   4.4296772e-02   6.1729117e-08  -4.9081428e-09  -6.6291516e-04   1.0829053e-03   3.0978457e-10  -2.8292482e-02  -2.7354286e-02   4.4296772e-02   4.5793807e-02  -4.9081428e-09   7.3095236e-09
  -2.8292482e-02  -2.7354286e-02   4.4296772e-02   4.5793807e-02  -4.9081428e-09   7.3095236e-09  -6.3907373e-04   1.1177236e-03  -7.1408450e-09  -2.7354286e-02  -2.6336449e-02   4.5793807e-02   4.7245837e-02   7.3095236e-09  -1.6849185e-07
  -2.7354286e-02  -2.6336449e-02   4.5793807e-02   4.7245837e-02   7.3095236e-09  -1.6849185e-07  -6.1312184e-04   1.1509065e-03   6.5695483e-09  -2.6336449e-02  -2.5230462e-02   4.7245837e-02   4.8628302e-02  -1.6849185e-07   1.5501181e-07
  -2.6336449e-02  -2.5230462e-02   4.7245837e-02   4.8628302e-02  -1.6849185e-07   1.5501181e-07  -5.8499134e-04   1.1819405e-03  -4.7324662e-09  -2.5230462e-02  -2.4033758e-02   4.8628302e-02   4.9919536e-02   1.5501181e-07  -1.1166493e-07
  -2.5230462e-02  -2.4033758e-02   4.8628302e-02   4.9919536e-02   1.5501181e-07  -1.1166493e-07  -5.5454481e-04   1.2101924e-03  -3.4045314e-10  -2.4033758e-02  -2.2740764e-02   4.9919536e-02   5.1092934e-02  -1.1166493e-07  -8.0331640e-09
  -2.4033758e-02  -2.2740764e-02   4.9919536e-02   5.1092934e-02  -1.1166493e-07  -8.0331640e-09  -5.2189918e-04   1.2352020e-03  -3.0844351e-09  -2.2740764e-02  -2.1356721e-02   5.1092934e-02   5.2129085e-02  -8.0331640e-09  -7.2778807e-08
  -2.2740764e-02  -2.1356721e-02   5.1092934e-02   5.2129085e-02  -8.0331640e-09  -7.2778807e-08  -4.8717172e-04   1.2565064e-03  -7.2227048e-09  -2.1356721e-02  -1.9886747e-02   5.2129085e-02   5.3008621e-02  -7.2778807e-08  -1.7042337e-07
  -2.1356721e-02  -1.9886747e-02   5.2129085e-02   5.3008621e-02  -7.2778807e-08  -1.7042337e-07  -4.5054499e-04   1.2737430e-03   6.7021036e-09  -1.9886747e-02  -1.8338727e-02   5.3008621e-02   5.3716362e-02  -1.7042337e-07   1.5813952e-07
  -1.9886747e-02  -1.8338727e-02   5.3008621e-02   5.3716362e-02  -1.7042337e-07   1.5813952e-07  -4.1228841e-04   1.2866547e-03  -2.1703252e-12  -1.8338727e-02  -1.6724166e-02   5.3716362e-02   5.4241587e-02   1.5813952e-07  -5.1209921e-11
  -1.8338727e-02  -1.6724166e-02   5.3716362e-02   5.4241587e-02   1.5813952e-07  -5.1209921e-11  -3.7268676e-04   1.2951148e-03   7.2138643e-10  -1.6724166e-02  -1.5055102e-02   5.4241587e-02   5.4579123e-02  -5.1209921e-11   1.7021477e-08
  -1.6724166e-02  -1.5055102e-02   5.4241587e-02   5.4579123e-02  -5.1209921e-11   1.7021477e-08  -3.3225583e-04   1.2992801e-03   3.1629337e-09  -1.5055102e-02  -1.3353284e-02   5.4579123e-02   5.4735671e-02   1.7021477e-08   7.4631020e-08
