   0.0000000e+00   0.0000000e+00   0.0000000e+00   0.0000000e+00   0.0000000e+00   0.0000000e+00   1.4510751e+01   7.8382825e-05   2.4233296e-04   0.0000000e+00   1.5370185e-03   0.0000000e+00   4.7519369e-03   0.0000000e+00   5.4382978e-03
   0.0000000e+00   1.5370185e-03   0.0000000e+00   4.7519369e-03   0.0000000e+00   5.4382978e-03   1.4507070e+01   1.7278830e-04   3.4015123e-04   1.5370185e-03   3.3873676e-03   4.7519369e-03   6.6683755e-03   5.4382978e-03   7.9254569e-03
   1.5370185e-03   3.3873676e-03   4.7519369e-03   6.6683755e-03   5.4382978e-03   7.9254569e-03   1.4503389e+01   2.9839763e-04   4.1181768e-04   3.3873676e-03   5.8483470e-03   6.6683755e-03   8.0712863e-03   7.9254569e-03   1.0413063e-02
   3.3873676e-03   5.8483470e-03   6.6683755e-03   8.0712863e-03   7.9254569e-03   1.0413063e-02   1.4499707e+01   4.4878543e-04   4.4976986e-04   5.8483470e-03   8.7935909e-03   8.0712863e-03   8.8128801e-03   1.0413063e-02   1.2900548e-02
   5.8483470e-03   8.7935909e-03   8.0712863e-03   8.8128801e-03   1.0413063e-02   1.2900548e-02   1.4496026e+01   6.1636625e-04   4.4886488e-04   8.7935909e-03   1.2074137e-02   8.8128801e-03   8.7929149e-03   1.2900548e-02   1.5387873e-02
   8.7935909e-03   1.2074137e-02   8.8128801e-03   8.7929149e-03   1.2900548e-02   1.5387873e-02   1.4492344e+01   7.9218394e-04   4.0476958e-04   1.2074137e-02   1.5514327e-02   8.7929149e-03   7.9271083e-03   1.5387873e-02   1.7875530e-02
   1.2074137e-02   1.5514327e-02   8.7929149e-03   7.9271083e-03   1.5387873e-02   1.7875530e-02   1.4488664e+01   9.6660715e-04   3.1511747e-04   1.5514327e-02   1.8925468e-02   7.9271083e-03   6.1697719e-03   1.7875530e-02   2.0362214e-02
   1.5514327e-02   1.8925468e-02   7.9271083e-03   6.1697719e-03   1.7875530e-02   2.0362214e-02   1.4484982e+01   1.1296011e-03   1.7996483e-04   1.8925468e-02   2.2111151e-02   6.1697719e-03   3.5226856e-03   2.0362214e-02   2.2850007e-02
   1.8925468e-02   2.2111151e-02   6.1697719e-03   3.5226856e-03   2.0362214e-02   2.2850007e-02   1.4481299e+01   1.2711381e-03   1.0136352e-06   2.2111151e-02   2.4875311e-02   3.5226856e-03   1.9836154e-05   2.2850007e-02   2.5338648e-02
   2.2111151e-02   2.4875311e-02   3.5226856e-03   1.9836154e-05   2.2850007e-02   2.5338648e-02   1.4477619e+01   1.3813460e-03  -2.1773303e-04   2.4875311e-02   2.7025137e-02   1.9836154e-05  -4.2598054e-03   2.5338648e-02   2.7824776e-02
   2.4875311e-02   2.7025137e-02   1.9836154e-05  -4.2598054e-03   2.5338648e-02   2.7824776e-02   1.4473938e+01   1.4513874e-03  -4.7053008e-04   2.7025137e-02   2.8388232e-02  -4.2598054e-03  -9.2032745e-03   2.7824776e-02   3.0312161e-02
   2.7025137e-02   2.8388232e-02  -4.2598054e-03  -9.2032745e-03   2.7824776e-02   3.0312161e-02   1.4470256e+01   1.4734391e-03  -7.4970449e-04   2.8388232e-02   2.8812217e-02  -9.2032745e-03  -1.4660022e-02   3.0312161e-02   3.2799999e-02
   2.8388232e-02   2.8812217e-02  -9.2032745e-03  -1.4660022e-02   3.0312161e-02   3.2799999e-02   1.4466573e+01   1.4411917e-03  -1.0460217e-03   2.8812217e-02   2.8174467e-02  -1.4660022e-02  -2.0449122e-02   3.2799999e-02   3.5288212e-02
   2.8812217e-02   2.8174467e-02  -1.4660022e-02  -2.0449122e-02   3.2799999e-02   3.5288212e-02   1.4462894e+01   1.3499025e-03  -1.3488654e-03   2.8174467e-02   2.6383104e-02  -2.0449122e-02  -2.6362835e-02   3.5288212e-02   3.7774278e-02
   2.8174467e-02   2.6383104e-02  -2.0449122e-02  -2.6362835e-02   3.5288212e-02   3.7774278e-02   1.4459213e+01   1.1972164e-03  -1.6468034e-03   2.6383104e-02   2.3392982e-02  -2.6362835e-02  -3.2177678e-02   3.7774278e-02   4.0261539e-02
   2.6383104e-02   2.3392982e-02  -2.6362835e-02  -3.2177678e-02   3.7774278e-02   4.0261539e-02   1.4455532e+01   9.8273910e-04  -1.9277269e-03   2.3392982e-02   1.9197319e-02  -3.2177678e-02  -3.7657185e-02   4.0261539e-02   4.2748759e-02
   2.3392982e-02   1.9197319e-02  -3.2177678e-02  -3.7657185e-02   4.0261539e-02   4.2748759e-02   1.4451850e+01   7.0846335e-04  -2.1793839e-03   1.9197319e-02   1.3835954e-02  -3.7657185e-02  -4.2562337e-02   4.2748759e-02   4.5236507e-02
   1.9197319e-02   1.3835954e-02  -3.7657185e-02  -4.2562337e-02   4.2748759e-02   4.5236507e-02   1.4448169e+01   3.7867302e-04  -2.3897805e-03   1.3835954e-02   7.3934213e-03  -4.2562337e-02  -4.6659394e-02   4.5236507e-02   4.7723839e-02
   1.3835954e-02   7.3934213e-03  -4.2562337e-02  -4.6659394e-02   4.5236507e-02   4.7723839e-02   1.4444487e+01   1.3049607e-08  -2.5476376e-03   7.3934213e-03   2.5472282e-07  -4.6659394e-02  -4.9728809e-02   4.7723839e-02   5.0211325e-02
   7.3934213e-03   2.5472282e-07  -4.6659394e-02  -4.9728809e-02   4.7723839e-02   5.0211325e-02   1.4440808e+01  -4.1878130e-04  -2.6427735e-03   2.5472282e-07  -8.1723517e-03  -4.9728809e-02  -5.1572681e-02   5.0211325e-02   5.2697590e-02
   2.5472282e-07  -8.1723517e-03  -4.9728809e-02  -5.1572681e-02   5.0211325e-02   5.2697590e-02   1.4437125e+01  -8.6684434e-04  -2.6666235e-03  -8.1723517e-03  -1.6911811e-02  -5.1572681e-02  -5.2024833e-02   5.2697590e-02   5.5185862e-02
  -8.1723517e-03  -1.6911811e-02  -5.1572681e-02  -5.2024833e-02   5.2697590e-02   5.5185862e-02   1.4433443e+01  -1.3316516e-03  -2.6124685e-03  -1.6911811e-02  -2.5973403e-02  -5.2024833e-02  -5.0955291e-02   5.5185862e-02   5.7673623e-02
  -1.6911811e-02  -2.5973403e-02  -5.2024833e-02  -5.0955291e-02   5.5185862e-02   5.7673623e-02   1.4429762e+01  -1.7994880e-03  -2.4757969e-03  -2.5973403e-02  -3.5089437e-02  -5.0955291e-02  -4.8277243e-02   5.7673623e-02   6.0160775e-02
  -2.5973403e-02  -3.5089437e-02  -5.0955291e-02  -4.8277243e-02   5.7673623e-02   6.0160775e-02   1.4426080e+01  -2.2555957e-03  -2.2545482e-03  -3.5089437e-02  -4.3972168e-02  -4.8277243e-02  -4.3951746e-02   6.0160775e-02   6.2648717e-02
  -3.5089437e-02  -4.3972168e-02  -4.8277243e-02  -4.3951746e-02   6.0160775e-02   6.2648717e-02   1.4422400e+01  -2.6846596e-03  -1.9495309e-03  -4.3972168e-02  -5.2323289e-02  -4.3951746e-02  -3.7995828e-02   6.2648717e-02   6.5135466e-02
  -4.3972168e-02  -5.2323289e-02  -4.3951746e-02  -3.7995828e-02   6.2648717e-02   6.5135466e-02   1.4418717e+01  -3.0711479e-03  -1.5637759e-03  -5.2323289e-02  -5.9840557e-02  -3.7995828e-02  -3.0469786e-02   6.5135466e-02   6.7623761e-02
  -5.2323289e-02  -5.9840557e-02  -3.7995828e-02  -3.0469786e-02   6.5135466e-02   6.7623761e-02   1.4415036e+01  -3.4005162e-03  -1.1038477e-03  -5.9840557e-02  -6.6241302e-02  -3.0469786e-02  -2.1502708e-02   6.7623761e-02   7.0110820e-02
  -5.9840557e-02  -6.6241302e-02  -3.0469786e-02  -2.1502708e-02   6.7623761e-02   7.0110820e-02   1.4411355e+01  -3.6584669e-03  -5.7838452e-04  -6.6241302e-02  -7.1247924e-02  -2.1502708e-02  -1.1263925e-02   7.0110820e-02   7.2598102e-02
  -6.6241302e-02  -7.1247924e-02  -2.1502708e-02  -1.1263925e-02   7.0110820e-02   7.2598102e-02   1.4407673e+01  -3.8327606e-03   1.0540618e-06  -7.1247924e-02  -7.4623192e-02  -1.1263925e-02   2.0522402e-05   7.2598102e-02   7.5085599e-02
  -7.1247924e-02  -7.4623192e-02  -1.1263925e-02   2.0522402e-05   7.2598102e-02   7.5085599e-02   1.4403992e+01  -3.9127573e-03   6.2078355e-04  -7.4623192e-02  -7.6161250e-02   2.0522402e-05   1.2083461e-02   7.5085599e-02   7.7572988e-02
  -7.4623192e-02  -7.6161250e-02   2.0522402e-05   1.2083461e-02   7.5085599e-02   7.7572988e-02   1.4400311e+01  -3.8901648e-03   1.2650664e-03  -7.6161250e-02  -7.5702138e-02   1.2083461e-02   2.4618040e-02   7.7572988e-02   8.0060291e-02
  -7.6161250e-02  -7.5702138e-02   1.2083461e-02   2.4618040e-02   7.7572988e-02   8.0060291e-02   1.4396629e+01  -3.7593864e-03   1.9165905e-03  -7.5702138e-02  -7.3138503e-02   2.4618040e-02   3.7287086e-02   8.0060291e-02   8.2547870e-02
  -7.5702138e-02  -7.3138503e-02   2.4618040e-02   3.7287086e-02   8.0060291e-02   8.2547870e-02   1.4392948e+01  -3.5177652e-03   2.5569204e-03  -7.3138503e-02  -6.8420284e-02   3.7287086e-02   4.9731921e-02   8.2547870e-02   8.5035274e-02
  -7.3138503e-02  -6.8420284e-02   3.7287086e-02   4.9731921e-02   8.2547870e-02   8.5035274e-02   1.4389267e+01  -3.1659279e-03   3.1670128e-03  -6.8420284e-02  -6.1561326e-02   4.9731921e-02   6.1582421e-02   8.5035274e-02   8.7522473e-02
  -6.8420284e-02  -6.1561326e-02   4.9731921e-02   6.1582421e-02   8.5035274e-02   8.7522473e-02   1.4385586e+01  -2.7075459e-03   3.7277460e-03  -6.1561326e-02  -5.2634640e-02   6.1582421e-02   7.2467311e-02   8.7522473e-02   9.0009603e-02
  -6.1561326e-02  -5.2634640e-02   6.1582421e-02   7.2467311e-02   8.7522473e-02   9.0009603e-02   1.4381904e+01  -2.1497945e-03   4.2205257e-03  -5.2634640e-02  -4.1781267e-02   7.2467311e-02   8.2025939e-02   9.0009603e-02   9.2497483e-02
  -5.2634640e-02  -4.1781267e-02   7.2467311e-02   8.2025939e-02   9.0009603e-02   9.2497483e-02   1.4378223e+01  -1.5032964e-03   4.6278026e-03  -4.1781267e-02  -2.9209094e-02   8.2025939e-02   8.9918346e-02   9.2497483e-02   9.4984761e-02
  -4.1781267e-02  -2.9209094e-02   8.2025939e-02   8.9918346e-02   9.2497483e-02   9.4984761e-02   1.4374541e+01  -7.8118976e-04   4.9337211e-03  -2.9209094e-02  -1.5174655e-02   8.9918346e-02   9.5837808e-02   9.4984761e-02   9.7472038e-02
  -2.9209094e-02  -1.5174655e-02   8.9918346e-02   9.5837808e-02   9.4984761e-02   9.7472038e-02   1.4370860e+01   9.6114966e-08   5.1245846e-03  -1.5174655e-02   1.8665604e-06   9.5837808e-02   9.9519848e-02   9.7472038e-02   9.9959521e-02
  -1.5174655e-02   1.8665604e-06   9.5837808e-02   9.9519848e-02   9.7472038e-02   9.9959521e-02   1.4367179e+01   8.2169789e-04   5.1893256e-03   1.8665604e-06   1.5953352e-02   9.9519848e-02   1.0075131e-01   9.9959521e-02   1.0244691e-01
   1.8665604e-06   1.5953352e-02   9.9519848e-02   1.0075131e-01   9.9959521e-02   1.0244691e-01   1.4363497e+01   1.6631870e-03   5.1200512e-03   1.5953352e-02   3.2282678e-02   1.0075131e-01   9.9380867e-02   1.0244691e-01   1.0493423e-01
   1.5953352e-02   3.2282678e-02   1.0075131e-01   9.9380867e-02   1.0244691e-01   1.0493423e-01   1.4359816e+01   2.5023451e-03   4.9122930e-03   3.2282678e-02   4.8558399e-02   9.9380867e-02   9.5323817e-02   1.0493423e-01   1.0742156e-01
   3.2282678e-02   4.8558399e-02   9.9380867e-02   9.5323817e-02   1.0493423e-01   1.0742156e-01   1.4356135e+01   3.3161196e-03   4.5653327e-03   4.8558399e-02   6.4333324e-02   9.5323817e-02   8.8568286e-02   1.0742156e-01   1.0990893e-01
   4.8558399e-02   6.4333324e-02   9.5323817e-02   8.8568286e-02   1.0742156e-01   1.0990893e-01   1.4352453e+01   4.0808570e-03   4.0819602e-03   6.4333324e-02   7.9149068e-02   8.8568286e-02   7.9170464e-02   1.0990893e-01   1.1239644e-01
   6.4333324e-02   7.9149068e-02   8.8568286e-02   7.9170464e-02   1.0990893e-01   1.1239644e-01   1.4348772e+01   4.7740316e-03   3.4696734e-03   7.9149068e-02   9.2569585e-02   7.9170464e-02   6.7277776e-02   1.1239644e-01   1.1488349e-01
   7.9149068e-02   9.2569585e-02   7.9170464e-02   6.7277776e-02   1.1239644e-01   1.1488349e-01   1.4345091e+01   5.3735493e-03   2.7389801e-03   9.2569585e-02   1.0416764e-01   6.7277776e-02   5.3095836e-02   1.1488349e-01   1.1737079e-01
   9.2569585e-02   1.0416764e-01   6.7277776e-02   5.3095836e-02   1.1488349e-01   1.1737079e-01   1.4341410e+01   5.8592336e-03   1.9048586e-03   1.0416764e-01   1.1355361e-01   5.3095836e-02   3.6916699e-02   1.1737079e-01   1.1985833e-01
   1.0416764e-01   1.1355361e-01   5.3095836e-02   3.6916699e-02   1.1737079e-01   1.1985833e-01   1.4337729e+01   6.2132474e-03   9.8518384e-04   1.1355361e-01   1.2038359e-01   3.6916699e-02   1.9088242e-02   1.1985833e-01   1.2234532e-01
   1.1355361e-01   1.2038359e-01   3.6916699e-02   1.9088242e-02   1.1985833e-01   1.2234532e-01   1.4334047e+01   6.4207326e-03   1.0878215e-06   1.2038359e-01   1.2437174e-01   1.9088242e-02   2.1071465e-05   1.2234532e-01   1.2483290e-01
   1.2038359e-01   1.2437174e-01   1.9088242e-02   2.1071465e-05   1.2234532e-01   1.2483290e-01   1.4330365e+01   6.4702121e-03  -1.0237110e-03   1.2437174e-01   1.2529797e-01   2.1071465e-05  -1.9824530e-02   1.2483290e-01   1.2732096e-01
   1.2437174e-01   1.2529797e-01   2.1071465e-05  -1.9824530e-02   1.2483290e-01   1.2732096e-01   1.4326685e+01   6.3539855e-03  -2.0634808e-03   1.2529797e-01   1.2301561e-01  -1.9824530e-02  -3.9949782e-02   1.2732096e-01   1.2980755e-01
   1.2529797e-01   1.2301561e-01  -1.9824530e-02  -3.9949782e-02   1.2732096e-01   1.2980755e-01   1.4323003e+01   6.0688736e-03  -3.0910438e-03   1.2301561e-01   1.1746554e-01  -3.9949782e-02  -5.9828420e-02   1.2980755e-01   1.3229504e-01
   1.2301561e-01   1.1746554e-01  -3.9949782e-02  -5.9828420e-02   1.2980755e-01   1.3229504e-01   1.4319322e+01   5.6158307e-03  -4.0791015e-03   1.1746554e-01   1.0866877e-01  -5.9828420e-02  -7.8932391e-02   1.3229504e-01   1.3478220e-01
   1.1746554e-01   1.0866877e-01  -5.9828420e-02  -7.8932391e-02   1.3229504e-01   1.3478220e-01   1.4315641e+01   5.0005495e-03  -4.9995680e-03   1.0866877e-01   9.6737934e-02  -7.8932391e-02  -9.6718946e-02   1.3478220e-01   1.3726968e-01
   1.0866877e-01   9.6737934e-02  -7.8932391e-02  -9.6718946e-02   1.3478220e-01   1.3726968e-01   1.4311959e+01   4.2334179e-03  -5.8258054e-03   9.6737934e-02   8.1876357e-02  -9.6718946e-02  -1.1267390e-01   1.3726968e-01   1.3975718e-01
   9.6737934e-02   8.1876357e-02  -9.6718946e-02  -1.1267390e-01   1.3726968e-01   1.3975718e-01   1.4308278e+01   3.3290768e-03  -6.5325962e-03   8.1876357e-02   6.4369401e-02  -1.1267390e-01  -1.2631108e-01   1.3975718e-01   1.4224460e-01
   8.1876357e-02   6.4369401e-02  -1.1267390e-01  -1.2631108e-01   1.3975718e-01   1.4224460e-01   1.4304597e+01   2.3063549e-03  -7.0971218e-03   6.4369401e-02   4.4583076e-02  -1.2631108e-01  -1.3719117e-01   1.4224460e-01   1.4473206e-01
   6.4369401e-02   4.4583076e-02  -1.2631108e-01  -1.3719117e-01   1.4224460e-01   1.4473206e-01   1.4300915e+01   1.1880509e-03  -7.4995461e-03   4.4583076e-02   2.2959750e-02  -1.3719117e-01  -1.4493293e-01   1.4473206e-01   1.4721954e-01
   4.4583076e-02   2.2959750e-02  -1.3719117e-01  -1.4493293e-01   1.4473206e-01   1.4721954e-01   1.4297234e+01   1.9770479e-08  -7.7237559e-03   2.2959750e-02   3.8197723e-07  -1.4493293e-01  -1.4922749e-01   1.4721954e-01   1.4970691e-01
   2.2959750e-02   3.8197723e-07  -1.4493293e-01  -1.4922749e-01   1.4721954e-01   1.4970691e-01   1.4293552e+01  -1.2288603e-03  -7.7578032e-03   3.8197723e-07  -2.3736187e-02  -1.4922749e-01  -1.4984671e-01   1.4970691e-01   1.5219438e-01
   3.8197723e-07  -2.3736187e-02  -1.4922749e-01  -1.4984671e-01   1.4970691e-01   1.5219438e-01   1.4289871e+01  -2.4679106e-03  -7.5944904e-03  -2.3736187e-02  -4.7656923e-02  -1.4984671e-01  -1.4665444e-01   1.5219438e-01   1.5468188e-01
  -2.3736187e-02  -4.7656923e-02  -1.4984671e-01  -1.4665444e-01   1.5219438e-01   1.5468188e-01   1.4286189e+01  -3.6851512e-03  -7.2315280e-03  -4.7656923e-02  -7.1144280e-02  -1.4665444e-01  -1.3960943e-01   1.5468188e-01   1.5716936e-01
  -4.7656923e-02  -7.1144280e-02  -1.4665444e-01  -1.3960943e-01   1.5468188e-01   1.5716936e-01   1.4282508e+01  -4.8481305e-03  -6.6719632e-03  -7.1144280e-02  -9.3572245e-02  -1.3960943e-01  -1.2877347e-01   1.5716936e-01   1.5965688e-01
  -7.1144280e-02  -9.3572245e-02  -1.3960943e-01  -1.2877347e-01   1.5716936e-01   1.5965688e-01   1.4278827e+01  -5.9250239e-03  -5.9240227e-03  -9.3572245e-02  -1.1432755e-01  -1.2877347e-01  -1.1430823e-01   1.5965688e-01   1.6214421e-01
  -9.3572245e-02  -1.1432755e-01  -1.2877347e-01  -1.1430823e-01   1.5965688e-01   1.6214421e-01   1.4275145e+01  -6.8850150e-03  -5.0012417e-03  -1.1432755e-01  -1.3281701e-01  -1.1430823e-01  -9.6477635e-02   1.6214421e-01   1.6463183e-01
  -1.1432755e-01  -1.3281701e-01  -1.1430823e-01  -9.6477635e-02   1.6214421e-01   1.6463183e-01   1.4271463e+01  -7.6996947e-03  -3.9221382e-03  -1.3281701e-01  -1.4849447e-01  -9.6477635e-02  -7.5641419e-02   1.6463183e-01   1.6711954e-01
  -1.3281701e-01  -1.4849447e-01  -9.6477635e-02  -7.5641419e-02   1.6463183e-01   1.6711954e-01   1.4267782e+01  -8.3433487e-03  -2.7098911e-03  -1.4849447e-01  -1.6086632e-01  -7.5641419e-02  -5.2248831e-02   1.6711954e-01   1.6960690e-01
  -1.4849447e-01  -1.6086632e-01  -7.5641419e-02  -5.2248831e-02   1.6711954e-01   1.6960690e-01   1.4264099e+01  -8.7944360e-03  -1.3918386e-03  -1.6086632e-01  -1.6951988e-01  -5.2248831e-02  -2.6828816e-02   1.6960690e-01   1.7209506e-01
  -1.6086632e-01  -1.6951988e-01  -5.2248831e-02  -2.6828816e-02   1.6960690e-01   1.7209506e-01   1.4260419e+01  -9.0354461e-03   1.0713640e-06  -1.6951988e-01  -1.7412061e-01  -2.6828816e-02   2.0646080e-05   1.7209506e-01   1.7458168e-01
  -1.6951988e-01  -1.7412061e-01  -2.6828816e-02   2.0646080e-05   1.7209506e-01   1.7458168e-01   1.4256738e+01  -9.0540790e-03   1.4351131e-03  -1.7412061e-01  -1.7443463e-01   2.0646080e-05   2.7648690e-02   1.7458168e-01   1.7706918e-01
  -1.7412061e-01  -1.7443463e-01   2.0646080e-05   2.7648690e-02   1.7458168e-01   1.7706918e-01   1.4253056e+01  -8.8433243e-03   2.8744799e-03  -1.7443463e-01  -1.7033027e-01   2.7648690e-02   5.5365032e-02   1.7706918e-01   1.7955668e-01
  -1.7443463e-01  -1.7033027e-01   2.7648690e-02   5.5365032e-02   1.7706918e-01   1.7955668e-01   1.4249375e+01  -8.4021719e-03   4.2822687e-03  -1.7033027e-01  -1.6179148e-01   5.5365032e-02   8.2458987e-02   1.7955668e-01   1.8204419e-01
  -1.7033027e-01  -1.6179148e-01   5.5365032e-02   8.2458987e-02   1.7955668e-01   1.8204419e-01   1.4245693e+01  -7.7355902e-03   5.6212719e-03  -1.6179148e-01  -1.4891736e-01   8.2458987e-02   1.0821475e-01   1.8204419e-01   1.8453158e-01
  -1.6179148e-01  -1.4891736e-01   8.2458987e-02   1.0821475e-01   1.8204419e-01   1.8453158e-01   1.4242012e+01  -6.8542404e-03   6.8554164e-03  -1.4891736e-01  -1.3191645e-01   1.0821475e-01   1.3193909e-01   1.8453158e-01   1.8701883e-01
  -1.4891736e-01  -1.3191645e-01   1.0821475e-01   1.3193909e-01   1.8453158e-01   1.8701883e-01   1.4238331e+01  -5.7750758e-03   7.9498707e-03  -1.3191645e-01  -1.1111816e-01   1.3193909e-01   1.5296336e-01   1.8701883e-01   1.8950628e-01
  -1.3191645e-01  -1.1111816e-01   1.3193909e-01   1.5296336e-01   1.8701883e-01   1.8950628e-01   1.4234649e+01  -4.5203721e-03   8.8729625e-03  -1.1111816e-01  -8.6953935e-02   1.5296336e-01   1.7068042e-01   1.8950628e-01   1.9199366e-01
  -1.1111816e-01  -8.6953935e-02   1.5296336e-01   1.7068042e-01   1.8950628e-01   1.9199366e-01   1.4230968e+01  -3.1176362e-03   9.5963436e-03  -8.6953935e-02  -5.9955381e-02   1.7068042e-01   1.8454765e-01   1.9199366e-01   1.9448077e-01
  -8.6953935e-02  -5.9955381e-02   1.7068042e-01   1.8454765e-01   1.9199366e-01   1.9448077e-01   1.4227288e+01  -1.5989299e-03   1.0096384e-02  -5.9955381e-02  -3.0741129e-02   1.8454765e-01   1.9411373e-01   1.9448077e-01   1.9696775e-01
  -5.9955381e-02  -3.0741129e-02   1.8454765e-01   1.9411373e-01   1.9448077e-01   1.9696775e-01   1.4223606e+01  -4.6094880e-09   1.0354202e-02  -3.0741129e-02  -8.8599377e-08   1.9411373e-01   1.9901903e-01   1.9696775e-01   1.9945563e-01
  -3.0741129e-02  -8.8599377e-08   1.9411373e-01   1.9901903e-01   1.9696775e-01   1.9945563e-01   1.4219924e+01   1.6401601e-03   1.0357216e-02  -8.8599377e-08   3.1517504e-02   1.9901903e-01   1.9902545e-01   1.9945563e-01   2.0194291e-01
  -8.8599377e-08   3.1517504e-02   1.9901903e-01   1.9902545e-01   1.9945563e-01   2.0194291e-01   1.4216243e+01   3.2808846e-03   1.0098851e-02   3.1517504e-02   6.3029532e-02   1.9902545e-01   1.9401044e-01   2.0194291e-01   2.0443021e-01
   3.1517504e-02   6.3029532e-02   1.9902545e-01   1.9401044e-01   2.0194291e-01   2.0443021e-01   1.4212562e+01   4.8802103e-03   9.5791387e-03   6.3029532e-02   9.3730126e-02   1.9401044e-01   1.8397852e-01   2.0443021e-01   2.0691733e-01
   6.3029532e-02   9.3730126e-02   1.9401044e-01   1.8397852e-01   2.0443021e-01   2.0691733e-01   1.4208881e+01   6.3961297e-03   8.8047627e-03   9.3730126e-02   1.2281330e-01   1.8397852e-01   1.6906192e-01   2.0691733e-01   2.0940489e-01
   9.3730126e-02   1.2281330e-01   1.8397852e-01   1.6906192e-01   2.0691733e-01   2.0940489e-01   1.4205200e+01   7.7882597e-03   7.7894521e-03   1.2281330e-01   1.4950512e-01   1.6906192e-01   1.4952801e-01   2.0940489e-01   2.1189204e-01
   1.2281330e-01   1.4950512e-01   1.6906192e-01   1.4952801e-01   2.0940489e-01   2.1189204e-01   1.4201519e+01   9.0179015e-03   6.5530580e-03   1.4950512e-01   1.7306472e-01   1.4952801e-01   1.2576132e-01   2.1189204e-01   2.1437929e-01
   1.4950512e-01   1.7306472e-01   1.4952801e-01   1.2576132e-01   2.1189204e-01   2.1437929e-01   1.4197837e+01   1.0050006e-02   5.1217410e-03   1.7306472e-01   1.9282210e-01   1.2576132e-01   9.8267087e-02   2.1437929e-01   2.1686679e-01
   1.7306472e-01   1.9282210e-01   1.2576132e-01   9.8267087e-02   2.1437929e-01   2.1686679e-01   1.4194156e+01   1.0853331e-02   3.5276906e-03   1.9282210e-01   2.0818092e-01   9.8267087e-02   6.7665665e-02   2.1686679e-01   2.1935378e-01
   1.9282210e-01   2.0818092e-01   9.8267087e-02   6.7665665e-02   2.1686679e-01   2.1935378e-01   1.4190475e+01   1.1402428e-02   1.8070800e-03   2.0818092e-01   2.1865659e-01   6.7665665e-02   3.4653141e-02   2.1935378e-01   2.2184117e-01
   2.0818092e-01   2.1865659e-01   6.7665665e-02   3.4653141e-02   2.1935378e-01   2.2184117e-01   1.4186794e+01   1.1677383e-02   1.0553819e-06   2.1865659e-01   2.2387110e-01   3.4653141e-02   2.0233088e-05   2.2184117e-01   2.2432861e-01
   2.1865659e-01   2.2387110e-01   3.4653141e-02   2.0233088e-05   2.2184117e-01   2.2432861e-01   1.4183113e+01   1.1664727e-02  -1.8464240e-03   2.2387110e-01   2.2357045e-01   2.0233088e-05  -3.5389242e-02   2.2432861e-01   2.2681578e-01
   2.2387110e-01   2.2357045e-01   2.0233088e-05  -3.5389242e-02   2.2432861e-01   2.2681578e-01   1.4179431e+01   1.1358454e-02  -3.6895271e-03   2.2357045e-01   2.1764380e-01  -3.5389242e-02  -7.0696481e-02   2.2681578e-01   2.2930312e-01
   2.2357045e-01   2.1764380e-01  -3.5389242e-02  -7.0696481e-02   2.2681578e-01   2.2930312e-01   1.4175750e+01   1.0759724e-02  -5.4813269e-03   2.1764380e-01   2.0611778e-01  -7.0696481e-02  -1.0500260e-01   2.2930312e-01   2.3179047e-01
   2.1764380e-01   2.0611778e-01  -7.0696481e-02  -1.0500260e-01   2.2930312e-01   2.3179047e-01   1.4172069e+01   9.8771874e-03  -7.1752642e-03   2.0611778e-01   1.8916240e-01  -1.0500260e-01  -1.3741667e-01   2.3179047e-01   2.3427783e-01
   2.0611778e-01   1.8916240e-01  -1.0500260e-01  -1.3741667e-01   2.3179047e-01   2.3427783e-01   1.4168387e+01   8.7271277e-03  -8.7261508e-03   1.8916240e-01   1.6709368e-01  -1.3741667e-01  -1.6707498e-01   2.3427783e-01   2.3676526e-01
   1.8916240e-01   1.6709368e-01  -1.3741667e-01  -1.6707498e-01   2.3427783e-01   2.3676526e-01   1.4164706e+01   7.3327179e-03  -1.0091683e-02   1.6709368e-01   1.4035918e-01  -1.6707498e-01  -1.9316990e-01   2.3676526e-01   2.3925269e-01
   1.6709368e-01   1.4035918e-01  -1.6707498e-01  -1.9316990e-01   2.3676526e-01   2.3925269e-01   1.4161025e+01   5.7241092e-03  -1.1233254e-02   1.4035918e-01   1.0953953e-01  -1.9316990e-01  -2.1496539e-01   2.3925269e-01   2.4174006e-01
   1.4035918e-01   1.0953953e-01  -1.9316990e-01  -2.1496539e-01   2.3925269e-01   2.4174006e-01   1.4157343e+01   3.9374082e-03  -1.2117174e-02   1.0953953e-01   7.5328702e-02  -2.1496539e-01  -2.3182026e-01   2.4174006e-01   2.4422753e-01
   1.0953953e-01   7.5328702e-02  -2.1496539e-01  -2.3182026e-01   2.4174006e-01   2.4422753e-01   1.4153662e+01   2.0141253e-03  -1.2715653e-02   7.5328702e-02   3.8523309e-02  -2.3182026e-01  -2.4320683e-01   2.4422753e-01   2.4671500e-01
   7.5328702e-02   3.8523309e-02  -2.3182026e-01  -2.4320683e-01   2.4422753e-01   2.4671500e-01   1.4149981e+01   7.8757298e-08  -1.3007608e-02   3.8523309e-02   1.5059652e-06  -2.4320683e-01  -2.4872622e-01   2.4671500e-01   2.4920215e-01
   3.8523309e-02   1.5059652e-06  -2.4320683e-01  -2.4872622e-01   2.4671500e-01   2.4920215e-01   1.4146300e+01  -2.0559834e-03  -1.2979325e-02   1.5059652e-06  -3.9303456e-02  -2.4872622e-01  -2.4812084e-01   2.4920215e-01   2.5168926e-01
   1.5059652e-06  -3.9303456e-02  -2.4872622e-01  -2.4812084e-01   2.4920215e-01   2.5168926e-01   1.4142618e+01  -4.1024526e-03  -1.2624938e-02  -3.9303456e-02  -7.8404622e-02  -2.4812084e-01  -2.4128334e-01   2.5168926e-01   2.5417694e-01
  -3.9303456e-02  -7.8404622e-02  -2.4812084e-01  -2.4128334e-01   2.5168926e-01   2.5417694e-01   1.4138936e+01  -6.0876710e-03  -1.1946784e-02  -7.8404622e-02  -1.1631512e-01  -2.4128334e-01  -2.2826326e-01   2.5417694e-01   2.5666510e-01
  -7.8404622e-02  -1.1631512e-01  -2.4128334e-01  -2.2826326e-01   2.5417694e-01   2.5666510e-01   1.4135254e+01  -7.9603666e-03  -1.0955530e-02  -1.1631512e-01  -1.5205649e-01  -2.2826326e-01  -2.0926919e-01   2.5666510e-01   2.5915272e-01
  -1.1631512e-01  -1.5205649e-01  -2.2826326e-01  -2.0926919e-01   2.5666510e-01   2.5915272e-01   1.4131573e+01  -9.6709300e-03  -9.6699466e-03  -1.5205649e-01  -1.8468304e-01  -2.0926919e-01  -1.8466426e-01   2.5915272e-01   2.6164007e-01
  -1.5205649e-01  -1.8468304e-01  -2.0926919e-01  -1.8466426e-01   2.5915272e-01   2.6164007e-01   1.4127891e+01  -1.1173026e-02  -8.1166776e-03  -1.8468304e-01  -2.1331257e-01  -1.8466426e-01  -1.5496153e-01   2.6164007e-01   2.6412777e-01
  -1.8468304e-01  -2.1331257e-01  -1.8466426e-01  -1.5496153e-01   2.6164007e-01   2.6412777e-01   1.4124210e+01  -1.2424765e-02  -6.3296666e-03  -2.1331257e-01  -2.3714865e-01  -1.5496153e-01  -1.2081289e-01   2.6412777e-01   2.6661466e-01
  -2.1331257e-01  -2.3714865e-01  -1.5496153e-01  -1.2081289e-01   2.6412777e-01   2.6661466e-01   1.4120528e+01  -1.3389475e-02  -4.3494537e-03  -2.3714865e-01  -2.5549520e-01  -1.2081289e-01  -8.2995380e-02   2.6661466e-01   2.6910288e-01
  -2.3714865e-01  -2.5549520e-01  -1.2081289e-01  -8.2995380e-02   2.6661466e-01   2.6910288e-01   1.4116846e+01  -1.4037609e-02  -2.2222642e-03  -2.5549520e-01  -2.6779293e-01  -8.2995380e-02  -4.2393733e-02   2.6910288e-01   2.7159047e-01
  -2.5549520e-01  -2.6779293e-01  -8.2995380e-02  -4.2393733e-02   2.6910288e-01   2.7159047e-01   1.4113165e+01  -1.4346732e-02   1.0927479e-06  -2.6779293e-01  -2.7361863e-01  -4.2393733e-02   2.0840718e-05   2.7159047e-01   2.7407789e-01
  -2.6779293e-01  -2.7361863e-01  -4.2393733e-02   2.0840718e-05   2.7159047e-01   2.7407789e-01   1.4109483e+01  -1.4302643e-02   2.2664620e-03  -2.7361863e-01  -2.7270663e-01   2.0840718e-05   4.3214335e-02   2.7407789e-01   2.7656537e-01
  -2.7361863e-01  -2.7270663e-01   2.0840718e-05   4.3214335e-02   2.7407789e-01   2.7656537e-01   1.4105802e+01  -1.3899889e-02   4.5175137e-03  -2.7270663e-01  -2.6495822e-01   4.3214335e-02   8.6112368e-02   2.7656537e-01   2.7905287e-01
  -2.7270663e-01  -2.6495822e-01   4.3214335e-02   8.6112368e-02   2.7656537e-01   2.7905287e-01   1.4102120e+01  -1.3141861e-02   6.6973637e-03  -2.6495822e-01  -2.5044340e-01   8.6112368e-02   1.2763112e-01   2.7905287e-01   2.8154022e-01
  -2.6495822e-01  -2.5044340e-01   8.6112368e-02   1.2763112e-01   2.7905287e-01   2.8154022e-01   1.4098439e+01  -1.2041394e-02   8.7498384e-03  -2.5044340e-01  -2.2941197e-01   1.2763112e-01   1.6670144e-01   2.8154022e-01   2.8402777e-01
  -2.5044340e-01  -2.2941197e-01   1.2763112e-01   1.6670144e-01   2.8154022e-01   2.8402777e-01   1.4094758e+01  -1.0619665e-02   1.0620868e-02  -2.2941197e-01  -2.0227244e-01   1.6670144e-01   2.0229536e-01   2.8402777e-01   2.8651514e-01
  -2.2941197e-01  -2.0227244e-01   1.6670144e-01   2.0229536e-01   2.8402777e-01   2.8651514e-01   1.4091076e+01  -8.9067139e-03   1.2260357e-02  -2.0227244e-01  -1.6960160e-01   2.0229536e-01   2.3346166e-01   2.8651514e-01   2.8900268e-01
  -2.0227244e-01  -1.6960160e-01   2.0229536e-01   2.3346166e-01   2.8651514e-01   2.8900268e-01   1.4087395e+01  -6.9404438e-03   1.3622592e-02  -1.6960160e-01  -1.3212537e-01   2.3346166e-01   2.5933357e-01   2.8900268e-01   2.9148976e-01
  -1.6960160e-01  -1.3212537e-01   2.3346166e-01   2.5933357e-01   2.8900268e-01   2.9148976e-01   1.4083714e+01  -4.7657477e-03   1.4668765e-02  -1.3212537e-01  -9.0701927e-02   2.5933357e-01   2.7917660e-01   2.9148976e-01   2.9397718e-01
  -1.3212537e-01  -9.0701927e-02   2.5933357e-01   2.7917660e-01   2.9148976e-01   2.9397718e-01   1.4080033e+01  -2.4336519e-03   1.5366768e-02  -9.0701927e-02  -4.6305269e-02   2.7917660e-01   2.9238459e-01   2.9397718e-01   2.9646424e-01
  -9.0701927e-02  -4.6305269e-02   2.7917660e-01   2.9238459e-01   2.9397718e-01   2.9646424e-01   1.4076352e+01  -3.4276851e-08   1.5693206e-02  -4.6305269e-02  -6.5201756e-07   2.9238459e-01   2.9851768e-01   2.9646424e-01   2.9895168e-01
  -4.6305269e-02  -6.5201756e-07   2.9238459e-01   2.9851768e-01   2.9646424e-01   2.9895168e-01   1.4072670e+01   2.4758621e-03   1.5633236e-02  -6.5201756e-07   4.7083771e-02   2.9851768e-01   2.9729916e-01   2.9895168e-01   3.0143891e-01
  -6.5201756e-07   4.7083771e-02   2.9851768e-01   2.9729916e-01   2.9895168e-01   3.0143891e-01   1.4068989e+01   4.9324475e-03   1.5181901e-02   4.7083771e-02   9.3776420e-02   2.9729916e-01   2.8864054e-01   3.0143891e-01   3.0392616e-01
   4.7083771e-02   9.3776420e-02   2.9729916e-01   2.8864054e-01   3.0143891e-01   3.0392616e-01   1.4065308e+01   7.3077407e-03   1.4343760e-02   9.3776420e-02   1.3889949e-01   2.8864054e-01   2.7263432e-01   3.0392616e-01   3.0641344e-01
   9.3776420e-02   1.3889949e-01   2.8864054e-01   2.7263432e-01   3.0392616e-01   3.0641344e-01   1.4061627e+01   9.5409422e-03   1.3133279e-02   1.3889949e-01   1.8129888e-01   2.7263432e-01   2.4956117e-01   3.0641344e-01   3.0890079e-01
   1.3889949e-01   1.8129888e-01   2.7263432e-01   2.4956117e-01   3.0641344e-01   3.0890079e-01   1.4057946e+01   1.1573403e-02   1.1574686e-02   1.8129888e-01   2.1986253e-01   2.4956117e-01   2.1988692e-01   3.0890079e-01   3.1138768e-01
   1.8129888e-01   2.1986253e-01   2.4956117e-01   2.1988692e-01   3.0890079e-01   3.1138768e-01   1.4054265e+01   1.3350743e-02   9.7011343e-03   2.1986253e-01   2.5356065e-01   2.1988692e-01   1.8424636e-01   3.1138768e-01   3.1387525e-01
   2.1986253e-01   2.5356065e-01   2.1988692e-01   1.8424636e-01   3.1138768e-01   3.1387525e-01   1.4050584e+01   1.4824320e-02   7.5545810e-03   2.5356065e-01   2.8147344e-01   1.8424636e-01   1.4344091e-01   3.1387525e-01   3.1636226e-01
   2.5356065e-01   2.8147344e-01   1.8424636e-01   1.4344091e-01   3.1387525e-01   3.1636226e-01   1.4046903e+01   1.5952195e-02   5.1843908e-03   2.8147344e-01   3.0280937e-01   1.4344091e-01   9.8411667e-02   3.1636226e-01   3.1884947e-01
   2.8147344e-01   3.0280937e-01   1.4344091e-01   9.8411667e-02   3.1636226e-01   3.1884947e-01   1.4043222e+01   1.6700426e-02   2.6462662e-03   3.0280937e-01   3.1692944e-01   9.8411667e-02   5.0219058e-02   3.1884947e-01   3.2133670e-01
   3.0280937e-01   3.1692944e-01   9.8411667e-02   5.0219058e-02   3.1884947e-01   3.2133670e-01   1.4039540e+01   1.7044097e-02   1.0682618e-06   3.1692944e-01   3.2336660e-01   5.0219058e-02   2.0267439e-05   3.2133670e-01   3.2382405e-01
   3.1692944e-01   3.2336660e-01   5.0219058e-02   2.0267439e-05   3.2133670e-01   3.2382405e-01   1.4035859e+01   1.6968147e-02  -2.6863819e-03   3.2336660e-01   3.2184124e-01   2.0267439e-05  -5.0953618e-02   3.2382405e-01   3.2631131e-01
   3.2336660e-01   3.2184124e-01   2.0267439e-05  -5.0953618e-02   3.2382405e-01   3.2631131e-01   1.4032178e+01   1.6467847e-02  -5.3497028e-03   3.2184124e-01   3.1226995e-01  -5.0953618e-02  -1.0144322e-01   3.2631131e-01   3.2879864e-01
   3.2184124e-01   3.1226995e-01  -5.0953618e-02  -1.0144322e-01   3.2631131e-01   3.2879864e-01   1.4028497e+01   1.5549129e-02  -7.9216204e-03   3.1226995e-01   2.9477150e-01  -1.0144322e-01  -1.5017355e-01   3.2879864e-01   3.3128603e-01
   3.1226995e-01   2.9477150e-01  -1.0144322e-01  -1.5017355e-01   3.2879864e-01   3.3128603e-01   1.4024816e+01   1.4228162e-02  -1.0336389e-02   2.9477150e-01   2.6965858e-01  -1.5017355e-01  -1.9589993e-01   3.3128603e-01   3.3377327e-01
   2.9477150e-01   2.6965858e-01  -1.5017355e-01  -1.9589993e-01   3.3128603e-01   3.3377327e-01   1.4021134e+01   1.2531965e-02  -1.2531039e-02   2.6965858e-01   2.3744914e-01  -1.9589993e-01  -2.3743159e-01   3.3377327e-01   3.3626071e-01
   2.6965858e-01   2.3744914e-01  -1.9589993e-01  -2.3743159e-01   3.3377327e-01   3.3626071e-01   1.4017453e+01   1.0497203e-02  -1.4447199e-02   2.3744914e-01   1.9884330e-01  -2.3743159e-01  -2.7366613e-01   3.3626071e-01   3.3874824e-01
   2.3744914e-01   1.9884330e-01  -2.3743159e-01  -2.7366613e-01   3.3626071e-01   3.3874824e-01   1.4013771e+01   8.1695305e-03  -1.6032673e-02   1.9884330e-01   1.5471072e-01  -2.7366613e-01  -3.0361921e-01   3.3874824e-01   3.4123555e-01
   1.9884330e-01   1.5471072e-01  -2.7366613e-01  -3.0361921e-01   3.3874824e-01   3.4123555e-01   1.4010091e+01   5.6027876e-03  -1.7242738e-02   1.5471072e-01   1.0607508e-01  -3.0361921e-01  -3.2644909e-01   3.4123555e-01   3.4372245e-01
   1.5471072e-01   1.0607508e-01  -3.0361921e-01  -3.2644909e-01   3.4123555e-01   3.4372245e-01   1.4006409e+01   2.8576213e-03  -1.8041427e-02   1.0607508e-01   5.4087856e-02  -3.2644909e-01  -3.4148055e-01   3.4372245e-01   3.4621012e-01
   1.0607508e-01   5.4087856e-02  -3.2644909e-01  -3.4148055e-01   3.4372245e-01   3.4621012e-01   1.4002727e+01   1.0720092e-08  -1.8402594e-02   5.4087856e-02   2.0285206e-07  -3.4148055e-01  -3.4822499e-01   3.4621012e-01   3.4869814e-01
   5.4087856e-02   2.0285206e-07  -3.4148055e-01  -3.4822499e-01   3.4621012e-01   3.4869814e-01   1.3999047e+01  -2.9003087e-03  -1.8310670e-02   2.0285206e-07  -5.4866970e-02  -3.4822499e-01  -3.4639450e-01   3.4869814e-01   3.5118456e-01
   2.0285206e-07  -5.4866970e-02  -3.4822499e-01  -3.4639450e-01   3.4869814e-01   3.5118456e-01   1.3995366e+01  -5.7712188e-03  -1.7761235e-02  -5.4866970e-02  -1.0914908e-01  -3.4639450e-01  -3.3591215e-01   3.5118456e-01   3.5367133e-01
  -5.4866970e-02  -1.0914908e-01  -3.4639450e-01  -3.3591215e-01   3.5118456e-01   3.5367133e-01   1.3991682e+01  -8.5409608e-03  -1.6761273e-02  -1.0914908e-01  -1.6148975e-01  -3.3591215e-01  -3.1691677e-01   3.5367133e-01   3.5616048e-01
  -1.0914908e-01  -1.6148975e-01  -3.3591215e-01  -3.1691677e-01   3.5367133e-01   3.5616048e-01   1.3988000e+01  -1.1138056e-02  -1.5329330e-02  -1.6148975e-01  -2.1053936e-01  -3.1691677e-01  -2.8976578e-01   3.5616048e-01   3.5864859e-01
  -1.6148975e-01  -2.1053936e-01  -3.1691677e-01  -2.8976578e-01   3.5616048e-01   3.5864859e-01   1.3984318e+01  -1.3495710e-02  -1.3494740e-02  -2.1053936e-01  -2.5503824e-01  -2.8976578e-01  -2.5501991e-01   3.5864859e-01   3.6113640e-01
  -2.1053936e-01  -2.5503824e-01  -2.8976578e-01  -2.5501991e-01   3.5864859e-01   3.6113640e-01   1.3980637e+01  -1.5551345e-02  -1.1297739e-02  -2.5503824e-01  -2.9380771e-01  -2.5501991e-01  -2.1344538e-01   3.6113640e-01   3.6362358e-01
  -2.5503824e-01  -2.9380771e-01  -2.5501991e-01  -2.1344538e-01   3.6113640e-01   3.6362358e-01   1.3976955e+01  -1.7249264e-02  -8.7879113e-03  -2.9380771e-01  -3.2580026e-01  -2.1344538e-01  -1.6598411e-01   3.6362358e-01   3.6611136e-01
  -2.9380771e-01  -3.2580026e-01  -2.1344538e-01  -1.6598411e-01   3.6362358e-01   3.6611136e-01   1.3973274e+01  -1.8541881e-02  -6.0235855e-03  -3.2580026e-01  -3.5012267e-01  -1.6598411e-01  -1.1374218e-01   3.6611136e-01   3.6859868e-01
  -3.2580026e-01  -3.5012267e-01  -1.6598411e-01  -1.1374218e-01   3.6611136e-01   3.6859868e-01   1.3969592e+01  -1.9391327e-02  -3.0701700e-03  -3.5012267e-01  -3.6606612e-01  -1.1374218e-01  -5.7958139e-02   3.6859868e-01   3.7108649e-01
  -3.5012267e-01  -3.6606612e-01  -1.1374218e-01  -5.7958139e-02   3.6859868e-01   3.7108649e-01   1.3965910e+01  -1.9770086e-02   1.1236751e-06  -3.6606612e-01  -3.7311791e-01  -5.7958139e-02   2.1206954e-05   3.7108649e-01   3.7357414e-01
  -3.6606612e-01  -3.7311791e-01  -5.7958139e-02   2.1206954e-05   3.7108649e-01   3.7357414e-01   1.3962229e+01  -1.9661950e-02   3.1153051e-03  -3.7311791e-01  -3.7097925e-01   2.1206954e-05   5.8779194e-02   3.7357414e-01   3.7606154e-01
  -3.7311791e-01  -3.7097925e-01   2.1206954e-05   5.8779194e-02   3.7357414e-01   3.7606154e-01   1.3958547e+01  -1.9063138e-02   6.1951992e-03  -3.7097925e-01  -3.5958610e-01   5.8779194e-02   1.1685943e-01   3.7606154e-01   3.7854904e-01
  -3.7097925e-01  -3.5958610e-01   5.8779194e-02   1.1685943e-01   3.7606154e-01   3.7854904e-01   1.3954866e+01  -1.7981617e-02   9.1634798e-03  -3.5958610e-01  -3.3909602e-01   1.1685943e-01   1.7280423e-01   3.7854904e-01   3.8103658e-01
  -3.5958610e-01  -3.3909602e-01   1.1685943e-01   1.7280423e-01   3.7854904e-01   3.8103658e-01   1.3951185e+01  -1.6438186e-02   1.1944288e-02  -3.3909602e-01  -3.0990834e-01   1.7280423e-01   2.2518509e-01   3.8103658e-01   3.8352396e-01
  -3.3909602e-01  -3.0990834e-01   1.7280423e-01   2.2518509e-01   3.8103658e-01   3.8352396e-01   1.3947503e+01  -1.4464579e-02   1.4465785e-02  -3.0990834e-01  -2.7262806e-01   2.2518509e-01   2.7265078e-01   3.8352396e-01   3.8601146e-01
  -3.0990834e-01  -2.7262806e-01   2.2518509e-01   2.7265078e-01   3.8352396e-01   3.8601146e-01   1.3943822e+01  -1.2104449e-02   1.6661793e-02  -2.7262806e-01  -2.2808416e-01   2.7265078e-01   3.1395821e-01   3.8601146e-01   3.8849862e-01
  -2.7262806e-01  -2.2808416e-01   2.7265078e-01   3.1395821e-01   3.8601146e-01   3.8849862e-01   1.3940141e+01  -9.4116624e-03   1.8472505e-02  -2.2808416e-01  -1.7729716e-01   3.1395821e-01   3.4798557e-01   3.8849862e-01   3.9098594e-01
  -2.2808416e-01  -1.7729716e-01   3.1395821e-01   3.4798557e-01   3.8849862e-01   3.9098594e-01   1.3936460e+01  -6.4486597e-03   1.9848508e-02  -1.7729716e-01  -1.2144795e-01   3.4798557e-01   3.7380802e-01   3.9098594e-01   3.9347328e-01
  -1.7729716e-01  -1.2144795e-01   3.4798557e-01   3.7380802e-01   3.9098594e-01   3.9347328e-01   1.3932779e+01  -3.2860971e-03   2.0748637e-02  -1.2144795e-01  -6.1870896e-02   3.7380802e-01   3.9065698e-01   3.9347328e-01   3.9596042e-01
  -1.2144795e-01  -6.1870896e-02   3.7380802e-01   3.9065698e-01   3.9347328e-01   3.9596042e-01   1.3929097e+01   1.0936568e-08   2.1145286e-02  -6.1870896e-02   2.0586016e-07   3.9065698e-01   3.9801993e-01   3.9596042e-01   3.9844775e-01
  -6.1870896e-02   2.0586016e-07   3.9065698e-01   3.9801993e-01   3.9596042e-01   3.9844775e-01   1.3925416e+01   3.3291946e-03   2.1020832e-02   2.0586016e-07   6.2649218e-02   3.9801993e-01   3.9557276e-01   3.9844775e-01   4.0093490e-01
   2.0586016e-07   6.2649218e-02   3.9801993e-01   3.9557276e-01   3.9844775e-01   4.0093490e-01   1.3921735e+01   6.6190094e-03   2.0372329e-02   6.2649218e-02   1.2452445e-01   3.9557276e-01   3.8326779e-01   4.0093490e-01   4.0342226e-01
   6.2649218e-02   1.2452445e-01   3.9557276e-01   3.8326779e-01   4.0093490e-01   4.0342226e-01   1.3918054e+01   9.7868108e-03   1.9209027e-02   1.2452445e-01   1.8407211e-01   3.8326779e-01   3.6128687e-01   4.0342226e-01   4.0590931e-01
   1.2452445e-01   1.8407211e-01   3.8326779e-01   3.6128687e-01   4.0342226e-01   4.0590931e-01   1.3914374e+01   1.2752148e-02   1.7553171e-02   1.8407211e-01   2.3978128e-01   3.6128687e-01   3.3005592e-01   4.0590931e-01   4.0839622e-01
   1.8407211e-01   2.3978128e-01   3.6128687e-01   3.3005592e-01   4.0590931e-01   4.0839622e-01   1.3910692e+01   1.5438466e-02   1.5439787e-02   2.3978128e-01   2.9021587e-01   3.3005592e-01   2.9024071e-01   4.0839622e-01   4.1088383e-01
   2.3978128e-01   2.9021587e-01   3.3005592e-01   2.9024071e-01   4.0839622e-01   4.1088383e-01   1.3907011e+01   1.7775301e-02   1.2915832e-02   2.9021587e-01   3.3405583e-01   2.9024071e-01   2.4273056e-01   4.1088383e-01   4.1337078e-01
   2.9021587e-01   3.3405583e-01   2.9024071e-01   2.4273056e-01   4.1088383e-01   4.1337078e-01   1.3903330e+01   1.9699945e-02   1.0038832e-02   3.3405583e-01   3.7012817e-01   2.4273056e-01   1.8861242e-01   4.1337078e-01   4.1585793e-01
   3.3405583e-01   3.7012817e-01   2.4273056e-01   1.8861242e-01   4.1337078e-01   4.1585793e-01   1.3899649e+01   2.1158995e-02   6.8762679e-03   3.7012817e-01   3.9743596e-01   1.8861242e-01   1.2915907e-01   4.1585793e-01   4.1834509e-01
   3.7012817e-01   3.9743596e-01   1.8861242e-01   1.2915907e-01   4.1585793e-01   4.1834509e-01   1.3895968e+01   2.2110776e-02   3.5032288e-03   3.9743596e-01   4.1520356e-01   1.2915907e-01   6.5784805e-02   4.1834509e-01   4.2083231e-01
   3.9743596e-01   4.1520356e-01   1.2915907e-01   6.5784805e-02   4.1834509e-01   4.2083231e-01   1.3892287e+01   2.2524745e-02   1.1440178e-06   4.1520356e-01   4.2286518e-01   6.5784805e-02   2.1477060e-05   4.2083231e-01   4.2331947e-01
   4.1520356e-01   4.2286518e-01   6.5784805e-02   2.1477060e-05   4.2083231e-01   4.2331947e-01   1.3888605e+01   2.2384212e-02  -3.5441897e-03   4.2286518e-01   4.2011551e-01   2.1477060e-05  -6.6518718e-02   4.2331947e-01   4.2580740e-01
   4.2286518e-01   4.2011551e-01   2.1477060e-05  -6.6518718e-02   4.2331947e-01   4.2580740e-01   1.3884925e+01   2.1685914e-02  -7.0450785e-03   4.2011551e-01   4.0690174e-01  -6.6518718e-02  -1.3218971e-01   4.2580740e-01   4.2829406e-01
   4.2011551e-01   4.0690174e-01  -6.6518718e-02  -1.3218971e-01   4.2580740e-01   4.2829406e-01   1.3881244e+01   2.0440262e-02  -1.0413660e-02   4.0690174e-01   3.8342740e-01  -1.3218971e-01  -1.9534401e-01   4.2829406e-01   4.3078083e-01
   4.0690174e-01   3.8342740e-01  -1.3218971e-01  -1.9534401e-01   4.2829406e-01   4.3078083e-01   1.3877562e+01   1.8671470e-02  -1.3564663e-02   3.8342740e-01   3.5015471e-01  -1.9534401e-01  -2.5438441e-01   4.3078083e-01   4.3326864e-01
   3.8342740e-01   3.5015471e-01  -1.9534401e-01  -2.5438441e-01   4.3078083e-01   4.3326864e-01   1.3873882e+01   1.6417622e-02  -1.6416649e-02   3.5015471e-01   3.0780562e-01  -2.5438441e-01  -3.0778737e-01   4.3326864e-01   4.3575526e-01
   3.5015471e-01   3.0780562e-01  -2.5438441e-01  -3.0778737e-01   4.3326864e-01   4.3575526e-01   1.3870200e+01   1.3728836e-02  -1.8895193e-02   3.0780562e-01   2.5732663e-01  -3.0778737e-01  -3.5416231e-01   4.3575526e-01   4.3824330e-01
   3.0780562e-01   2.5732663e-01  -3.0778737e-01  -3.5416231e-01   4.3575526e-01   4.3824330e-01   1.3866518e+01   1.0666914e-02  -2.0934138e-02   2.5732663e-01   1.9988237e-01  -3.5416231e-01  -3.9227513e-01   4.3824330e-01   4.4073102e-01
   2.5732663e-01   1.9988237e-01  -3.5416231e-01  -3.9227513e-01   4.3824330e-01   4.4073102e-01   1.3862836e+01   7.3035683e-03  -2.2477284e-02   1.9988237e-01   1.3682185e-01  -3.9227513e-01  -4.2107961e-01   4.4073102e-01   4.4321886e-01
   1.9988237e-01   1.3682185e-01  -3.9227513e-01  -4.2107961e-01   4.4073102e-01   4.4321886e-01   1.3859155e+01   3.7190513e-03  -2.3480418e-02   1.3682185e-01   6.9652577e-02  -4.2107961e-01  -4.3975506e-01   4.4321886e-01   4.4570624e-01
   1.3682185e-01   6.9652577e-02  -4.2107961e-01  -4.3975506e-01   4.4321886e-01   4.4570624e-01   1.3855473e+01   9.5349459e-09  -2.3912268e-02   6.9652577e-02   1.7852862e-07  -4.3975506e-01  -4.4772402e-01   4.4570624e-01   4.4819411e-01
   6.9652577e-02   1.7852862e-07  -4.3975506e-01  -4.4772402e-01   4.4570624e-01   4.4819411e-01   1.3851791e+01  -3.7625810e-03  -2.3755475e-02   1.7852862e-07  -7.0430389e-02  -4.4772402e-01  -4.4467011e-01   4.4819411e-01   4.5068145e-01
   1.7852862e-07  -7.0430389e-02  -4.4772402e-01  -4.4467011e-01   4.4819411e-01   4.5068145e-01   1.3848110e+01  -7.4756442e-03  -2.3006806e-02  -7.0430389e-02  -1.3989667e-01  -4.4467011e-01  -4.3054159e-01   4.5068145e-01   4.5316925e-01
  -7.0430389e-02  -1.3989667e-01  -4.4467011e-01  -4.3054159e-01   4.5068145e-01   4.5316925e-01   1.3844428e+01  -1.1046070e-02  -2.1678257e-02  -1.3989667e-01  -2.0665747e-01  -4.3054159e-01  -4.0557171e-01   4.5316925e-01   4.5565672e-01
  -1.3989667e-01  -2.0665747e-01  -4.3054159e-01  -4.0557171e-01   4.5316925e-01   4.5565672e-01   1.3840747e+01  -1.4383391e-02  -1.9796205e-02  -2.0665747e-01  -2.6902282e-01  -4.0557171e-01  -3.7026253e-01   4.5565672e-01   4.5814372e-01
  -2.0665747e-01  -2.6902282e-01  -4.0557171e-01  -3.7026253e-01   4.5565672e-01   4.5814372e-01   1.3837064e+01  -1.7401928e-02  -1.7401019e-02  -2.6902282e-01  -3.2539405e-01  -3.7026253e-01  -3.2537705e-01   4.5814372e-01   4.6063217e-01
  -2.6902282e-01  -3.2539405e-01  -3.7026253e-01  -3.2537705e-01   4.5814372e-01   4.6063217e-01   1.3833384e+01  -2.0022914e-02  -1.4546541e-02  -3.2539405e-01  -3.7430359e-01  -3.2537705e-01  -2.7192958e-01   4.6063217e-01   4.6311889e-01
  -3.2539405e-01  -3.7430359e-01  -3.2537705e-01  -2.7192958e-01   4.6063217e-01   4.6311889e-01   1.3829701e+01  -2.2176570e-02  -1.1298537e-02  -3.7430359e-01  -4.1445316e-01  -2.7192958e-01  -2.1115594e-01   4.6311889e-01   4.6560736e-01
  -3.7430359e-01  -4.1445316e-01  -2.7192958e-01  -2.1115594e-01   4.6311889e-01   4.6560736e-01   1.3826020e+01  -2.3804107e-02  -7.7333813e-03  -4.1445316e-01  -4.4475141e-01  -2.1115594e-01  -1.4448903e-01   4.6560736e-01   4.6809491e-01
  -4.1445316e-01  -4.4475141e-01  -2.1115594e-01  -1.4448903e-01   4.6560736e-01   4.6809491e-01   1.3822338e+01  -2.4859091e-02  -3.9362180e-03  -4.4475141e-01  -4.6433884e-01  -1.4448903e-01  -7.3523965e-02   4.6809491e-01   4.7058269e-01
  -4.4475141e-01  -4.6433884e-01  -1.4448903e-01  -7.3523965e-02   4.6809491e-01   4.7058269e-01   1.3818656e+01  -2.5308862e-02   1.1386539e-06  -4.6433884e-01  -4.7261414e-01  -7.3523965e-02   2.1263064e-05   4.7058269e-01   4.7307019e-01
  -4.6433884e-01  -4.7261414e-01  -7.3523965e-02   2.1263064e-05   4.7058269e-01   4.7307019e-01   1.3814975e+01  -2.5135451e-02   3.9822438e-03  -4.7261414e-01  -4.6925083e-01   2.1263064e-05   7.4344051e-02   4.7307019e-01   4.7555760e-01
  -4.7261414e-01  -4.6925083e-01   2.1263064e-05   7.4344051e-02   4.7307019e-01   4.7555760e-01   1.3811293e+01  -2.4336491e-02   7.9087224e-03  -4.6925083e-01  -4.5421406e-01   7.4344051e-02   1.4760768e-01   4.7555760e-01   4.7804518e-01
  -4.6925083e-01  -4.5421406e-01   7.4344051e-02   1.4760768e-01   4.7555760e-01   4.7804518e-01   1.3807612e+01  -2.2924853e-02   1.1681841e-02  -4.5421406e-01  -4.2775334e-01   1.4760768e-01   2.1797071e-01   4.7804518e-01   4.8053275e-01
  -4.5421406e-01  -4.2775334e-01   1.4760768e-01   2.1797071e-01   4.7804518e-01   4.8053275e-01   1.3803930e+01  -2.0928695e-02   1.5206790e-02  -4.2775334e-01  -3.9040304e-01   2.1797071e-01   2.8366684e-01   4.8053275e-01   4.8302009e-01
  -4.2775334e-01  -3.9040304e-01   2.1797071e-01   2.8366684e-01   4.8053275e-01   4.8302009e-01   1.3800249e+01  -1.8391586e-02   1.8392713e-02  -3.9040304e-01  -3.4298441e-01   2.8366684e-01   3.4300544e-01   4.8302009e-01   4.8550745e-01
  -3.9040304e-01  -3.4298441e-01   2.8366684e-01   3.4300544e-01   4.8302009e-01   4.8550745e-01   1.3796568e+01  -1.5370596e-02   2.1156968e-02  -3.4298441e-01  -2.8656956e-01   3.4300544e-01   3.9445073e-01   4.8550745e-01   4.8799476e-01
  -3.4298441e-01  -2.8656956e-01   3.4300544e-01   3.9445073e-01   4.8550745e-01   4.8799476e-01   1.3792886e+01  -1.1935479e-02   2.3426445e-02  -2.8656956e-01  -2.2246582e-01   3.9445073e-01   4.3664634e-01   4.8799476e-01   4.9048210e-01
  -2.8656956e-01  -2.2246582e-01   3.9445073e-01   4.3664634e-01   4.8799476e-01   4.9048210e-01   1.3789205e+01  -8.1674757e-03   2.5138887e-02  -2.2246582e-01  -1.5219324e-01   4.3664634e-01   4.6843956e-01   4.9048210e-01   4.9296944e-01
  -2.2246582e-01  -1.5219324e-01   4.3664634e-01   4.6843956e-01   4.9048210e-01   4.9296944e-01   1.3785524e+01  -4.1566302e-03   2.6245811e-02  -1.5219324e-01  -7.7434225e-02   4.6843956e-01   4.8893549e-01   4.9296944e-01   4.9545654e-01
  -1.5219324e-01  -7.7434225e-02   4.6843956e-01   4.8893549e-01   4.9296944e-01   4.9545654e-01   1.3781843e+01  -4.6791380e-09   2.6713702e-02  -7.7434225e-02  -8.7144791e-08   4.8893549e-01   4.9751898e-01   4.9545654e-01   4.9794382e-01
  -7.7434225e-02  -8.7144791e-08   4.8893549e-01   4.9751898e-01   4.9545654e-01   4.9794382e-01   1.3778162e+01   4.2006837e-03   2.6523757e-02  -8.7144791e-08   7.8213110e-02   4.9751898e-01   4.9384949e-01   4.9794382e-01   5.0043099e-01
  -8.7144791e-08   7.8213110e-02   4.9751898e-01   4.9384949e-01   4.9794382e-01   5.0043099e-01   1.3774481e+01   8.3413600e-03   2.5674096e-02   7.8213110e-02   1.5526744e-01   4.9384949e-01   4.7790183e-01   5.0043099e-01   5.0291807e-01
   7.8213110e-02   1.5526744e-01   4.9384949e-01   4.7790183e-01   5.0043099e-01   5.0291807e-01   1.3770800e+01   1.2318762e-02   2.4178516e-02   1.5526744e-01   2.2924217e-01   4.7790183e-01   4.4994258e-01   5.0291807e-01   5.0540528e-01
   1.5526744e-01   2.2924217e-01   4.7790183e-01   4.4994258e-01   5.0291807e-01   5.0540528e-01   1.3767119e+01   1.6032102e-02   2.2067756e-02   2.2924217e-01   2.9826468e-01   4.4994258e-01   4.1055329e-01   5.0540528e-01   5.0789227e-01
   2.2924217e-01   2.9826468e-01   4.4994258e-01   4.1055329e-01   5.0540528e-01   5.0789227e-01   1.3763438e+01   1.9386370e-02   1.9387814e-02   2.9826468e-01   3.6057177e-01   4.1055329e-01   3.6059862e-01   5.0789227e-01   5.1037940e-01
