   0.0000000e+00   0.0000000e+00   0.0000000e+00   0.0000000e+00   0.0000000e+00   0.0000000e+00   2.0851216e-02   1.0678150e-02   1.8573009e-10   0.0000000e+00   8.7575106e-01   0.0000000e+00   4.4848230e-01   0.0000000e+00   4.3823954e-09
   0.0000000e+00   8.7575106e-01   0.0000000e+00   4.4848230e-01   0.0000000e+00   4.3823954e-09   3.7280846e-02   1.7153494e-02  -7.4068773e-09   8.7575106e-01   1.5707378e+00   4.4848230e-01   7.1079599e-01   4.3823954e-09  -1.7476902e-07
   8.7575106e-01   1.5707378e+00   4.4848230e-01   7.1079599e-01   4.3823954e-09  -1.7476902e-07   3.7212017e-02   3.7810259e-02  -7.6203212e-09   1.5707378e+00   1.5707378e+00   7.1079599e-01   1.5707211e+00  -1.7476902e-07  -1.7980533e-07
   1.5707378e+00   1.5707378e+00   7.1079599e-01   1.5707211e+00  -1.7476902e-07  -1.7980533e-07   3.6986386e-02   3.7810260e-02  -7.5873063e-09   1.5707378e+00   1.5707378e+00   1.5707211e+00   1.5707211e+00  -1.7980533e-07  -1.7902633e-07
   1.5707378e+00   1.5707378e+00   1.5707211e+00   1.5707211e+00  -1.7980533e-07  -1.7902633e-07   3.6986386e-02   3.7810259e-02  -7.5788368e-09   1.5707378e+00   1.5707378e+00   1.5707211e+00   1.5707211e+00  -1.7902633e-07  -1.7882649e-07
   1.5707378e+00   1.5707378e+00   1.5707211e+00   1.5707211e+00  -1.7902633e-07  -1.7882649e-07   3.6986386e-02   3.7810259e-02  -7.4725884e-09   1.5707378e+00   1.5707378e+00   1.5707211e+00   1.5707211e+00  -1.7882649e-07  -1.7631950e-07
   1.5707378e+00   1.5707378e+00   1.5707211e+00   1.5707211e+00  -1.7882649e-07  -1.7631950e-07   3.6986386e-02   3.7810259e-02  -7.5929964e-09   1.5707378e+00   1.5707378e+00   1.5707211e+00   1.5707211e+00  -1.7631950e-07  -1.7916059e-07
   1.5707378e+00   1.5707378e+00   1.5707211e+00   1.5707211e+00  -1.7631950e-07  -1.7916059e-07   3.6986388e-02   2.7103513e-02   6.9287159e-08   1.5707378e+00   1.5707379e+00   1.5707211e+00   1.1210378e+00  -1.7916059e-07   1.6348655e-06
   1.5707378e+00   1.5707379e+00   1.5707211e+00   1.1210378e+00  -1.7916059e-07   1.6348655e-06   3.7104393e-02   1.6896467e-02   4.9422900e-08   1.5707379e+00   1.5707369e+00   1.1210378e+00   6.9234407e-01   1.6348655e-06   1.1661583e-06
   1.5707379e+00   1.5707369e+00   1.1210378e+00   6.9234407e-01   1.6348655e-06   1.1661583e-06   2.3470942e-02   1.2619532e-02  -7.4331935e-09   1.5707369e+00   9.9340855e-01   6.9234407e-01   5.1271225e-01   1.1661583e-06  -1.7538996e-07
   1.5707369e+00   9.9340855e-01   6.9234407e-01   5.1271225e-01   1.1661583e-06  -1.7538996e-07   1.6692237e-02   9.9982510e-03   6.8176313e-09   9.9340855e-01   7.0672410e-01   5.1271225e-01   4.0897904e-01  -1.7538996e-07   1.6086546e-07
   9.9340855e-01   7.0672410e-01   5.1271225e-01   4.0897904e-01  -1.7538996e-07   1.6086546e-07   1.2498493e-02   8.1872492e-03   5.2953430e-08   7.0672410e-01   5.2944360e-01   4.0897904e-01   3.3607646e-01   1.6086546e-07   1.2494630e-06
   7.0672410e-01   5.2944360e-01   4.0897904e-01   3.3607646e-01   1.6086546e-07   1.2494630e-06   1.0202617e-02   7.1771276e-03   7.1132891e-09   5.2944360e-01   4.3221316e-01   3.3607646e-01   2.9560541e-01   1.2494630e-06   1.6784165e-07
   5.2944360e-01   4.3221316e-01   3.3607646e-01   2.9560541e-01   1.2494630e-06   1.6784165e-07   8.3308784e-03   6.3874328e-03   7.6261581e-09   4.3221316e-01   3.5315443e-01   2.9560541e-01   2.6350925e-01   1.6784165e-07   1.7994306e-07
   4.3221316e-01   3.5315443e-01   2.9560541e-01   2.6350925e-01   1.6784165e-07   1.7994306e-07   6.7668643e-03   5.7541753e-03  -7.4858751e-09   3.5315443e-01   2.8711214e-01   2.6350925e-01   2.3778365e-01   1.7994306e-07  -1.7663301e-07
   3.5315443e-01   2.8711214e-01   2.6350925e-01   2.3778365e-01   1.7994306e-07  -1.7663301e-07   5.4324290e-03   5.2397123e-03  -7.1857033e-09   2.8711214e-01   2.3078242e-01   2.3778365e-01   2.1690390e-01  -1.7663301e-07  -1.6955030e-07
   2.8711214e-01   2.3078242e-01   2.3778365e-01   2.1690390e-01  -1.7663301e-07  -1.6955030e-07   4.2777197e-03   4.8170201e-03   7.4002464e-09   2.3078242e-01   1.8205454e-01   2.1690390e-01   1.9977159e-01  -1.6955030e-07   1.7461256e-07
   2.3078242e-01   1.8205454e-01   2.1690390e-01   1.9977159e-01  -1.6955030e-07   1.7461256e-07   3.2767339e-03   4.4598212e-03  -7.0779618e-09   1.8205454e-01   1.3982428e-01   1.9977159e-01   1.8530628e-01   1.7461256e-07  -1.6700809e-07
   1.8205454e-01   1.3982428e-01   1.9977159e-01   1.8530628e-01   1.7461256e-07  -1.6700809e-07   2.4065968e-03   4.1460652e-03  -6.9727648e-09   1.3982428e-01   1.0311917e-01   1.8530628e-01   1.7259386e-01  -1.6700809e-07  -1.6452591e-07
   1.3982428e-01   1.0311917e-01   1.8530628e-01   1.7259386e-01  -1.6700809e-07  -1.6452591e-07   1.6478951e-03   3.8598337e-03  -6.2961816e-10   1.0311917e-01   7.1113599e-02   1.7259386e-01   1.6097663e-01  -1.6452591e-07  -1.4856159e-08
   1.0311917e-01   7.1113599e-02   1.7259386e-01   1.6097663e-01  -1.6452591e-07  -1.4856159e-08   1.0037151e-03   3.5915734e-03   1.3953615e-09   7.1113599e-02   4.3930000e-02   1.6097663e-01   1.5006241e-01  -1.4856159e-08   3.2924260e-08
   7.1113599e-02   4.3930000e-02   1.6097663e-01   1.5006241e-01  -1.4856159e-08   3.2924260e-08   4.5369192e-04   3.3244166e-03   5.6507529e-09   4.3930000e-02   2.0708745e-02   1.5006241e-01   1.3914139e-01   3.2924260e-08   1.3333237e-07
   4.3930000e-02   2.0708745e-02   1.5006241e-01   1.3914139e-01   3.2924260e-08   1.3333237e-07  -5.8132051e-06   3.0524196e-03   7.3005004e-09   2.0708745e-02   1.2891690e-03   1.3914139e-01   1.2797342e-01   1.3333237e-07   1.7225900e-07
   2.0708745e-02   1.2891690e-03   1.3914139e-01   1.2797342e-01   1.3333237e-07   1.7225900e-07  -3.8161098e-04  -2.7698579e-03   7.1374370e-09   1.2891690e-03  -1.4617411e-02   1.2797342e-01  -1.1634824e-01   1.7225900e-07   1.6841144e-07
   1.2891690e-03  -1.4617411e-02   1.2797342e-01  -1.1634824e-01   1.7225900e-07   1.6841144e-07  -5.6939367e-04  -2.5414982e-03   1.4625015e-10  -1.4617411e-02  -2.5196676e-02  -1.1634824e-01  -1.0658184e-01   1.6841144e-07   3.4508462e-09
  -1.4617411e-02  -2.5196676e-02  -1.1634824e-01  -1.0658184e-01   1.6841144e-07   3.4508462e-09  -7.7934292e-04  -2.3065238e-03   6.8419848e-11  -2.5196676e-02  -3.3906934e-02  -1.0658184e-01  -9.6596330e-02   3.4508462e-09   1.6144009e-09
  -2.5196676e-02  -3.3906934e-02  -1.0658184e-01  -9.6596330e-02   3.4508462e-09   1.6144009e-09  -9.4982625e-04  -2.0679838e-03  -4.3275438e-10  -3.3906934e-02  -4.0957194e-02  -9.6596330e-02  -8.6481664e-02   1.6144009e-09  -1.0211058e-08
  -3.3906934e-02  -4.0957194e-02  -9.6596330e-02  -8.6481664e-02   1.6144009e-09  -1.0211058e-08  -1.0864729e-03  -1.8285351e-03  -7.2641668e-09  -4.0957194e-02  -4.6584890e-02  -8.6481664e-02  -7.6347126e-02  -1.0211058e-08  -1.7140169e-07
  -4.0957194e-02  -4.6584890e-02  -8.6481664e-02  -7.6347126e-02  -1.0211058e-08  -1.7140169e-07  -1.2215261e-03  -1.5232001e-03  -7.0375027e-09  -4.6584890e-02  -5.2145452e-02  -7.6347126e-02  -6.3461032e-02  -1.7140169e-07  -1.6605343e-07
  -4.6584890e-02  -5.2145452e-02  -7.6347126e-02  -6.3461032e-02  -1.7140169e-07  -1.6605343e-07  -1.3231825e-03  -1.2256013e-03  -7.1198667e-09  -5.2145452e-02  -5.6273015e-02  -6.3461032e-02  -5.0900606e-02  -1.6605343e-07  -1.6799686e-07
  -5.2145452e-02  -5.6273015e-02  -6.3461032e-02  -5.0900606e-02  -1.6605343e-07  -1.6799686e-07  -1.4022617e-03  -9.3853503e-04  -6.0990348e-09  -5.6273015e-02  -5.9455923e-02  -5.0900606e-02  -3.8798335e-02  -1.6799686e-07  -1.4390981e-07
  -5.6273015e-02  -5.9455923e-02  -5.0900606e-02  -3.8798335e-02  -1.6799686e-07  -1.4390981e-07  -1.4697245e-03  -6.6404700e-04   6.6246358e-09  -5.9455923e-02  -6.2155992e-02  -3.8798335e-02  -2.7234763e-02  -1.4390981e-07   1.5631163e-07
  -5.9455923e-02  -6.2155992e-02  -3.8798335e-02  -2.7234763e-02  -1.4390981e-07   1.5631163e-07  -1.5460010e-03  -3.5977713e-04   6.6392893e-09  -6.2155992e-02  -6.5232164e-02  -2.7234763e-02  -1.4425688e-02   1.5631163e-07   1.5665739e-07
  -6.2155992e-02  -6.5232164e-02  -2.7234763e-02  -1.4425688e-02   1.5631163e-07   1.5665739e-07  -1.6337488e-03  -7.0579861e-05  -3.2044280e-09  -6.5232164e-02  -6.8776418e-02  -1.4425688e-02  -2.2455037e-03   1.5665739e-07  -7.5610100e-08
  -6.5232164e-02  -6.8776418e-02  -1.4425688e-02  -2.2455037e-03   1.5665739e-07  -7.5610100e-08  -1.7454463e-03   2.0728781e-04   7.1655522e-09  -6.8776418e-02  -7.3333488e-02  -2.2455037e-03   9.4640082e-03  -7.5610100e-08   1.6907483e-07
  -6.8776418e-02  -7.3333488e-02  -2.2455037e-03   9.4640082e-03  -7.5610100e-08   1.6907483e-07  -1.8936859e-03   4.8075002e-04   5.3767387e-09  -7.3333488e-02  -7.9430516e-02   9.4640082e-03   2.0999626e-02   1.6907483e-07   1.2686687e-07
  -7.3333488e-02  -7.9430516e-02   9.4640082e-03   2.0999626e-02   1.6907483e-07   1.2686687e-07  -2.0516558e-03   7.0820208e-04  -1.4583062e-09  -7.9430516e-02  -8.5938129e-02   2.0999626e-02   3.0619804e-02   1.2686687e-07  -3.4409471e-08
  -7.9430516e-02  -8.5938129e-02   2.0999626e-02   3.0619804e-02   1.2686687e-07  -3.4409471e-08  -2.2497503e-03   9.4341389e-04   1.5667600e-09  -8.5938129e-02  -9.4152082e-02   3.0619804e-02   4.0570424e-02  -3.4409471e-08   3.6968494e-08
  -8.5938129e-02  -9.4152082e-02   3.0619804e-02   4.0570424e-02  -3.4409471e-08   3.6968494e-08  -2.4970321e-03   1.1916282e-03   7.3059446e-09  -9.4152082e-02  -1.0442826e-01   4.0570424e-02   5.1085939e-02   3.6968494e-08   1.7238746e-07
  -9.4152082e-02  -1.0442826e-01   4.0570424e-02   5.1085939e-02   3.6968494e-08   1.7238746e-07  -2.8032069e-03   1.4598148e-03   7.3372173e-09  -1.0442826e-01  -1.1717173e-01   5.1085939e-02   6.2463006e-02   1.7238746e-07   1.7312535e-07
  -1.0442826e-01  -1.1717173e-01   5.1085939e-02   6.2463006e-02   1.7238746e-07   1.7312535e-07  -3.1879637e-03   1.7626768e-03   7.3447815e-09  -1.1717173e-01  -1.3320614e-01   6.2463006e-02   7.5323644e-02   1.7312535e-07   1.7330383e-07
  -1.1717173e-01  -1.3320614e-01   6.2463006e-02   7.5323644e-02   1.7312535e-07   1.7330383e-07  -3.6602184e-03   2.1029655e-03   7.3512725e-09  -1.3320614e-01  -1.5289912e-01   7.5323644e-02   8.9792465e-02   1.7330383e-07   1.7345699e-07
  -1.3320614e-01  -1.5289912e-01   7.5323644e-02   8.9792465e-02   1.7330383e-07   1.7345699e-07  -4.2363996e-03   2.4901875e-03   7.2370284e-09  -1.5289912e-01  -1.7693928e-01   8.9792465e-02   1.0627280e-01   1.7345699e-07   1.7076134e-07
  -1.5289912e-01  -1.7693928e-01   8.9792465e-02   1.0627280e-01   1.7345699e-07   1.7076134e-07  -4.9347525e-03   2.9351928e-03  -7.1082109e-09  -1.7693928e-01  -2.0608849e-01   1.0627280e-01   1.2522795e-01   1.7076134e-07  -1.6772183e-07
  -1.7693928e-01  -2.0608849e-01   1.0627280e-01   1.2522795e-01   1.7076134e-07  -1.6772183e-07  -5.9236479e-03   3.5404818e-03  -7.3992150e-09  -2.0608849e-01  -2.4741318e-01   1.2522795e-01   1.5097136e-01  -1.6772183e-07  -1.7458822e-07
  -2.0608849e-01  -2.4741318e-01   1.2522795e-01   1.5097136e-01  -1.6772183e-07  -1.7458822e-07  -7.1360256e-03   4.2514193e-03  -7.3531763e-09  -2.4741318e-01  -2.9804935e-01   1.5097136e-01   1.8128614e-01  -1.7458822e-07  -1.7350191e-07
  -2.4741318e-01  -2.9804935e-01   1.5097136e-01   1.8128614e-01  -1.7458822e-07  -1.7350191e-07  -8.5952102e-03   5.0763384e-03  -7.3146052e-09  -2.9804935e-01  -3.5900103e-01   1.8128614e-01   2.1649076e-01  -1.7350191e-07  -1.7259181e-07
  -2.9804935e-01  -3.5900103e-01   1.8128614e-01   2.1649076e-01  -1.7350191e-07  -1.7259181e-07  -1.0304169e-02   6.0100177e-03   4.2614055e-11  -3.5900103e-01  -4.3038936e-01   2.1649076e-01   2.5637698e-01  -1.7259181e-07   1.0055002e-09
  -3.5900103e-01  -4.3038936e-01   2.1649076e-01   2.5637698e-01  -1.7259181e-07   1.0055002e-09  -1.2583105e-02   7.2127183e-03   7.4230619e-09  -4.3038936e-01  -5.2566516e-01   2.5637698e-01   3.0767706e-01   1.0055002e-09   1.7515090e-07
  -4.3038936e-01  -5.2566516e-01   2.5637698e-01   3.0767706e-01   1.0055002e-09   1.7515090e-07  -1.4973199e-02   8.4067126e-03  -8.6760691e-11  -5.2566516e-01  -6.2548381e-01   3.0767706e-01   3.5887469e-01   1.7515090e-07  -2.0471624e-09
  -5.2566516e-01  -6.2548381e-01   3.0767706e-01   3.5887469e-01   1.7515090e-07  -2.0471624e-09  -1.7100772e-02   9.4117836e-03   6.9556997e-09  -6.2548381e-01  -7.1427762e-01   3.5887469e-01   4.0218775e-01  -2.0471624e-09   1.6412325e-07
  -6.2548381e-01  -7.1427762e-01   3.5887469e-01   4.0218775e-01  -2.0471624e-09   1.6412325e-07  -1.8451969e-02   1.0032186e-02  -1.0745942e-08  -7.1427762e-01  -7.7055064e-01   4.0218775e-01   4.2922306e-01   1.6412325e-07  -2.5355593e-07
  -7.1427762e-01  -7.7055064e-01   4.0218775e-01   4.2922306e-01   1.6412325e-07  -2.5355593e-07  -1.8495017e-02   1.0112540e-02   2.4075026e-08  -7.7055064e-01  -7.7206060e-01   4.2922306e-01   4.3321832e-01  -2.5355593e-07   5.6806242e-07
  -7.7055064e-01  -7.7206060e-01   4.2922306e-01   4.3321832e-01  -2.5355593e-07   5.6806242e-07  -1.6754523e-02   9.4532944e-03   6.2302445e-09  -7.7206060e-01  -6.9891609e-01   4.3321832e-01   4.0554613e-01   5.6806242e-07   1.4700577e-07
  -7.7206060e-01  -6.9891609e-01   4.3321832e-01   4.0554613e-01   5.6806242e-07   1.4700577e-07  -1.4166400e-02   8.4194828e-03   2.6768814e-09  -6.9891609e-01  -5.9051972e-01   4.0554613e-01   3.6132025e-01   1.4700577e-07   6.3162371e-08
  -6.9891609e-01  -5.9051972e-01   4.0554613e-01   3.6132025e-01   1.4700577e-07   6.3162371e-08  -1.1497855e-02   7.3346300e-03   3.9603723e-10  -5.9051972e-01  -4.7892816e-01   3.6132025e-01   3.1456196e-01   6.3162371e-08   9.3446988e-09
  -5.9051972e-01  -4.7892816e-01   3.6132025e-01   3.1456196e-01   6.3162371e-08   9.3446988e-09  -9.8528359e-03   6.6832901e-03  -1.0917317e-08  -4.7892816e-01  -4.1035264e-01   3.1456196e-01   2.8597597e-01   9.3446988e-09  -2.5759960e-07
  -4.7892816e-01  -4.1035264e-01   3.1456196e-01   2.8597597e-01   9.3446988e-09  -2.5759960e-07  -8.3547092e-03   6.0941078e-03   3.7468553e-09  -4.1035264e-01  -3.4774627e-01   2.8597597e-01   2.6047470e-01  -2.5759960e-07   8.8408945e-08
  -4.1035264e-01  -3.4774627e-01   2.8597597e-01   2.6047470e-01  -2.5759960e-07   8.8408945e-08  -7.0050018e-03   5.5811802e-03  -7.4410449e-09  -3.4774627e-01  -2.9133966e-01   2.6047470e-01   2.3824171e-01   8.8408945e-08  -1.7557522e-07
  -3.4774627e-01  -2.9133966e-01   2.6047470e-01   2.3824171e-01   8.8408945e-08  -1.7557522e-07  -5.7977555e-03   5.1398388e-03  -7.2689474e-09  -2.9133966e-01  -2.4088027e-01   2.3824171e-01   2.1908383e-01  -1.7557522e-07  -1.7151449e-07
  -2.9133966e-01  -2.4088027e-01   2.3824171e-01   2.1908383e-01  -1.7557522e-07  -1.7151449e-07  -4.7222273e-03   4.7626827e-03   7.9508957e-09  -2.4088027e-01  -1.9591921e-01   2.1908383e-01   2.0268721e-01  -1.7151449e-07   1.8760540e-07
  -2.4088027e-01  -1.9591921e-01   2.1908383e-01   2.0268721e-01  -1.7151449e-07   1.8760540e-07  -3.7766686e-03   4.4358621e-03   4.6858057e-09  -1.9591921e-01  -1.5638650e-01   2.0268721e-01   1.8846521e-01   1.8760540e-07   1.1056396e-07
  -1.9591921e-01  -1.5638650e-01   2.0268721e-01   1.8846521e-01   1.8760540e-07   1.1056396e-07  -2.9517821e-03   4.1445453e-03   6.7441361e-09  -1.5638650e-01  -1.2189798e-01   1.8846521e-01   1.7579427e-01   1.1056396e-07   1.5913130e-07
  -1.5638650e-01  -1.2189798e-01   1.8846521e-01   1.7579427e-01   1.1056396e-07   1.5913130e-07  -2.2345679e-03   3.8778612e-03  -7.2304205e-09  -1.2189798e-01  -9.1914621e-02   1.7579427e-01   1.6421347e-01   1.5913130e-07  -1.7060543e-07
  -1.2189798e-01  -9.1914621e-02   1.7579427e-01   1.6421347e-01   1.5913130e-07  -1.7060543e-07  -1.6100236e-03   3.6197477e-03  -7.3414218e-09  -9.1914621e-02  -6.5811338e-02   1.6421347e-01   1.5304231e-01  -1.7060543e-07  -1.7322456e-07
  -9.1914621e-02  -6.5811338e-02   1.6421347e-01   1.5304231e-01  -1.7060543e-07  -1.7322456e-07  -1.0907083e-03   3.3663924e-03  -7.3588601e-09  -6.5811338e-02  -4.4123204e-02   1.5304231e-01   1.4211373e-01  -1.7322456e-07  -1.7363603e-07
  -6.5811338e-02  -4.4123204e-02   1.5304231e-01   1.4211373e-01  -1.7322456e-07  -1.7363603e-07  -6.7343481e-04   3.1141285e-03   2.7221892e-09  -4.4123204e-02  -2.6718149e-02   1.4211373e-01   1.3127964e-01  -1.7363603e-07   6.4231430e-08
  -4.4123204e-02  -2.6718149e-02   1.4211373e-01   1.3127964e-01  -1.7363603e-07   6.4231430e-08  -3.5050544e-04   2.8586444e-03  -7.2728216e-09  -2.6718149e-02  -1.3274533e-02   1.3127964e-01   1.2035750e-01   6.4231430e-08  -1.7160590e-07
  -2.6718149e-02  -1.3274533e-02   1.3127964e-01   1.2035750e-01   6.4231430e-08  -1.7160590e-07  -1.4967867e-04   2.6503774e-03  -4.4171964e-11  -1.3274533e-02  -4.9601484e-03   1.2035750e-01   1.1146214e-01  -1.7160590e-07  -1.0422598e-09
  -1.3274533e-02  -4.9601484e-03   1.2035750e-01   1.1146214e-01  -1.7160590e-07  -1.0422598e-09   1.1088838e-06  -2.4459108e-03  -5.8346990e-09  -4.9601484e-03   1.2748860e-03   1.1146214e-01  -1.0267359e-01  -1.0422598e-09  -1.3767267e-07
  -4.9601484e-03   1.2748860e-03   1.1146214e-01  -1.0267359e-01  -1.0422598e-09  -1.3767267e-07   1.6178248e-04  -2.2402694e-03   7.2854287e-09   1.2748860e-03   5.6633900e-03  -1.0267359e-01  -9.4105364e-02  -1.3767267e-07   1.7190337e-07
   1.2748860e-03   5.6633900e-03  -1.0267359e-01  -9.4105364e-02  -1.3767267e-07   1.7190337e-07   2.2622795e-04  -2.0433628e-03  -1.7213333e-09   5.6633900e-03   8.4645453e-03  -9.4105364e-02  -8.5883647e-02   1.7190337e-07  -4.0615728e-08
   5.6633900e-03   8.4645453e-03  -9.4105364e-02  -8.5883647e-02   1.7190337e-07  -4.0615728e-08   2.5780052e-04  -1.8695283e-03  -6.8224000e-10   8.4645453e-03   9.8811812e-03  -8.5883647e-02  -7.8613469e-02  -4.0615728e-08  -1.6097798e-08
   8.4645453e-03   9.8811812e-03  -8.5883647e-02  -7.8613469e-02  -4.0615728e-08  -1.6097798e-08   2.6623644e-04  -1.7074158e-03   4.2894887e-09   9.8811812e-03   1.0315609e-02  -7.8613469e-02  -7.1820356e-02  -1.6097798e-08   1.0121265e-07
   9.8811812e-03   1.0315609e-02  -7.8613469e-02  -7.1820356e-02  -1.6097798e-08   1.0121265e-07   2.5514680e-04  -1.5582201e-03  -7.1784937e-09   1.0315609e-02   9.9247109e-03  -7.1820356e-02  -6.5558921e-02   1.0121265e-07  -1.6938019e-07
   1.0315609e-02   9.9247109e-03  -7.1820356e-02  -6.5558921e-02   1.0121265e-07  -1.6938019e-07   2.2812434e-04  -1.4231422e-03   6.6908017e-10   9.9247109e-03   8.8587544e-03  -6.5558921e-02  -5.9881346e-02  -1.6938019e-07   1.5787285e-08
   9.9247109e-03   8.8587544e-03  -6.5558921e-02  -5.9881346e-02  -1.6938019e-07   1.5787285e-08   1.8786899e-04  -1.3028688e-03   4.4857439e-09   8.8587544e-03   7.2306058e-03  -5.9881346e-02  -5.4818112e-02   1.5787285e-08   1.0584340e-07
   8.8587544e-03   7.2306058e-03  -5.9881346e-02  -5.4818112e-02   1.5787285e-08   1.0584340e-07   1.3648145e-04  -1.1976482e-03   7.1774755e-09   7.2306058e-03   5.1281297e-03  -5.4818112e-02  -5.0380905e-02   1.0584340e-07   1.6935616e-07
   7.2306058e-03   5.1281297e-03  -5.4818112e-02  -5.0380905e-02   1.0584340e-07   1.6935616e-07   7.5496313e-05  -1.1076990e-03  -3.3255730e-10   5.1281297e-03   2.6156542e-03  -5.0380905e-02  -4.6579870e-02   1.6935616e-07  -7.8468577e-09
   5.1281297e-03   2.6156542e-03  -5.0380905e-02  -4.6579870e-02   1.6935616e-07  -7.8468577e-09   5.8340467e-06   1.0344674e-03  -7.1747471e-11   2.6156542e-03  -2.6828049e-04  -4.6579870e-02   4.3418804e-02  -7.8468577e-09  -1.6929179e-09
   2.6156542e-03  -2.6828049e-04  -4.6579870e-02   4.3418804e-02  -7.8468577e-09  -1.6929179e-09  -9.5235740e-05   9.7353560e-04  -3.4069194e-09  -2.6828049e-04  -3.5214258e-03   4.3418804e-02   4.0891452e-02  -1.6929179e-09  -8.0387987e-08
  -2.6828049e-04  -3.5214258e-03   4.3418804e-02   4.0891452e-02  -1.6929179e-09  -8.0387987e-08  -1.8088787e-04   9.2772242e-04   6.0140033e-09  -3.5214258e-03  -7.1466644e-03   4.0891452e-02   3.9003148e-02  -8.0387987e-08   1.4190345e-07
  -3.5214258e-03  -7.1466644e-03   4.0891452e-02   3.9003148e-02  -8.0387987e-08   1.4190345e-07  -2.7661357e-04   8.9753679e-04  -5.3832759e-09  -7.1466644e-03  -1.1187960e-02   3.9003148e-02   3.7775301e-02   1.4190345e-07  -1.2702112e-07
  -7.1466644e-03  -1.1187960e-02   3.9003148e-02   3.7775301e-02   1.4190345e-07  -1.2702112e-07  -3.8405712e-04   8.8312894e-04   3.3841991e-09  -1.1187960e-02  -1.5714111e-02   3.7775301e-02   3.7214708e-02  -1.2702112e-07   7.9851888e-08
  -1.1187960e-02  -1.5714111e-02   3.7775301e-02   3.7214708e-02  -1.2702112e-07   7.9851888e-08  -5.0420313e-04   8.8500423e-04  -7.2431666e-09  -1.5714111e-02  -2.0766428e-02   3.7214708e-02   3.7343346e-02   7.9851888e-08  -1.7090618e-07
  -1.5714111e-02  -2.0766428e-02   3.7214708e-02   3.7343346e-02   7.9851888e-08  -1.7090618e-07  -6.4122500e-04   9.0425526e-04  -4.1235261e-09  -2.0766428e-02  -2.6519922e-02   3.7343346e-02   3.8207570e-02  -1.7090618e-07  -9.7296684e-08
  -2.0766428e-02  -2.6519922e-02   3.7343346e-02   3.8207570e-02  -1.7090618e-07  -9.7296684e-08  -7.9920479e-04   9.4246364e-04  -5.7047080e-09  -2.6519922e-02  -3.3145551e-02   3.8207570e-02   3.9875724e-02  -9.7296684e-08  -1.3460547e-07
  -2.6519922e-02  -3.3145551e-02   3.8207570e-02   3.9875724e-02  -9.7296684e-08  -1.3460547e-07  -9.8348366e-04   1.0019378e-03   5.6642666e-09  -3.3145551e-02  -4.0866879e-02   3.9875724e-02   4.2446656e-02  -1.3460547e-07   1.3365123e-07
  -3.3145551e-02  -4.0866879e-02   3.9875724e-02   4.2446656e-02  -1.3460547e-07   1.3365123e-07  -1.2459603e-03   1.1045113e-03  -6.8590564e-09  -4.0866879e-02  -5.1862573e-02   4.2446656e-02   4.6839825e-02   1.3365123e-07  -1.6184290e-07
  -4.0866879e-02  -5.1862573e-02   4.2446656e-02   4.6839825e-02   1.3365123e-07  -1.6184290e-07  -1.5711778e-03   1.2486517e-03   6.9181332e-09  -5.1862573e-02  -6.5473285e-02   4.6839825e-02   5.3014903e-02  -1.6184290e-07   1.6323685e-07
  -5.1862573e-02  -6.5473285e-02   4.6839825e-02   5.3014903e-02  -1.6184290e-07   1.6323685e-07  -1.9802796e-03   1.4456729e-03  -7.2605970e-09  -6.5473285e-02  -8.2587526e-02   5.3014903e-02   6.1439769e-02   1.6323685e-07  -1.7131746e-07
  -6.5473285e-02  -8.2587526e-02   5.3014903e-02   6.1439769e-02   1.6323685e-07  -1.7131746e-07  -2.5041736e-03   1.7108855e-03   7.2335207e-09  -8.2587526e-02  -1.0449822e-01   6.1439769e-02   7.2767315e-02  -1.7131746e-07   1.7067858e-07
  -8.2587526e-02  -1.0449822e-01   6.1439769e-02   7.2767315e-02  -1.7131746e-07   1.7067858e-07  -3.2659425e-03   2.1085547e-03   2.7805642e-09  -1.0449822e-01  -1.3636770e-01   7.2767315e-02   8.9710853e-02   1.7067858e-07   6.5608819e-08
  -1.0449822e-01  -1.3636770e-01   7.2767315e-02   8.9710853e-02   1.7067858e-07   6.5608819e-08  -4.3088442e-03   2.6610139e-03  -6.7035558e-09  -1.3636770e-01  -1.7998285e-01   8.9710853e-02   1.1326535e-01   6.5608819e-08  -1.5817379e-07
  -1.3636770e-01  -1.7998285e-01   8.9710853e-02   1.1326535e-01   6.5608819e-08  -1.5817379e-07  -5.7751660e-03   3.4407638e-03  -7.4195427e-09  -1.7998285e-01  -2.4130877e-01   1.1326535e-01   1.4649551e-01  -1.5817379e-07  -1.7506786e-07
  -1.7998285e-01  -2.4130877e-01   1.1326535e-01   1.4649551e-01  -1.5817379e-07  -1.7506786e-07  -7.9091776e-03   4.5647497e-03   5.1528140e-09  -2.4130877e-01  -3.3057106e-01   1.4649551e-01   1.9437874e-01  -1.7506786e-07   1.2158325e-07
  -2.4130877e-01  -3.3057106e-01   1.4649551e-01   1.9437874e-01  -1.7506786e-07   1.2158325e-07  -1.2729774e-02   7.0184114e-03   7.5632121e-10  -3.3057106e-01  -5.3250847e-01   1.9437874e-01   2.9841614e-01   1.2158325e-07   1.7845781e-08
  -3.3057106e-01  -5.3250847e-01   1.9437874e-01   2.9841614e-01   1.2158325e-07   1.7845781e-08  -2.3588014e-02   1.1599247e-02   3.5629076e-09  -5.3250847e-01  -9.8740805e-01   2.9841614e-01   4.9303661e-01   1.7845781e-08   8.4068606e-08
  -5.3250847e-01  -9.8740805e-01   2.9841614e-01   4.9303661e-01   1.7845781e-08   8.4068606e-08  -3.7527882e-02   2.8539687e-02   7.4617267e-09  -9.8740805e-01  -1.5707378e+00   4.9303661e-01   1.2095480e+00   8.4068606e-08   1.7606321e-07
  -9.8740805e-01  -1.5707378e+00   4.9303661e-01   1.2095480e+00   8.4068606e-08   1.7606321e-07  -3.7715868e-02   3.6985991e-02   1.1557045e-09  -1.5707378e+00  -1.5707374e+00   1.2095480e+00   1.5707209e+00   1.7606321e-07   2.7269432e-08
  -1.5707378e+00  -1.5707374e+00   1.2095480e+00   1.5707209e+00   1.7606321e-07   2.7269432e-08  -3.7810646e-02   3.6985992e-02   8.4668692e-09  -1.5707374e+00  -1.5707378e+00   1.5707209e+00   1.5707212e+00   2.7269432e-08   1.9978006e-07
  -1.5707374e+00  -1.5707378e+00   1.5707209e+00   1.5707212e+00   2.7269432e-08   1.9978006e-07  -3.7810641e-02   3.6985997e-02   7.6585369e-09  -1.5707378e+00  -1.5707378e+00   1.5707212e+00   1.5707212e+00   1.9978006e-07   1.8070705e-07
  -1.5707378e+00  -1.5707378e+00   1.5707212e+00   1.5707212e+00   1.9978006e-07   1.8070705e-07  -3.7810642e-02   3.6985997e-02  -2.5851046e-08  -1.5707378e+00  -1.5707378e+00   1.5707212e+00   1.5707212e+00   1.8070705e-07  -6.0996850e-07
  -1.5707378e+00  -1.5707378e+00   1.5707212e+00   1.5707212e+00   1.8070705e-07  -6.0996850e-07  -3.7810665e-02   3.6985974e-02   4.8672085e-09  -1.5707378e+00  -1.5707378e+00   1.5707212e+00   1.5707212e+00  -6.0996850e-07   1.1484424e-07
  -1.5707378e+00  -1.5707378e+00   1.5707212e+00   1.5707212e+00  -6.0996850e-07   1.1484424e-07  -3.7810643e-02   3.5075117e-02  -6.0132832e-09  -1.5707378e+00  -1.5707378e+00   1.5707212e+00   1.4904643e+00   1.1484424e-07  -1.4188646e-07
  -1.5707378e+00  -1.5707378e+00   1.5707212e+00   1.4904643e+00   1.1484424e-07  -1.4188646e-07  -3.7789592e-02   1.6691918e-02   7.2128905e-09  -1.5707378e+00  -1.5707378e+00   1.4904643e+00   7.1837025e-01  -1.4188646e-07   1.7019180e-07
  -1.5707378e+00  -1.5707378e+00   1.4904643e+00   7.1837025e-01  -1.4188646e-07   1.7019180e-07  -2.3765816e-02   1.1751353e-02   6.7712208e-09  -1.5707378e+00  -9.9024791e-01   7.1837025e-01   5.1086613e-01   1.7019180e-07   1.5977038e-07
  -1.5707378e+00  -9.9024791e-01   7.1837025e-01   5.1086613e-01   1.7019180e-07   1.5977038e-07  -1.6652379e-02   9.3434954e-03  -7.4717837e-09  -9.9024791e-01  -6.9377025e-01   5.1086613e-01   4.0333921e-01   1.5977038e-07  -1.7630052e-07
  -9.9024791e-01  -6.9377025e-01   5.1086613e-01   4.0333921e-01   1.5977038e-07  -1.7630052e-07  -1.3167972e-02   8.0029814e-03  -7.4046370e-09  -6.9377025e-01  -5.4860995e-01   4.0333921e-01   3.4377066e-01  -1.7630052e-07  -1.7471615e-07
  -6.9377025e-01  -5.4860995e-01   4.0333921e-01   3.4377066e-01  -1.7630052e-07  -1.7471615e-07  -1.0561209e-02   6.9658924e-03  -6.7876423e-09  -5.4860995e-01  -4.3978238e-01   3.4377066e-01   2.9861324e-01  -1.7471615e-07  -1.6015785e-07
  -5.4860995e-01  -4.3978238e-01   3.4377066e-01   2.9861324e-01  -1.7471615e-07  -1.6015785e-07  -8.4979695e-03   6.1637530e-03   6.8814536e-09  -4.3978238e-01  -3.5362396e-01   2.9861324e-01   2.6372408e-01  -1.6015785e-07   1.6237138e-07
  -4.3978238e-01  -3.5362396e-01   2.9861324e-01   2.6372408e-01  -1.6015785e-07   1.6237138e-07  -6.8069155e-03   5.5342883e-03  -4.2730992e-11  -3.5362396e-01  -2.8298425e-01   2.6372408e-01   2.3633700e-01   1.6237138e-07  -1.0082594e-09
  -3.5362396e-01  -2.8298425e-01   2.6372408e-01   2.3633700e-01   1.6237138e-07  -1.0082594e-09  -5.3828182e-03   5.0351904e-03  -2.9082239e-09  -2.8298425e-01  -2.2347393e-01   2.3633700e-01   2.1459648e-01  -1.0082594e-09  -6.8621014e-08
  -2.8298425e-01  -2.2347393e-01   2.3633700e-01   2.1459648e-01  -1.0082594e-09  -6.8621014e-08  -4.1735169e-03   4.6306072e-03   7.4294496e-09  -2.2347393e-01  -1.7292285e-01   2.1459648e-01   1.9694820e-01  -6.8621014e-08   1.7530162e-07
  -2.2347393e-01  -1.7292285e-01   2.1459648e-01   1.9694820e-01  -6.8621014e-08   1.7530162e-07  -3.1360251e-03   4.2901373e-03  -7.4772695e-09  -1.7292285e-01  -1.2954271e-01   1.9694820e-01   1.8209135e-01   1.7530162e-07  -1.7642995e-07
  -1.7292285e-01  -1.2954271e-01   1.9694820e-01   1.8209135e-01   1.7530162e-07  -1.7642995e-07  -2.2334481e-03   3.9924014e-03  -3.6077429e-09  -1.2954271e-01  -9.1798147e-02   1.8209135e-01   1.6910844e-01  -1.7642995e-07  -8.5126519e-08
  -1.2954271e-01  -9.1798147e-02   1.8209135e-01   1.6910844e-01  -1.7642995e-07  -8.5126519e-08  -1.4919120e-03   3.7344156e-03   8.3322080e-09  -9.1798147e-02  -6.0796719e-02   1.6910844e-01   1.5785708e-01  -8.5126519e-08   1.9660266e-07
  -9.1798147e-02  -6.0796719e-02   1.6910844e-01   1.5785708e-01  -8.5126519e-08   1.9660266e-07  -8.5088325e-04   3.4816576e-03   7.3880301e-09  -6.0796719e-02  -3.3997536e-02   1.5785708e-01   1.4689959e-01   1.9660266e-07   1.7432431e-07
  -6.0796719e-02  -3.3997536e-02   1.5785708e-01   1.4689959e-01   1.9660266e-07   1.7432431e-07  -3.0475736e-04   3.2257015e-03   1.6406264e-10  -3.3997536e-02  -1.1180996e-02   1.4689959e-01   1.3585411e-01   1.7432431e-07   3.8711410e-09
  -3.3997536e-02  -1.1180996e-02   1.4689959e-01   1.3585411e-01   1.7432431e-07   3.8711410e-09   1.5245173e-04  -2.9641242e-03  -8.9474992e-10  -1.1180996e-02   7.9000848e-03   1.3585411e-01  -1.2437000e-01   3.8711410e-09  -2.1112077e-08
  -1.1180996e-02   7.9000848e-03   1.3585411e-01  -1.2437000e-01   3.8711410e-09  -2.1112077e-08   5.3378060e-04  -2.7231205e-03  -6.6509809e-09   7.9000848e-03   2.1048226e-02  -1.2437000e-01  -1.1445812e-01  -2.1112077e-08  -1.5693326e-07
   7.9000848e-03   2.1048226e-02  -1.2437000e-01  -1.1445812e-01  -2.1112077e-08  -1.5693326e-07   7.9323161e-04  -2.4755654e-03   4.2025774e-09   2.1048226e-02   3.2054385e-02  -1.1445812e-01  -1.0420570e-01  -1.5693326e-07   9.9161938e-08
   2.1048226e-02   3.2054385e-02  -1.1445812e-01  -1.0420570e-01  -1.5693326e-07   9.9161938e-08   1.0061721e-03  -2.2221334e-03   4.2449052e-09   3.2054385e-02   4.1110888e-02  -1.0420570e-01  -9.3682840e-02   9.9161938e-08   1.0016069e-07
   3.2054385e-02   4.1110888e-02  -1.0420570e-01  -9.3682840e-02   9.9161938e-08   1.0016069e-07   1.1783524e-03  -1.9652419e-03  -7.3821670e-09   4.1110888e-02   4.8458424e-02  -9.3682840e-02  -8.2993199e-02   1.0016069e-07  -1.7418596e-07
   4.1110888e-02   4.8458424e-02  -9.3682840e-02  -8.2993199e-02   1.0016069e-07  -1.7418596e-07   1.3376739e-03  -1.6640791e-03  -5.7295752e-09   4.8458424e-02   5.5267706e-02  -8.2993199e-02  -7.0425339e-02  -1.7418596e-07  -1.3519222e-07
   4.8458424e-02   5.5267706e-02  -8.2993199e-02  -7.0425339e-02  -1.7418596e-07  -1.3519222e-07   1.4592999e-03  -1.3657186e-03   4.2531112e-09   5.5267706e-02   6.0514502e-02  -7.0425339e-02  -5.7969239e-02  -1.3519222e-07   1.0035431e-07
   5.5267706e-02   6.0514502e-02  -7.0425339e-02  -5.7969239e-02  -1.3519222e-07   1.0035431e-07   1.5536752e-03  -1.0739990e-03  -2.6508624e-10   6.0514502e-02   6.4615541e-02  -5.7969239e-02  -4.5774824e-02   1.0035431e-07  -6.2548440e-09
   6.0514502e-02   6.4615541e-02  -5.7969239e-02  -4.5774824e-02   1.0035431e-07  -6.2548440e-09   1.6304907e-03  -7.9165417e-04   7.8766985e-10   6.4615541e-02   6.7976171e-02  -4.5774824e-02  -3.3961539e-02  -6.2548440e-09   1.8585468e-08
   6.4615541e-02   6.7976171e-02  -4.5774824e-02  -3.3961539e-02  -6.2548440e-09   1.8585468e-08   1.7144310e-03  -4.6018090e-04   4.0439121e-09   6.7976171e-02   7.1631847e-02  -3.3961539e-02  -2.0076694e-02   1.8585468e-08   9.5418150e-08
   6.7976171e-02   7.1631847e-02  -3.3961539e-02  -2.0076694e-02   1.8585468e-08   9.5418150e-08   1.7990151e-03  -1.4386902e-04   6.8395192e-09   7.1631847e-02   7.5337392e-02  -2.0076694e-02  -6.8318766e-03   9.5418150e-08   1.6138191e-07
   7.1631847e-02   7.5337392e-02  -2.0076694e-02  -6.8318766e-03   9.5418150e-08   1.6138191e-07   1.8984445e-03   1.5916939e-04   5.0378300e-09   7.5337392e-02   7.9659382e-02  -6.8318766e-03   5.8549058e-03   1.6138191e-07   1.1887015e-07
   7.5337392e-02   7.9659382e-02  -6.8318766e-03   5.8549058e-03   1.6138191e-07   1.1887015e-07   2.0250192e-03   4.5389729e-04   1.8144288e-09   7.9659382e-02   8.5115328e-02   5.8549058e-03   1.8185847e-02   1.1887015e-07   4.2812365e-08
   7.9659382e-02   8.5115328e-02   5.8549058e-03   1.8185847e-02   1.1887015e-07   4.2812365e-08   2.1882040e-03   7.4504784e-04  -3.9364960e-10   8.5115328e-02   9.2104975e-02   1.8185847e-02   3.0354041e-02   4.2812365e-08  -9.2883613e-09
   8.5115328e-02   9.2104975e-02   1.8185847e-02   3.0354041e-02   4.2812365e-08  -9.2883613e-09   2.4005561e-03   1.0416001e-03  -3.6126807e-09   9.2104975e-02   1.0115786e-01   3.0354041e-02   4.2732208e-02  -9.2883613e-09  -8.5243028e-08
   9.2104975e-02   1.0115786e-01   3.0354041e-02   4.2732208e-02  -9.2883613e-09  -8.5243028e-08   2.6746051e-03   1.3512169e-03   8.3085013e-10   1.0115786e-01   1.1280432e-01   4.2732208e-02   5.5636342e-02  -8.5243028e-08   1.9604329e-08
   1.0115786e-01   1.1280432e-01   4.2732208e-02   5.5636342e-02  -8.5243028e-08   1.9604329e-08   3.0235139e-03   1.6846670e-03  -5.8309015e-10   1.1280432e-01   1.2760069e-01   5.5636342e-02   6.9512912e-02   1.9604329e-08  -1.3758307e-08
   1.1280432e-01   1.2760069e-01   5.5636342e-02   6.9512912e-02   1.9604329e-08  -1.3758307e-08   3.4024306e-03   2.0070473e-03   1.9592136e-08   1.2760069e-01   1.4366812e-01   6.9512912e-02   8.2889826e-02  -1.3758307e-08   4.6228636e-07
   1.2760069e-01   1.4366812e-01   6.9512912e-02   8.2889826e-02  -1.3758307e-08   4.6228636e-07   3.8621564e-03   2.3631715e-03  -4.1052989e-09   1.4366812e-01   1.6312398e-01   8.2889826e-02   9.7670033e-02   4.6228636e-07  -9.6866604e-08
   1.4366812e-01   1.6312398e-01   8.2889826e-02   9.7670033e-02   4.6228636e-07  -9.6866604e-08   4.4146924e-03   2.7612023e-03  -2.2755795e-09   1.6312398e-01   1.8649341e-01   9.7670033e-02   1.1417286e-01  -9.6866604e-08  -5.3693448e-08
   1.6312398e-01   1.8649341e-01   9.7670033e-02   1.1417286e-01  -9.6866604e-08  -5.3693448e-08   5.0720478e-03   3.2091139e-03   2.2114016e-08   1.8649341e-01   2.1428420e-01   1.1417286e-01   1.3272762e-01  -5.3693448e-08   5.2179139e-07
   1.8649341e-01   2.1428420e-01   1.1417286e-01   1.3272762e-01  -5.3693448e-08   5.2179139e-07   5.9946549e-03   3.8079728e-03   5.7480299e-09   2.1428420e-01   2.5323811e-01   1.3272762e-01   1.5757353e-01   5.2179139e-07   1.3562767e-07
   2.1428420e-01   2.5323811e-01   1.3272762e-01   1.5757353e-01   5.2179139e-07   1.3562767e-07   7.0900863e-03   4.4923751e-03   6.7490562e-10   2.5323811e-01   2.9952007e-01   1.5757353e-01   1.8588910e-01   1.3562767e-07   1.5924739e-08
   2.5323811e-01   2.9952007e-01   1.5757353e-01   1.8588910e-01   1.3562767e-07   1.5924739e-08   8.3581220e-03   5.2570700e-03  -6.8118360e-09   2.9952007e-01   3.5308962e-01   1.8588910e-01   2.1749623e-01   1.5924739e-08  -1.6072872e-07
   2.9952007e-01   3.5308962e-01   1.8588910e-01   2.1749623e-01   1.5924739e-08  -1.6072872e-07   9.7709806e-03   6.0845579e-03  -7.2833375e-09   3.5308962e-01   4.1277802e-01   2.1749623e-01   2.5166034e-01  -1.6072872e-07  -1.7185403e-07
   3.5308962e-01   4.1277802e-01   2.1749623e-01   2.5166034e-01  -1.6072872e-07  -1.7185403e-07   1.1528835e-02   7.0835404e-03  -2.9000069e-09   4.1277802e-01   4.8698441e-01   2.5166034e-01   2.9295983e-01  -1.7185403e-07  -6.8427128e-08
   4.1277802e-01   4.8698441e-01   2.5166034e-01   2.9295983e-01  -1.7185403e-07  -6.8427128e-08   1.3189537e-02   8.0066611e-03  -7.4383441e-09   4.8698441e-01   5.5718899e-01   2.9295983e-01   3.3091317e-01  -6.8427128e-08  -1.7551149e-07
   4.8698441e-01   5.5718899e-01   2.9295983e-01   3.3091317e-01  -6.8427128e-08  -1.7551149e-07   1.4463697e-02   8.7114694e-03   6.4511604e-09   5.5718899e-01   6.1112199e-01   3.3091317e-01   3.5974142e-01  -1.7551149e-07   1.5221839e-07
   5.5718899e-01   6.1112199e-01   3.3091317e-01   3.5974142e-01  -1.7551149e-07   1.5221839e-07   1.5065067e-02   9.0805699e-03   2.6589070e-08   6.1112199e-01   6.3669712e-01   3.5974142e-01   3.7464944e-01   1.5221839e-07   6.2738256e-07
   6.1112199e-01   6.3669712e-01   3.5974142e-01   3.7464944e-01   1.5221839e-07   6.2738256e-07   1.4672187e-02   9.0007605e-03   7.8386467e-10   6.3669712e-01   6.2036030e-01   3.7464944e-01   3.7101585e-01   6.2738256e-07   1.8495683e-08
   6.3669712e-01   6.2036030e-01   3.7464944e-01   3.7101585e-01   6.2738256e-07   1.8495683e-08   1.3105524e-02   8.3753541e-03  -7.2194543e-09   6.2036030e-01   5.5452060e-01   3.7101585e-01   3.4492851e-01   1.8495683e-08  -1.7034667e-07
   6.2036030e-01   5.5452060e-01   3.7101585e-01   3.4492851e-01   1.8495683e-08  -1.7034667e-07   1.1006939e-02   7.4891514e-03  -2.9381276e-09   5.5452060e-01   4.6609261e-01   3.4492851e-01   3.0843347e-01  -1.7034667e-07  -6.9326606e-08
   5.5452060e-01   4.6609261e-01   3.4492851e-01   3.0843347e-01  -1.7034667e-07  -6.9326606e-08   8.8792208e-03   6.5858384e-03  -8.4513607e-09   4.6609261e-01   3.7632623e-01   3.0843347e-01   2.7146885e-01  -6.9326606e-08  -1.9941413e-07
   4.6609261e-01   3.7632623e-01   3.0843347e-01   2.7146885e-01  -6.9326606e-08  -1.9941413e-07   7.6646851e-03   6.0709423e-03   1.2128336e-08   3.7632623e-01   3.2490840e-01   2.7146885e-01   2.5083240e-01  -1.9941413e-07   2.8617421e-07
   3.7632623e-01   3.2490840e-01   2.7146885e-01   2.5083240e-01  -1.9941413e-07   2.8617421e-07   6.5371999e-03   5.6157058e-03  -1.6959188e-08   3.2490840e-01   2.7732651e-01   2.5083240e-01   2.3227923e-01   2.8617421e-07  -4.0016062e-07
   3.2490840e-01   2.7732651e-01   2.5083240e-01   2.3227923e-01   2.8617421e-07  -4.0016062e-07   5.5072100e-03   5.2114917e-03  -3.1542258e-08   2.7732651e-01   2.3386261e-01   2.3227923e-01   2.1582643e-01  -4.0016062e-07  -7.4425553e-07
   2.7732651e-01   2.3386261e-01   2.3227923e-01   2.1582643e-01  -4.0016062e-07  -7.4425553e-07   4.5729876e-03   4.8543393e-03   3.9356580e-10   2.3386261e-01   1.9444401e-01   2.1582643e-01   2.0130495e-01  -7.4425553e-07   9.2863841e-09
   2.3386261e-01   1.9444401e-01   2.1582643e-01   2.0130495e-01  -7.4425553e-07   9.2863841e-09   3.7335324e-03   4.5383850e-03  -3.3125992e-11   1.9444401e-01   1.5902674e-01   2.0130495e-01   1.8846940e-01   9.2863841e-09  -7.8162453e-10
   1.9444401e-01   1.5902674e-01   2.0130495e-01   1.8846940e-01   9.2863841e-09  -7.8162453e-10   2.9906283e-03   4.2537729e-03   7.3057516e-09   1.5902674e-01   1.2768332e-01   1.8846940e-01   1.7690599e-01  -7.8162453e-10   1.7238290e-07
   1.5902674e-01   1.2768332e-01   1.8846940e-01   1.7690599e-01  -7.8162453e-10   1.7238290e-07   2.3415817e-03   3.9910841e-03   7.1626524e-09   1.2768332e-01   1.0029591e-01   1.7690599e-01   1.6621848e-01   1.7238290e-07   1.6900640e-07
   1.2768332e-01   1.0029591e-01   1.7690599e-01   1.6621848e-01   1.7238290e-07   1.6900640e-07   1.7823818e-03   3.7428387e-03   5.2433647e-10   1.0029591e-01   7.6691740e-02   1.6621848e-01   1.5609398e-01   1.6900640e-07   1.2371984e-08
   1.0029591e-01   7.6691740e-02   1.6621848e-01   1.5609398e-01   1.6900640e-07   1.2371984e-08   1.3102112e-03   3.5018590e-03   3.5662002e-09   7.6691740e-02   5.6749025e-02   1.5609398e-01   1.4623294e-01   1.2371984e-08   8.4146296e-08
   7.6691740e-02   5.6749025e-02   1.5609398e-01   1.4623294e-01   1.2371984e-08   8.4146296e-08   9.2353112e-04   3.2648066e-03   3.4974657e-09   5.6749025e-02   4.0399784e-02   1.4623294e-01   1.3649650e-01   8.4146296e-08   8.2524471e-08
   5.6749025e-02   4.0399784e-02   1.4623294e-01   1.3649650e-01   8.4146296e-08   8.2524471e-08   6.1963055e-04   3.0311545e-03   3.5663643e-09   4.0399784e-02   2.7528666e-02   1.3649650e-01   1.2686329e-01   8.2524471e-08   8.4150169e-08
   4.0399784e-02   2.7528666e-02   1.3649650e-01   1.2686329e-01   8.2524471e-08   8.4150169e-08   3.9154983e-04   2.8005860e-03  -7.0559998e-09   2.7528666e-02   1.7843118e-02   1.2686329e-01   1.1732125e-01   8.4150169e-08  -1.6648988e-07
   2.7528666e-02   1.7843118e-02   1.2686329e-01   1.1732125e-01   8.4150169e-08  -1.6648988e-07   2.4626457e-04   2.6019326e-03   7.1772332e-09   1.7843118e-02   1.1636008e-02   1.1732125e-01   1.0908454e-01  -1.6648988e-07   1.6935045e-07
   1.7843118e-02   1.1636008e-02   1.1732125e-01   1.0908454e-01  -1.6648988e-07   1.6935045e-07   1.4747492e-04   2.4109408e-03   6.4068061e-09   1.1636008e-02   7.3960439e-03   1.0908454e-01   1.0113129e-01   1.6935045e-07   1.5117183e-07
   1.1636008e-02   7.3960439e-03   1.0908454e-01   1.0113129e-01   1.6935045e-07   1.5117183e-07   9.0182166e-05   2.2300667e-03   7.1011226e-09   7.3960439e-03   4.9021058e-03   1.0113129e-01   9.3581298e-02   1.5117183e-07   1.6755458e-07
   7.3960439e-03   4.9021058e-03   1.0113129e-01   9.3581298e-02   1.5117183e-07   1.6755458e-07   6.8856693e-05   2.0622367e-03  -6.7833180e-09   4.9021058e-03   3.9232348e-03   9.3581298e-02   8.6559919e-02   1.6755458e-07  -1.6005582e-07
   4.9021058e-03   3.9232348e-03   9.3581298e-02   8.6559919e-02   1.6755458e-07  -1.6005582e-07   7.8567344e-05   1.9078503e-03   3.2969475e-09   3.9232348e-03   4.2537296e-03   8.6559919e-02   8.0086479e-02  -1.6005582e-07   7.7793144e-08
   3.9232348e-03   4.2537296e-03   8.6559919e-02   8.0086479e-02  -1.6005582e-07   7.7793144e-08   1.1595676e-04   1.7714895e-03   7.3623456e-09   4.2537296e-03   5.7527319e-03   8.0086479e-02   7.4355681e-02   7.7793144e-08   1.7371827e-07
   4.2537296e-03   5.7527319e-03   8.0086479e-02   7.4355681e-02   7.7793144e-08   1.7371827e-07   1.7755495e-04   1.6549755e-03  -2.3957865e-10   5.7527319e-03   8.2766974e-03   7.4355681e-02   6.9445577e-02   1.7371827e-07  -5.6529795e-09
   5.7527319e-03   8.2766974e-03   7.4355681e-02   6.9445577e-02   1.7371827e-07  -5.6529795e-09   2.6096509e-04   1.5596737e-03  -7.8381631e-09   8.2766974e-03   1.1725824e-02   6.9445577e-02   6.5415087e-02  -5.6529795e-09  -1.8494542e-07
   8.2766974e-03   1.1725824e-02   6.9445577e-02   6.5415087e-02  -5.6529795e-09  -1.8494542e-07   3.7647851e-04   1.4804958e-03  -3.3700534e-09   1.1725824e-02   1.6532981e-02   6.5415087e-02   6.2051603e-02  -1.8494542e-07  -7.9518114e-08
   1.1725824e-02   1.6532981e-02   6.5415087e-02   6.2051603e-02  -1.8494542e-07  -7.9518114e-08   5.1715536e-04   1.4299503e-03  -3.5352890e-09   1.6532981e-02   2.2404337e-02   6.2051603e-02   5.9875717e-02  -7.9518114e-08  -8.3416931e-08
   1.6532981e-02   2.2404337e-02   6.2051603e-02   5.9875717e-02  -7.9518114e-08  -8.3416931e-08   6.8449880e-04   1.4099710e-03   6.9843402e-09   2.2404337e-02   2.9408784e-02   5.9875717e-02   5.8971886e-02  -8.3416931e-08   1.6479904e-07
   2.2404337e-02   2.9408784e-02   5.9875717e-02   5.8971886e-02  -8.3416931e-08   1.6479904e-07   8.8245952e-04   1.4224161e-03   7.1738933e-09   2.9408784e-02   3.7713162e-02   5.8971886e-02   5.9417395e-02   1.6479904e-07   1.6927164e-07
   2.9408784e-02   3.7713162e-02   5.8971886e-02   5.9417395e-02   1.6479904e-07   1.6927164e-07   1.1175719e-03   1.4696366e-03   7.1378051e-09   3.7713162e-02   4.7592794e-02   5.9417395e-02   6.1309142e-02   1.6927164e-07   1.6842012e-07
   3.7713162e-02   4.7592794e-02   5.9417395e-02   6.1309142e-02   1.6927164e-07   1.6842012e-07   1.3981029e-03   1.5563581e-03   1.3898069e-09   4.7592794e-02   5.9395939e-02   6.1309142e-02   6.4842573e-02   1.6842012e-07   3.2793197e-08
   4.7592794e-02   5.9395939e-02   6.1309142e-02   6.4842573e-02   1.6842012e-07   3.2793197e-08   1.7356445e-03   1.6887427e-03   5.0626712e-09   5.9395939e-02   7.3611633e-02   6.4842573e-02   7.0272650e-02   3.2793197e-08   1.1945629e-07
   5.9395939e-02   7.3611633e-02   6.4842573e-02   7.0272650e-02   3.2793197e-08   1.1945629e-07   2.1462824e-03   1.8740994e-03   3.7934508e-09   7.3611633e-02   9.0918259e-02   7.0272650e-02   7.7900983e-02   1.1945629e-07   8.9508389e-08
   7.3611633e-02   9.0918259e-02   7.0272650e-02   7.7900983e-02   1.1945629e-07   8.9508389e-08   2.6807322e-03   2.1368373e-03   5.8184420e-09   9.0918259e-02   1.1344922e-01   7.7900983e-02   8.8745252e-02   8.9508389e-08   1.3728908e-07
   9.0918259e-02   1.1344922e-01   7.7900983e-02   8.8745252e-02   8.9508389e-08   1.3728908e-07   3.3509997e-03   2.4863753e-03   4.4940906e-09   1.1344922e-01   1.4171995e-01   8.8745252e-02   1.0317756e-01   1.3728908e-07   1.0604034e-07
   1.1344922e-01   1.4171995e-01   8.8745252e-02   1.0317756e-01   1.3728908e-07   1.0604034e-07   4.1987726e-03   2.9442451e-03  -6.1761415e-10   1.4171995e-01   1.7748546e-01   1.0317756e-01   1.2209655e-01   1.0604034e-07  -1.4572918e-08
   1.4171995e-01   1.7748546e-01   1.0317756e-01   1.2209655e-01   1.0604034e-07  -1.4572918e-08   5.2794143e-03   3.5375838e-03   1.0005981e-09   1.7748546e-01   2.2308091e-01   1.2209655e-01   1.4662263e-01  -1.4572918e-08   2.3609617e-08
   1.7748546e-01   2.2308091e-01   1.2209655e-01   1.4662263e-01  -1.4572918e-08   2.3609617e-08   6.9558545e-03   4.4569372e-03   2.6895122e-09   2.2308091e-01   2.9376167e-01   1.4662263e-01   1.8473301e-01   2.3609617e-08   6.3460401e-08
   2.2308091e-01   2.9376167e-01   1.4662263e-01   1.8473301e-01   2.3609617e-08   6.3460401e-08   9.2053181e-03   5.6793074e-03  -3.2185513e-08   2.9376167e-01   3.8865911e-01   1.8473301e-01   2.3529367e-01   6.3460401e-08  -7.5943346e-07
   2.9376167e-01   3.8865911e-01   1.8473301e-01   2.3529367e-01   6.3460401e-08  -7.5943346e-07   1.2210545e-02   7.2613895e-03  -1.4824823e-08   3.8865911e-01   5.1543597e-01   2.3529367e-01   3.0069510e-01  -7.5943346e-07  -3.4979919e-07
   3.8865911e-01   5.1543597e-01   2.3529367e-01   3.0069510e-01  -7.5943346e-07  -3.4979919e-07   1.6167936e-02   9.2151737e-03   1.2874794e-08   5.1543597e-01   6.8236704e-01   3.0069510e-01   3.8135705e-01  -3.4979919e-07   3.0378728e-07
   5.1543597e-01   6.8236704e-01   3.0069510e-01   3.8135705e-01  -3.4979919e-07   3.0378728e-07   2.5189594e-02   1.2825171e-02  -2.7895253e-10   6.8236704e-01   1.0621654e+00   3.8135705e-01   5.3113767e-01   3.0378728e-07  -6.5820261e-09
   6.8236704e-01   1.0621654e+00   3.8135705e-01   5.3113767e-01   3.0378728e-07  -6.5820261e-09   3.7259212e-02   1.5508170e-02   5.1608174e-08   1.0621654e+00   1.5707401e+00   5.3113767e-01   6.3963808e-01  -6.5820261e-09   1.2177210e-06
   1.0621654e+00   1.5707401e+00   5.3113767e-01   6.3963808e-01  -6.5820261e-09   1.2177210e-06   3.3723314e-02   1.4852660e-02   3.2094545e-08   1.5707401e+00   1.4234274e+00   6.3963808e-01   6.0650367e-01   1.2177210e-06   7.5728702e-07
   1.5707401e+00   1.4234274e+00   6.3963808e-01   6.0650367e-01   1.2177210e-06   7.5728702e-07   2.2404137e-02   1.2266415e-02  -2.7378682e-09   1.4234274e+00   9.4765705e-01   6.0650367e-01   4.9950411e-01   7.5728702e-07  -6.4601385e-08
   1.4234274e+00   9.4765705e-01   6.0650367e-01   4.9950411e-01   7.5728702e-07  -6.4601385e-08   1.8490043e-02   1.0711715e-02  -7.4142110e-09   9.4765705e-01   7.8208636e-01   4.9950411e-01   4.3944882e-01  -6.4601385e-08  -1.7494206e-07
   9.4765705e-01   7.8208636e-01   4.9950411e-01   4.3944882e-01  -6.4601385e-08  -1.7494206e-07   1.5253163e-02   9.3647271e-03  -1.1395274e-09   7.8208636e-01   6.4547565e-01   4.3944882e-01   3.8469984e-01  -1.7494206e-07  -2.6887724e-08
   7.8208636e-01   6.4547565e-01   4.3944882e-01   3.8469984e-01  -1.7494206e-07  -2.6887724e-08   1.2568054e-02   8.2027714e-03   7.3955736e-09   6.4547565e-01   5.3209765e-01   3.8469984e-01   3.3740324e-01  -2.6887724e-08   1.7450230e-07
   6.4547565e-01   5.3209765e-01   3.8469984e-01   3.3740324e-01  -2.6887724e-08   1.7450230e-07   1.0329694e-02   7.2300952e-03  -1.4386574e-10   5.3209765e-01   4.3756529e-01   3.3740324e-01   2.9780035e-01   1.7450230e-07  -3.3945848e-09
   5.3209765e-01   4.3756529e-01   3.3740324e-01   2.9780035e-01   1.7450230e-07  -3.3945848e-09   8.4370841e-03   6.4262031e-03   2.7218872e-10   4.3756529e-01   3.5763929e-01   2.9780035e-01   2.6507856e-01  -3.3945848e-09   6.4224306e-09
   4.3756529e-01   3.5763929e-01   2.9780035e-01   2.6507856e-01  -3.3945848e-09   6.4224306e-09   6.8339850e-03   5.7710960e-03   6.8318543e-09   3.5763929e-01   2.8994853e-01   2.6507856e-01   2.3844485e-01   6.4224306e-09   1.6120106e-07
   3.5763929e-01   2.8994853e-01   2.6507856e-01   2.3844485e-01   6.4224306e-09   1.6120106e-07   5.4618228e-03   5.2349802e-03   3.4581620e-10   2.8994853e-01   2.3202419e-01   2.3844485e-01   2.1667397e-01   1.6120106e-07   8.1597080e-09
