   0.0000000e+00   0.0000000e+00   0.0000000e+00   0.0000000e+00   0.0000000e+00   0.0000000e+00  -2.3939267e-03  -1.0669405e-02  -2.3271585e-09   0.0000000e+00  -1.0054492e-01   0.0000000e+00  -4.4811502e-01   0.0000000e+00  -5.4910481e-08
   0.0000000e+00  -1.0054492e-01   0.0000000e+00  -4.4811502e-01   0.0000000e+00  -5.4910481e-08  -1.6518924e-03  -6.4120675e-03  -8.6445803e-10  -1.0054492e-01  -7.4317726e-02  -4.4811502e-01  -2.6819883e-01  -5.4910481e-08  -2.0397324e-08
  -1.0054492e-01  -7.4317726e-02  -4.4811502e-01  -2.6819883e-01  -5.4910481e-08  -2.0397324e-08  -1.3542840e-03  -4.3584675e-03  -6.8726685e-09  -7.4317726e-02  -5.9835482e-02  -2.6819883e-01  -1.8223665e-01  -2.0397324e-08  -1.6216409e-07
  -7.4317726e-02  -5.9835482e-02  -2.6819883e-01  -1.8223665e-01  -2.0397324e-08  -1.6216409e-07  -1.1609761e-03  -3.1942722e-03  -7.2914199e-09  -5.9835482e-02  -5.0769268e-02  -1.8223665e-01  -1.3350004e-01  -1.6216409e-07  -1.7204474e-07
  -5.9835482e-02  -5.0769268e-02  -1.8223665e-01  -1.3350004e-01  -1.6216409e-07  -1.7204474e-07  -1.0284980e-03  -2.4652819e-03  -7.3136393e-09  -5.0769268e-02  -4.4668106e-02  -1.3350004e-01  -1.0298235e-01  -1.7204474e-07  -1.7256902e-07
  -5.0769268e-02  -4.4668106e-02  -1.3350004e-01  -1.0298235e-01  -1.7204474e-07  -1.7256902e-07  -9.3447306e-04  -1.9771665e-03  -7.1376957e-09  -4.4668106e-02  -4.0382748e-02  -1.0298235e-01  -8.2548745e-02  -1.7256902e-07  -1.6841754e-07
  -4.4668106e-02  -4.0382748e-02  -1.0298235e-01  -8.2548745e-02  -1.7256902e-07  -1.6841754e-07  -8.6650261e-04  -1.6339676e-03   1.5884461e-09  -4.0382748e-02  -3.7302808e-02  -8.2548745e-02  -6.8181616e-02  -1.6841754e-07   3.7480188e-08
  -4.0382748e-02  -3.7302808e-02  -8.2548745e-02  -6.8181616e-02  -1.6841754e-07   3.7480188e-08  -8.1721495e-04  -1.3835190e-03  -1.4749824e-09  -3.7302808e-02  -3.5074387e-02  -6.8181616e-02  -5.7696723e-02   3.7480188e-08  -3.4802957e-08
  -3.7302808e-02  -3.5074387e-02  -6.8181616e-02  -5.7696723e-02   3.7480188e-08  -3.4802957e-08  -7.8206776e-04  -1.1952379e-03   7.0314722e-09  -3.5074387e-02  -3.3482665e-02  -5.7696723e-02  -4.9813472e-02  -3.4802957e-08   1.6591114e-07
  -3.5074387e-02  -3.3482665e-02  -5.7696723e-02  -4.9813472e-02  -3.4802957e-08   1.6591114e-07  -7.5806973e-04  -1.0503127e-03  -3.2966638e-09  -3.3482665e-02  -3.2387867e-02  -4.9813472e-02  -4.3744160e-02   1.6591114e-07  -7.7786449e-08
  -3.3482665e-02  -3.2387867e-02  -4.9813472e-02  -4.3744160e-02   1.6591114e-07  -7.7786449e-08  -7.6603260e-04  -9.6425298e-04  -7.0724777e-09  -3.2387867e-02  -3.2655432e-02  -4.3744160e-02  -4.0141709e-02  -7.7786449e-08  -1.6687869e-07
  -3.2387867e-02  -3.2655432e-02  -4.3744160e-02  -4.0141709e-02  -7.7786449e-08  -1.6687869e-07  -8.6986833e-04  -9.9537149e-04  -1.8535718e-09  -3.2655432e-02  -3.6976837e-02  -4.0141709e-02  -4.1445735e-02  -1.6687869e-07  -4.3735964e-08
  -3.2655432e-02  -3.6976837e-02  -4.0141709e-02  -4.1445735e-02  -1.6687869e-07  -4.3735964e-08  -9.7280593e-04  -1.0160437e-03  -1.3730295e-09  -3.6976837e-02  -4.1314582e-02  -4.1445735e-02  -4.2266349e-02  -4.3735964e-08  -3.2397325e-08
  -3.6976837e-02  -4.1314582e-02  -4.1445735e-02  -4.2266349e-02  -4.3735964e-08  -3.2397325e-08  -1.0706225e-03  -1.0210229e-03  -1.4253683e-09  -4.1314582e-02  -4.5431923e-02  -4.2266349e-02  -4.2427674e-02  -3.2397325e-08  -3.3632285e-08
  -4.1314582e-02  -4.5431923e-02  -4.2266349e-02  -4.2427674e-02  -3.2397325e-08  -3.3632285e-08  -1.1571293e-03  -1.0072811e-03   6.7346209e-09  -4.5431923e-02  -4.9066984e-02  -4.2427674e-02  -4.1805144e-02  -3.3632285e-08   1.5890678e-07
  -4.5431923e-02  -4.9066984e-02  -4.2427674e-02  -4.1805144e-02  -3.3632285e-08   1.5890678e-07  -1.2267462e-03  -9.7365934e-04   1.5322607e-09  -4.9066984e-02  -5.1984030e-02  -4.1805144e-02  -4.0352980e-02   1.5890678e-07   3.6154465e-08
  -4.9066984e-02  -5.1984030e-02  -4.1805144e-02  -4.0352980e-02   1.5890678e-07   3.6154465e-08  -1.2757412e-03  -9.2140114e-04   7.9139571e-09  -5.1984030e-02  -5.4025821e-02  -4.0352980e-02  -3.8125985e-02   3.6154465e-08   1.8673382e-07
  -5.1984030e-02  -5.4025821e-02  -4.0352980e-02  -3.8125985e-02   3.6154465e-08   1.8673382e-07  -1.3030279e-03  -8.5391505e-04   6.2756738e-10  -5.4025821e-02  -5.5147314e-02  -3.8125985e-02  -3.5269076e-02   1.8673382e-07   1.4807770e-08
  -5.4025821e-02  -5.5147314e-02  -3.8125985e-02  -3.5269076e-02   1.8673382e-07   1.4807770e-08  -1.3101856e-03  -7.7596964e-04   5.4500760e-09  -5.5147314e-02  -5.5416462e-02  -3.5269076e-02  -3.1983002e-02   1.4807770e-08   1.2859730e-07
  -5.5147314e-02  -5.5416462e-02  -3.5269076e-02  -3.1983002e-02   1.4807770e-08   1.2859730e-07  -1.3007975e-03  -6.9264126e-04  -1.5721868e-09  -5.5416462e-02  -5.4985946e-02  -3.1983002e-02  -2.8480249e-02   1.2859730e-07  -3.7096542e-08
  -5.5416462e-02  -5.4985946e-02  -3.1983002e-02  -2.8480249e-02   1.2859730e-07  -3.7096542e-08  -1.2793630e-03  -6.0831238e-04  -3.7684352e-09  -5.4985946e-02  -5.4047099e-02  -2.8480249e-02  -2.4943173e-02  -3.7096542e-08  -8.8918133e-08
  -5.4985946e-02  -5.4047099e-02  -2.8480249e-02  -2.4943173e-02  -3.7096542e-08  -8.8918133e-08  -1.0380659e-03  -3.4293283e-04  -6.7241259e-09  -5.4047099e-02  -4.3873645e-02  -2.4943173e-02  -1.3807576e-02  -8.8918133e-08  -1.5865915e-07
  -5.4047099e-02  -4.3873645e-02  -2.4943173e-02  -1.3807576e-02  -8.8918133e-08  -1.5865915e-07  -1.2200364e-03  -4.4622373e-04  -2.0306961e-09  -4.3873645e-02  -5.1393690e-02  -1.3807576e-02  -1.8257904e-02  -1.5865915e-07  -4.7915300e-08
  -4.3873645e-02  -5.1393690e-02  -1.3807576e-02  -1.8257904e-02  -1.5865915e-07  -4.7915300e-08  -9.5760210e-04  -2.5004499e-04  -5.5988303e-09  -5.1393690e-02  -4.0420491e-02  -1.8257904e-02  -9.9355290e-03  -4.7915300e-08  -1.3210723e-07
  -5.1393690e-02  -4.0420491e-02  -1.8257904e-02  -9.9355290e-03  -4.7915300e-08  -1.3210723e-07  -1.1921596e-03  -3.1607289e-04  -1.4345428e-09  -4.0420491e-02  -5.0180194e-02  -9.9355290e-03  -1.2829623e-02  -1.3210723e-07  -3.3848764e-08
  -4.0420491e-02  -5.0180194e-02  -9.9355290e-03  -1.2829623e-02  -1.3210723e-07  -3.3848764e-08  -1.2506785e-03  -2.7363344e-04   2.0311999e-09  -5.0180194e-02  -5.2669879e-02  -1.2829623e-02  -1.0939617e-02  -3.3848764e-08   4.7927188e-08
  -5.0180194e-02  -5.2669879e-02  -1.2829623e-02  -1.0939617e-02  -3.3848764e-08   4.7927188e-08  -1.3057411e-03  -2.2402449e-04   2.4408177e-09  -5.2669879e-02  -5.4961681e-02  -1.0939617e-02  -8.8286084e-03   4.7927188e-08   5.7592327e-08
  -5.2669879e-02  -5.4961681e-02  -1.0939617e-02  -8.8286084e-03   4.7927188e-08   5.7592327e-08  -1.3529691e-03  -1.6926689e-04   2.2046545e-09  -5.4961681e-02  -5.6921991e-02  -8.8286084e-03  -6.5035341e-03   5.7592327e-08   5.2019938e-08
  -5.4961681e-02  -5.6921991e-02  -8.8286084e-03  -6.5035341e-03   5.7592327e-08   5.2019938e-08  -1.3890961e-03  -1.1000326e-04   5.0563176e-10  -5.6921991e-02  -5.8413704e-02  -6.5035341e-03  -3.9928590e-03   5.2019938e-08   1.1930637e-08
  -5.6921991e-02  -5.8413704e-02  -6.5035341e-03  -3.9928590e-03   5.2019938e-08   1.1930637e-08  -1.4117126e-03  -4.7467453e-05   4.8359051e-09  -5.8413704e-02  -5.9335928e-02  -3.9928590e-03  -1.3499145e-03   1.1930637e-08   1.1410563e-07
  -5.8413704e-02  -5.9335928e-02  -3.9928590e-03  -1.3499145e-03   1.1930637e-08   1.1410563e-07  -1.4192965e-03   1.6728202e-05  -2.3242429e-09  -5.9335928e-02  -5.9625331e-02  -1.3499145e-03   1.3564612e-03   1.1410563e-07  -5.4841686e-08
  -5.9335928e-02  -5.9625331e-02  -1.3499145e-03   1.3564612e-03   1.1410563e-07  -5.4841686e-08  -1.4116992e-03   8.0824767e-05   2.8989826e-09  -5.9625331e-02  -5.9276418e-02   1.3564612e-03   4.0517139e-03  -5.4841686e-08   6.8402960e-08
  -5.9625331e-02  -5.9276418e-02   1.3564612e-03   4.0517139e-03  -5.4841686e-08   6.8402960e-08  -1.3900072e-03   1.4313202e-04   1.7713358e-10  -5.9276418e-02  -5.8335652e-02   4.0517139e-03   6.6647679e-03   6.8402960e-08   4.1795564e-09
  -5.9276418e-02  -5.8335652e-02   4.0517139e-03   6.6647679e-03   6.8402960e-08   4.1795564e-09  -1.3564943e-03   2.0230073e-04   6.2215929e-09  -5.8335652e-02  -5.6899314e-02   6.6647679e-03   9.1394892e-03   4.1795564e-09   1.4680163e-07
  -5.8335652e-02  -5.6899314e-02   6.6647679e-03   9.1394892e-03   4.1795564e-09   1.4680163e-07  -1.3140185e-03   2.5748346e-04   6.3944982e-10  -5.6899314e-02  -5.5088063e-02   9.1394892e-03   1.1441329e-02   1.4680163e-07   1.5088142e-08
  -5.6899314e-02  -5.5088063e-02   9.1394892e-03   1.1441329e-02   1.4680163e-07   1.5088142e-08  -1.2654608e-03   3.0830805e-04   3.4473814e-09  -5.5088063e-02  -5.3023272e-02   1.1441329e-02   1.3556008e-02   1.5088142e-08   8.1342706e-08
  -5.5088063e-02  -5.3023272e-02   1.1441329e-02   1.3556008e-02   1.5088142e-08   8.1342706e-08  -1.2137989e-03   3.5493461e-04  -6.5098109e-09  -5.3023272e-02  -5.0830169e-02   1.3556008e-02   1.5491567e-02   8.1342706e-08  -1.5360228e-07
  -5.3023272e-02  -5.0830169e-02   1.3556008e-02   1.5491567e-02   8.1342706e-08  -1.5360228e-07  -1.1613730e-03   3.9781426e-04  -3.2858254e-09  -5.0830169e-02  -4.8606947e-02   1.5491567e-02   1.7268353e-02  -1.5360228e-07  -7.7530712e-08
  -5.0830169e-02  -4.8606947e-02   1.5491567e-02   1.7268353e-02  -1.5360228e-07  -7.7530712e-08  -1.1482042e-03   4.5319878e-04   5.7865425e-09  -4.8606947e-02  -4.8034277e-02   1.7268353e-02   1.9570000e-02  -7.7530712e-08   1.3653640e-07
  -4.8606947e-02  -4.8034277e-02   1.7268353e-02   1.9570000e-02  -7.7530712e-08   1.3653640e-07  -1.1577980e-03   5.1940403e-04  -5.7455280e-09  -4.8034277e-02  -4.8411856e-02   1.9570000e-02   2.2344302e-02   1.3653640e-07  -1.3556864e-07
  -4.8034277e-02  -4.8411856e-02   1.9570000e-02   2.2344302e-02   1.3653640e-07  -1.3556864e-07  -1.1618343e-03   5.8608505e-04  -3.4984042e-10  -4.8411856e-02  -4.8550806e-02   2.2344302e-02   2.5149076e-02  -1.3556864e-07  -8.2546615e-09
  -4.8411856e-02  -4.8550806e-02   2.2344302e-02   2.5149076e-02  -1.3556864e-07  -8.2546615e-09  -1.1583867e-03   6.5205875e-04   7.8035735e-10  -4.8550806e-02  -4.8375098e-02   2.5149076e-02   2.7921498e-02  -8.2546615e-09   1.8412926e-08
  -4.8550806e-02  -4.8375098e-02   2.5149076e-02   2.7921498e-02  -8.2546615e-09   1.8412926e-08  -1.1460300e-03   7.1560543e-04  -1.2878936e-09  -4.8375098e-02  -4.7825567e-02   2.7921498e-02   3.0588521e-02   1.8412926e-08  -3.0388502e-08
  -4.8375098e-02  -4.7825567e-02   2.7921498e-02   3.0588521e-02   1.8412926e-08  -3.0388502e-08  -1.1238592e-03   7.7492904e-04   7.0969689e-09  -4.7825567e-02  -4.6864999e-02   3.0588521e-02   3.3074059e-02  -3.0388502e-08   1.6745657e-07
  -4.7825567e-02  -4.6864999e-02   3.0588521e-02   3.3074059e-02  -3.0388502e-08   1.6745657e-07  -1.0916321e-03   8.2837675e-04   6.5569774e-09  -4.6864999e-02  -4.5484076e-02   3.3074059e-02   3.5308270e-02   1.6745657e-07   1.5471520e-07
  -4.6864999e-02  -4.5484076e-02   3.3074059e-02   3.5308270e-02   1.6745657e-07   1.5471520e-07  -1.0498585e-03   8.7467397e-04   7.1056143e-09  -4.5484076e-02  -4.3704963e-02   3.5308270e-02   3.7237536e-02   1.5471520e-07   1.6766056e-07
  -4.5484076e-02  -4.3704963e-02   3.5308270e-02   3.7237536e-02   1.5471520e-07   1.6766056e-07  -9.9988348e-04   9.1317832e-04  -6.7738483e-09  -4.3704963e-02  -4.1584753e-02   3.7237536e-02   3.8835113e-02   1.6766056e-07  -1.5983238e-07
  -4.3704963e-02  -4.1584753e-02   3.7237536e-02   3.8835113e-02   1.6766056e-07  -1.5983238e-07  -9.4343038e-04   9.4381196e-04  -5.4193790e-09  -4.1584753e-02  -3.9196108e-02   3.8835113e-02   4.0098372e-02  -1.5983238e-07  -1.2787299e-07
  -4.1584753e-02  -3.9196108e-02   3.8835113e-02   4.0098372e-02  -1.5983238e-07  -1.2787299e-07  -8.8251777e-04   9.6711401e-04  -4.4361180e-11  -3.9196108e-02  -3.6623858e-02   4.0098372e-02   4.1050733e-02  -1.2787299e-07  -1.0467245e-09
  -3.9196108e-02  -3.6623858e-02   4.0098372e-02   4.1050733e-02  -1.2787299e-07  -1.0467245e-09  -8.1912119e-04   9.8406712e-04   6.8070422e-09  -3.6623858e-02  -3.3950711e-02   4.1050733e-02   4.1734414e-02  -1.0467245e-09   1.6061560e-07
  -3.6623858e-02  -3.3950711e-02   4.1050733e-02   4.1734414e-02  -1.0467245e-09   1.6061560e-07  -7.5501861e-04   9.9595237e-04   6.5468709e-09  -3.3950711e-02  -3.1250874e-02   4.1734414e-02   4.2204132e-02   1.6061560e-07   1.5447673e-07
  -3.3950711e-02  -3.1250874e-02   4.1734414e-02   4.2204132e-02   1.6061560e-07   1.5447673e-07  -6.9158371e-04   1.0041512e-03   4.4464453e-09  -3.1250874e-02  -2.8581431e-02   4.2204132e-02   4.2518731e-02   1.5447673e-07   1.0491612e-07
  -3.1250874e-02  -2.8581431e-02   4.2204132e-02   4.2518731e-02   1.5447673e-07   1.0491612e-07  -6.5417030e-04   1.0501127e-03  -4.1712826e-10  -2.8581431e-02  -2.7006600e-02   4.2518731e-02   4.4419700e-02   1.0491612e-07  -9.8423521e-09
  -2.8581431e-02  -2.7006600e-02   4.2518731e-02   4.4419700e-02   1.0491612e-07  -9.8423521e-09  -6.2004719e-04   1.1046602e-03   1.7023130e-09  -2.7006600e-02  -2.5552477e-02   4.4419700e-02   4.6693343e-02  -9.8423521e-09   4.0166935e-08
  -2.7006600e-02  -2.5552477e-02   4.4419700e-02   4.6693343e-02  -9.8423521e-09   4.0166935e-08  -5.8159311e-04   1.1564730e-03  -5.9835936e-09  -2.5552477e-02  -2.3912351e-02   4.6693343e-02   4.8853454e-02   4.0166935e-08  -1.4118592e-07
  -2.5552477e-02  -2.3912351e-02   4.6693343e-02   4.8853454e-02   4.0166935e-08  -1.4118592e-07  -5.3818266e-04   1.2036346e-03   3.0180678e-09  -2.3912351e-02  -2.2065301e-02   4.8853454e-02   5.0816170e-02  -1.4118592e-07   7.1212836e-08
  -2.3912351e-02  -2.2065301e-02   4.8853454e-02   5.0816170e-02  -1.4118592e-07   7.1212836e-08  -4.8974924e-04   1.2442251e-03   1.7258873e-09  -2.2065301e-02  -2.0009477e-02   5.0816170e-02   5.2500612e-02   7.1212836e-08   4.0723183e-08
  -2.2065301e-02  -2.0009477e-02   5.0816170e-02   5.2500612e-02   7.1212836e-08   4.0723183e-08  -4.3650112e-04   1.2764257e-03   2.8740834e-09  -2.0009477e-02  -1.7754492e-02   5.2500612e-02   5.3830382e-02   4.0723183e-08   6.7815452e-08
  -2.0009477e-02  -1.7754492e-02   5.2500612e-02   5.3830382e-02   4.0723183e-08   6.7815452e-08  -3.7923108e-04   1.2990183e-03  -7.1517874e-09  -1.7754492e-02  -1.5334498e-02   5.3830382e-02   5.4754420e-02   6.7815452e-08  -1.6875004e-07
  -1.7754492e-02  -1.5334498e-02   5.3830382e-02   5.4754420e-02   6.7815452e-08  -1.6875004e-07  -3.1894257e-04   1.3113136e-03   6.8527494e-09  -1.5334498e-02  -1.2792187e-02   5.4754420e-02   5.5244160e-02  -1.6875004e-07   1.6169409e-07
  -1.5334498e-02  -1.2792187e-02   5.4754420e-02   5.5244160e-02  -1.6875004e-07   1.6169409e-07  -2.5686571e-04   1.3133747e-03  -7.1052820e-09  -1.2792187e-02  -1.0179576e-02   5.5244160e-02   5.5302704e-02   1.6169409e-07  -1.6765272e-07
  -1.2792187e-02  -1.0179576e-02   5.5244160e-02   5.5302704e-02   1.6169409e-07  -1.6765272e-07  -1.9428033e-04   1.3059642e-03  -2.5056144e-11  -1.0179576e-02  -7.5503309e-03   5.5302704e-02   5.4962675e-02  -1.6765272e-07  -5.9121240e-10
  -1.0179576e-02  -7.5503309e-03   5.5302704e-02   5.4962675e-02  -1.6765272e-07  -5.9121240e-10  -1.3238136e-04   1.2904609e-03   3.9726592e-10  -7.5503309e-03  -4.9543283e-03   5.4962675e-02   5.4282562e-02  -5.9121240e-10   9.3736903e-09
  -7.5503309e-03  -4.9543283e-03   5.4962675e-02   5.4282562e-02  -5.9121240e-10   9.3736903e-09  -7.2065143e-05   1.2685309e-03  -6.9828867e-09  -4.9543283e-03  -2.4285426e-03   5.4282562e-02   5.3332893e-02   9.3736903e-09  -1.6476474e-07
  -4.9543283e-03  -2.4285426e-03   5.4282562e-02   5.3332893e-02   9.3736903e-09  -1.6476474e-07  -1.3986378e-05   1.2420457e-03  -5.3789371e-09  -2.4285426e-03   3.0748053e-07   5.3332893e-02   5.2192681e-02  -1.6476474e-07  -1.2691874e-07
  -2.4285426e-03   3.0748053e-07   5.3332893e-02   5.2192681e-02  -1.6476474e-07  -1.2691874e-07   4.1532895e-05  -1.2128030e-03   5.6364714e-09   3.0748053e-07   2.3195501e-03   5.2192681e-02  -5.0937730e-02  -1.2691874e-07   1.3299539e-07
   3.0748053e-07   2.3195501e-03   5.2192681e-02  -5.0937730e-02  -1.2691874e-07   1.3299539e-07   1.2631349e-04  -1.2369202e-03   7.0614516e-09   2.3195501e-03   4.7438379e-03  -5.0937730e-02  -5.1976210e-02   1.3299539e-07   1.6661852e-07
   2.3195501e-03   4.7438379e-03  -5.0937730e-02  -5.1976210e-02   1.3299539e-07   1.6661852e-07   1.8664875e-04  -1.2580607e-03  -6.9090676e-09   4.7438379e-03   7.2664764e-03  -5.1976210e-02  -5.2890828e-02   1.6661852e-07  -1.6302294e-07
   4.7438379e-03   7.2664764e-03  -5.1976210e-02  -5.2890828e-02   1.6661852e-07  -1.6302294e-07   2.4882010e-04  -1.2744271e-03   6.5931040e-09   7.2664764e-03   9.8675807e-03  -5.2890828e-02  -5.3606015e-02  -1.6302294e-07   1.5556762e-07
   7.2664764e-03   9.8675807e-03  -5.2890828e-02  -5.3606015e-02  -1.6302294e-07   1.5556762e-07   3.1206178e-04  -1.2842592e-03   8.7688140e-11   9.8675807e-03   1.2515863e-02  -5.3606015e-02  -5.4047625e-02   1.5556762e-07   2.0690460e-09
   9.8675807e-03   1.2515863e-02  -5.3606015e-02  -5.4047625e-02   1.5556762e-07   2.0690460e-09   3.7523709e-04  -1.2859083e-03  -6.7860484e-10   1.2515863e-02   1.5164353e-02  -5.4047625e-02  -5.4146075e-02   2.0690460e-09  -1.6012024e-08
   1.2515863e-02   1.5164353e-02  -5.4047625e-02  -5.4146075e-02   2.0690460e-09  -1.6012024e-08   4.3709199e-04  -1.2781673e-03  -5.9479273e-09   1.5164353e-02   1.7761173e-02  -5.4146075e-02  -5.3850138e-02  -1.6012024e-08  -1.4034435e-07
   1.5164353e-02   1.7761173e-02  -5.4146075e-02  -5.3850138e-02  -1.6012024e-08  -1.4034435e-07   4.9623616e-04  -1.2603619e-03  -7.2200652e-09   1.7761173e-02   2.0248484e-02  -5.3850138e-02  -5.3130930e-02  -1.4034435e-07  -1.7036109e-07
   1.7761173e-02   2.0248484e-02  -5.3850138e-02  -5.3130930e-02  -1.4034435e-07  -1.7036109e-07   5.5143860e-04  -1.2325566e-03   6.3308819e-09   2.0248484e-02   2.2574911e-02  -5.3130930e-02  -5.1990518e-02  -1.7036109e-07   1.4938036e-07
   2.0248484e-02   2.2574911e-02  -5.3130930e-02  -5.1990518e-02  -1.7036109e-07   1.4938036e-07   6.0172834e-04  -1.1955302e-03  -6.1007632e-09   2.2574911e-02   2.4699661e-02  -5.1990518e-02  -5.0461041e-02   1.4938036e-07  -1.4395059e-07
   2.2574911e-02   2.4699661e-02  -5.1990518e-02  -5.0461041e-02   1.4938036e-07  -1.4395059e-07   6.4643410e-04  -1.1505779e-03   6.7855708e-09   2.4699661e-02   2.6594146e-02  -5.0461041e-02  -4.8596464e-02  -1.4395059e-07   1.6010897e-07
   2.4699661e-02   2.6594146e-02  -5.0461041e-02  -4.8596464e-02  -1.4395059e-07   1.6010897e-07   6.8550549e-04  -1.0995518e-03   2.5508092e-10   2.6594146e-02   2.8255704e-02  -4.8596464e-02  -4.6474239e-02   1.6010897e-07   6.0187634e-09
   2.6594146e-02   2.8255704e-02  -4.8596464e-02  -4.6474239e-02   1.6010897e-07   6.0187634e-09   7.1919142e-04  -1.0443643e-03  -3.2274802e-11   2.8255704e-02   2.9693894e-02  -4.6474239e-02  -4.4174680e-02   6.0187634e-09  -7.6154028e-10
   2.8255704e-02   2.9693894e-02  -4.6474239e-02  -4.4174680e-02   6.0187634e-09  -7.6154028e-10   7.4814137e-04  -9.8692546e-04   7.0786004e-09   2.9693894e-02   3.0935133e-02  -4.4174680e-02  -4.1778096e-02  -7.6154028e-10   1.6702315e-07
   2.9693894e-02   3.0935133e-02  -4.4174680e-02  -4.1778096e-02  -7.6154028e-10   1.6702315e-07   7.8073364e-04  -9.3811635e-04   6.5221959e-09   3.0935133e-02   3.2330424e-02  -4.1778096e-02  -3.9741788e-02   1.6702315e-07   1.5389451e-07
   3.0935133e-02   3.2330424e-02  -4.1778096e-02  -3.9741788e-02   1.6702315e-07   1.5389451e-07   8.4280439e-04  -9.2450097e-04   5.5595495e-09   3.2330424e-02   3.4959834e-02  -3.9741788e-02  -3.9185318e-02   1.5389451e-07   1.3118038e-07
   3.2330424e-02   3.4959834e-02  -3.9741788e-02  -3.9185318e-02   1.5389451e-07   1.3118038e-07   9.0567879e-04  -9.0683319e-04   6.2849488e-09   3.4959834e-02   3.7606691e-02  -3.9185318e-02  -3.8472248e-02   1.3118038e-07   1.4829654e-07
   3.4959834e-02   3.7606691e-02  -3.9185318e-02  -3.8472248e-02   1.3118038e-07   1.4829654e-07   9.6739722e-04  -8.8414212e-04   4.9069397e-09   3.7606691e-02   4.0206723e-02  -3.8472248e-02  -3.7548390e-02   1.4829654e-07   1.1578172e-07
   3.7606691e-02   4.0206723e-02  -3.8472248e-02  -3.7548390e-02   1.4829654e-07   1.1578172e-07   1.0260958e-03  -8.5531419e-04  -3.9667801e-11   4.0206723e-02   4.2682244e-02  -3.7548390e-02  -3.6366270e-02   1.1578172e-07  -9.3598183e-10
   4.0206723e-02   4.2682244e-02  -3.7548390e-02  -3.6366270e-02   1.1578172e-07  -9.3598183e-10   1.0796890e-03  -8.1954134e-04   9.8872856e-10   4.2682244e-02   4.4946182e-02  -3.6366270e-02  -3.4891095e-02  -9.3598183e-10   2.3329550e-08
   4.2682244e-02   4.4946182e-02  -3.6366270e-02  -3.4891095e-02  -9.3598183e-10   2.3329550e-08   1.1261247e-03  -7.7648642e-04   7.0946386e-09   4.4946182e-02   4.6912738e-02  -3.4891095e-02  -3.3107736e-02   2.3329550e-08   1.6740159e-07
   4.4946182e-02   4.6912738e-02  -3.4891095e-02  -3.3107736e-02   2.3329550e-08   1.6740159e-07   1.1636431e-03  -7.2637380e-04   6.6575208e-09   4.6912738e-02   4.8508167e-02  -3.3107736e-02  -3.1024672e-02   1.6740159e-07   1.5708757e-07
   4.6912738e-02   4.8508167e-02  -3.3107736e-02  -3.1024672e-02   1.6740159e-07   1.5708757e-07   1.1911087e-03  -6.7003952e-04   2.0723570e-09   4.8508167e-02   4.9684675e-02  -3.1024672e-02  -2.8676214e-02   1.5708757e-07   4.8898310e-08
   4.8508167e-02   4.9684675e-02  -3.1024672e-02  -2.8676214e-02   1.5708757e-07   4.8898310e-08   1.2078337e-03  -6.0870522e-04  -1.6129183e-09   4.9684675e-02   5.0413005e-02  -2.8676214e-02  -2.6113143e-02   4.8898310e-08  -3.8057622e-08
   4.9684675e-02   5.0413005e-02  -2.8676214e-02  -2.6113143e-02   4.8898310e-08  -3.8057622e-08   1.2144077e-03  -5.4409360e-04   7.1799589e-09   5.0413005e-02   5.0717356e-02  -2.6113143e-02  -2.3407484e-02  -3.8057622e-08   1.6941476e-07
   5.0413005e-02   5.0717356e-02  -2.6113143e-02  -2.3407484e-02  -3.8057622e-08   1.6941476e-07   1.2118672e-03  -4.7790727e-04  -1.5262981e-09   5.0717356e-02   5.0640474e-02  -2.3407484e-02  -2.0631004e-02   1.6941476e-07  -3.6013776e-08
   5.0717356e-02   5.0640474e-02  -2.3407484e-02  -2.0631004e-02   1.6941476e-07  -3.6013776e-08   1.2017559e-03  -4.1171987e-04  -2.5807706e-09   5.0640474e-02   5.0246392e-02  -2.0631004e-02  -1.7850294e-02  -3.6013776e-08  -6.0894587e-08
   5.0640474e-02   5.0246392e-02  -2.0631004e-02  -1.7850294e-02  -3.6013776e-08  -6.0894587e-08   1.1860353e-03  -3.4686465e-04   1.3938220e-09   5.0246392e-02   4.9616770e-02  -1.7850294e-02  -1.5122033e-02  -6.0894587e-08   3.2887934e-08
   5.0246392e-02   4.9616770e-02  -1.7850294e-02  -1.5122033e-02  -6.0894587e-08   3.2887934e-08   1.1939126e-03  -2.9122147e-04   5.4205922e-09   4.9616770e-02   4.9977687e-02  -1.5122033e-02  -1.2778077e-02   3.2887934e-08   1.2790161e-07
   4.9616770e-02   4.9977687e-02  -1.5122033e-02  -1.2778077e-02   3.2887934e-08   1.2790161e-07   1.2421622e-03  -2.4419219e-04   3.1828479e-09   4.9977687e-02   5.2029998e-02  -1.2778077e-02  -1.0806821e-02   1.2790161e-07   7.5100907e-08
   4.9977687e-02   5.2029998e-02  -1.2778077e-02  -1.0806821e-02   1.2790161e-07   7.5100907e-08   1.2894470e-03  -1.9302457e-04  -6.5000024e-09   5.2029998e-02   5.4037683e-02  -1.0806821e-02  -8.6803995e-03   7.5100907e-08  -1.5337084e-07
   5.2029998e-02   5.4037683e-02  -1.0806821e-02  -8.6803995e-03   7.5100907e-08  -1.5337084e-07   1.3331844e-03  -1.3788271e-04  -1.6517933e-09   5.4037683e-02   5.5898085e-02  -8.6803995e-03  -6.3865757e-03  -1.5337084e-07  -3.8974899e-08
   5.4037683e-02   5.5898085e-02  -8.6803995e-03  -6.3865757e-03  -1.5337084e-07  -3.8974899e-08   1.3706013e-03  -7.8910144e-05   6.7634905e-09   5.5898085e-02   5.7494876e-02  -6.3865757e-03  -3.9302246e-03  -3.8974899e-08   1.5958798e-07
   5.5898085e-02   5.7494876e-02  -6.3865757e-03  -3.9302246e-03  -3.8974899e-08   1.5958798e-07   1.3986523e-03  -1.6711356e-05   6.5829494e-09   5.7494876e-02   5.8700085e-02  -3.9302246e-03  -1.3354633e-03   1.5958798e-07   1.5532802e-07
   5.7494876e-02   5.8700085e-02  -3.9302246e-03  -1.3354633e-03   1.5958798e-07   1.5532802e-07   1.4145986e-03   4.7573409e-05   1.6972649e-09   5.8700085e-02   5.9398426e-02  -1.3354633e-03   1.3512153e-03   1.5532802e-07   4.0047823e-08
   5.8700085e-02   5.9398426e-02  -1.3354633e-03   1.3512153e-03   1.5532802e-07   4.0047823e-08   1.4163579e-03   1.1242491e-04   2.4564347e-09   5.9398426e-02   5.9501921e-02   1.3512153e-03   4.0672776e-03   4.0047823e-08   5.7960818e-08
   5.9398426e-02   5.9501921e-02   1.3512153e-03   4.0672776e-03   4.0047823e-08   5.7960818e-08   1.4029065e-03   1.7601254e-04   4.7105115e-09   5.9501921e-02   5.8966894e-02   4.0672776e-03   6.7368182e-03   5.7960818e-08   1.1114690e-07
   5.9501921e-02   5.8966894e-02   4.0672776e-03   6.7368182e-03   5.7960818e-08   1.1114690e-07   1.3746128e-03   2.3655094e-04   3.2820452e-09   5.8966894e-02   5.7807977e-02   6.7368182e-03   9.2853295e-03   1.1114690e-07   7.7441516e-08
   5.8966894e-02   5.7807977e-02   6.7368182e-03   9.2853295e-03   1.1114690e-07   7.7441516e-08   1.3330861e-03   2.9254102e-04   6.2770279e-09   5.7807977e-02   5.6091941e-02   9.2853295e-03   1.1649682e-02   7.7441516e-08   1.4810965e-07
   5.7807977e-02   5.6091941e-02   9.2853295e-03   1.1649682e-02   7.7441516e-08   1.4810965e-07   1.2809834e-03   3.4299590e-04   1.1591562e-09   5.6091941e-02   5.3929680e-02   1.1649682e-02   1.3787701e-02   1.4810965e-07   2.7350878e-08
   5.6091941e-02   5.3929680e-02   1.1649682e-02   1.3787701e-02   1.4810965e-07   2.7350878e-08   1.2215063e-03   3.8752966e-04  -6.2491305e-09   5.3929680e-02   5.1455203e-02   1.3787701e-02   1.5681942e-02   2.7350878e-08  -1.4745139e-07
   5.3929680e-02   5.1455203e-02   1.3787701e-02   1.5681942e-02   2.7350878e-08  -1.4745139e-07   1.1579056e-03   4.2632039e-04  -5.0883366e-09   5.1455203e-02   4.8804852e-02   1.5681942e-02   1.7338414e-02  -1.4745139e-07  -1.2006187e-07
   5.1455203e-02   4.8804852e-02   1.5681942e-02   1.7338414e-02  -1.4745139e-07  -1.2006187e-07   1.1474266e-03   4.8213944e-04  -2.9392358e-09   4.8804852e-02   4.8382990e-02   1.7338414e-02   1.9712023e-02  -1.2006187e-07  -6.9352754e-08
   4.8804852e-02   4.8382990e-02   1.7338414e-02   1.9712023e-02  -1.2006187e-07  -6.9352754e-08   1.1738111e-03   5.5683727e-04  -1.0718075e-09   4.8382990e-02   4.9517293e-02   1.9712023e-02   2.2853982e-02  -6.9352754e-08  -2.5289839e-08
   4.8382990e-02   4.9517293e-02   1.9712023e-02   2.2853982e-02  -6.9352754e-08  -2.5289839e-08   1.1991502e-03   6.3723730e-04   7.8265470e-10   4.9517293e-02   5.0616158e-02   2.2853982e-02   2.6218285e-02  -2.5289839e-08   1.8467133e-08
   4.9517293e-02   5.0616158e-02   2.2853982e-02   2.6218285e-02  -2.5289839e-08   1.8467133e-08   1.2205481e-03   7.2171100e-04  -1.8140945e-09   5.0616158e-02   5.1551947e-02   2.6218285e-02   2.9754073e-02   1.8467133e-08  -4.2804476e-08
   5.0616158e-02   5.1551947e-02   2.6218285e-02   2.9754073e-02   1.8467133e-08  -4.2804476e-08   1.2342056e-03   8.0785971e-04  -3.4848335e-09   5.1551947e-02   5.2164525e-02   2.9754073e-02   3.3362004e-02  -4.2804476e-08  -8.2226408e-08
   5.1551947e-02   5.2164525e-02   2.9754073e-02   3.3362004e-02  -4.2804476e-08  -8.2226408e-08   1.2358767e-03   8.9201892e-04  -6.8363073e-09   5.2164525e-02   5.2274472e-02   3.3362004e-02   3.6889938e-02  -8.2226408e-08  -1.6130613e-07
   5.2164525e-02   5.2274472e-02   3.3362004e-02   3.6889938e-02  -8.2226408e-08  -1.6130613e-07   1.2214463e-03   9.6938522e-04   1.8230782e-09   5.2274472e-02   5.1707275e-02   3.6889938e-02   4.0138108e-02  -1.6130613e-07   4.3016452e-08
   5.2274472e-02   5.1707275e-02   3.6889938e-02   4.0138108e-02  -1.6130613e-07   4.3016452e-08   1.1878183e-03   1.0345556e-03   1.2970622e-09   5.1707275e-02   5.0330691e-02   4.0138108e-02   4.2881522e-02   4.3016452e-08   3.0604838e-08
   5.1707275e-02   5.0330691e-02   4.0138108e-02   4.2881522e-02   4.3016452e-08   3.0604838e-08   1.1338732e-03   1.0826011e-03  -6.9571490e-09   5.0330691e-02   4.8095228e-02   4.2881522e-02   4.4914602e-02   3.0604838e-08  -1.6415745e-07
   5.0330691e-02   4.8095228e-02   4.2881522e-02   4.4914602e-02   3.0604838e-08  -1.6415745e-07   1.0610448e-03   1.1100833e-03   1.9737883e-09   4.8095228e-02   4.5058845e-02   4.4914602e-02   4.6093481e-02  -1.6415745e-07   4.6572534e-08
   4.8095228e-02   4.5058845e-02   4.4914602e-02   4.6093481e-02  -1.6415745e-07   4.6572534e-08   9.7321082e-04   1.1162449e-03   5.1597733e-09   4.5058845e-02   4.1382803e-02   4.6093481e-02   4.6385737e-02   4.6572534e-08   1.2174746e-07
   4.5058845e-02   4.1382803e-02   4.6093481e-02   4.6385737e-02   4.6572534e-08   1.2174746e-07   8.7588528e-04   1.1024810e-03  -1.4528329e-09   4.1382803e-02   3.7298348e-02   4.6385737e-02   4.5848168e-02   1.2174746e-07  -3.4280326e-08
   4.1382803e-02   3.7298348e-02   4.6385737e-02   4.5848168e-02   1.2174746e-07  -3.4280326e-08   7.7494797e-04   1.0726352e-03   3.4709641e-09   3.7298348e-02   3.3053063e-02   4.5848168e-02   4.4639650e-02  -3.4280326e-08   8.1899153e-08
   3.7298348e-02   3.3053063e-02   4.5848168e-02   4.4639650e-02  -3.4280326e-08   8.1899153e-08   6.7564301e-04   1.0312171e-03   7.1432509e-09   3.3053063e-02   2.8868933e-02   4.4639650e-02   4.2946874e-02   8.1899153e-08   1.6854862e-07
   3.3053063e-02   2.8868933e-02   4.4639650e-02   4.2946874e-02   8.1899153e-08   1.6854862e-07   6.6197344e-04   1.1149220e-03  -4.0200984e-09   2.8868933e-02   2.8276153e-02   4.2946874e-02   4.6508590e-02   1.6854862e-07  -9.4856254e-08
   2.8868933e-02   2.8276153e-02   4.2946874e-02   4.6508590e-02   1.6854862e-07  -9.4856254e-08   6.7383791e-04   1.2611098e-03  -7.0958120e-09   2.8276153e-02   2.8813720e-02   4.6508590e-02   5.2655007e-02  -9.4856254e-08  -1.6742927e-07
   2.8276153e-02   2.8813720e-02   4.6508590e-02   5.2655007e-02  -9.4856254e-08  -1.6742927e-07   6.9290124e-04   1.4516691e-03   7.0600574e-09   2.8813720e-02   2.9682117e-02   5.2655007e-02   6.0652571e-02  -1.6742927e-07   1.6658562e-07
   2.8813720e-02   2.9682117e-02   5.2655007e-02   6.0652571e-02  -1.6742927e-07   1.6658562e-07   7.2095775e-04   1.7053796e-03   7.0919372e-09   2.9682117e-02   3.0948609e-02   6.0652571e-02   7.1298849e-02   1.6658562e-07   1.6733784e-07
   2.9682117e-02   3.0948609e-02   6.0652571e-02   7.1298849e-02   1.6658562e-07   1.6733784e-07   7.6012937e-04   2.0531689e-03   7.0061870e-10   3.0948609e-02   3.2711137e-02   7.1298849e-02   8.5892046e-02   1.6733784e-07   1.6531452e-08
   3.0948609e-02   3.2711137e-02   7.1298849e-02   8.5892046e-02   1.6733784e-07   1.6531452e-08   8.1383094e-04   2.5475427e-03   4.1903952e-10   3.2711137e-02   3.5127429e-02   8.5892046e-02   1.0663632e-01   1.6531452e-08   9.8874495e-09
