   0.0000000e+00   0.0000000e+00   0.0000000e+00   0.0000000e+00   0.0000000e+00   0.0000000e+00  -1.2793089e-03  -8.9525585e-04  -7.0402546e-09   0.0000000e+00  -5.3730973e-02   0.0000000e+00  -3.7600746e-02   0.0000000e+00  -1.6611837e-07
   0.0000000e+00  -5.3730973e-02   0.0000000e+00  -3.7600746e-02   0.0000000e+00  -1.6611837e-07  -1.2694456e-03  -9.7333921e-04   2.8473352e-09  -5.3730973e-02  -5.3731082e-02  -3.7600746e-02  -4.0288125e-02  -1.6611837e-07   6.7184313e-08
  -5.3730973e-02  -5.3731082e-02  -3.7600746e-02  -4.0288125e-02  -1.6611837e-07   6.7184313e-08  -1.2687391e-03  -1.0373178e-03  -6.9729241e-09  -5.3731082e-02  -5.3731014e-02  -4.0288125e-02  -4.2975233e-02   6.7184313e-08  -1.6452967e-07
  -5.3731082e-02  -5.3731014e-02  -4.0288125e-02  -4.2975233e-02   6.7184313e-08  -1.6452967e-07  -1.2680340e-03  -1.1013132e-03   7.0369580e-09  -5.3731014e-02  -5.3731020e-02  -4.2975233e-02  -4.5663034e-02  -1.6452967e-07   1.6604058e-07
  -5.3731014e-02  -5.3731020e-02  -4.2975233e-02  -4.5663034e-02  -1.6452967e-07   1.6604058e-07  -1.2673288e-03  -1.1653183e-03  -7.0123194e-09  -5.3731020e-02  -5.3731009e-02  -4.5663034e-02  -4.8351259e-02   1.6604058e-07  -1.6545922e-07
  -5.3731020e-02  -5.3731009e-02  -4.5663034e-02  -4.8351259e-02   1.6604058e-07  -1.6545922e-07  -1.2666223e-03  -1.2293306e-03  -7.1174306e-09  -5.3731009e-02  -5.3730976e-02  -4.8351259e-02  -5.1039761e-02  -1.6545922e-07  -1.6793937e-07
  -5.3731009e-02  -5.3730976e-02  -4.8351259e-02  -5.1039761e-02  -1.6545922e-07  -1.6793937e-07  -1.2659171e-03  -1.2933494e-03  -7.0878583e-09  -5.3730976e-02  -5.3730983e-02  -5.1039761e-02  -5.3728553e-02  -1.6793937e-07  -1.6724160e-07
  -5.3730976e-02  -5.3730983e-02  -5.1039761e-02  -5.3728553e-02  -1.6793937e-07  -1.6724160e-07  -1.2652121e-03  -1.3573801e-03  -7.0709912e-09  -5.3730983e-02  -5.3731003e-02  -5.3728553e-02  -5.6417841e-02  -1.6724160e-07  -1.6684361e-07
  -5.3730983e-02  -5.3731003e-02  -5.3728553e-02  -5.6417841e-02  -1.6724160e-07  -1.6684361e-07  -1.2645025e-03  -1.4214199e-03   7.1429297e-09  -5.3731003e-02  -5.3730838e-02  -5.6417841e-02  -5.9107513e-02  -1.6684361e-07   1.6854104e-07
  -5.3731003e-02  -5.3730838e-02  -5.6417841e-02  -5.9107513e-02  -1.6684361e-07   1.6854104e-07  -1.2637985e-03  -1.4854689e-03  -7.0697939e-09  -5.3730838e-02  -5.3730894e-02  -5.9107513e-02  -6.1797589e-02   1.6854104e-07  -1.6681536e-07
  -5.3730838e-02  -5.3730894e-02  -5.9107513e-02  -6.1797589e-02   1.6854104e-07  -1.6681536e-07  -1.2630966e-03  -1.5495018e-03  -1.7271766e-09  -5.3730894e-02  -5.3731074e-02  -6.1797589e-02  -6.4486953e-02  -1.6681536e-07  -4.0753605e-08
  -5.3730894e-02  -5.3731074e-02  -6.1797589e-02  -6.4486953e-02  -1.6681536e-07  -4.0753605e-08  -1.2623872e-03  -1.6136072e-03  -7.2822688e-09  -5.3731074e-02  -5.3730911e-02  -6.4486953e-02  -6.7179385e-02  -4.0753605e-08  -1.7182882e-07
  -5.3731074e-02  -5.3730911e-02  -6.4486953e-02  -6.7179385e-02  -4.0753605e-08  -1.7182882e-07  -1.2616769e-03  -1.6777028e-03   2.2914403e-09  -5.3730911e-02  -5.3730755e-02  -6.7179385e-02  -6.9871397e-02  -1.7182882e-07   5.4067693e-08
  -5.3730911e-02  -5.3730755e-02  -6.7179385e-02  -6.9871397e-02  -1.7182882e-07   5.4067693e-08  -1.2609764e-03  -1.7417763e-03   4.9568946e-09  -5.3730755e-02  -5.3730990e-02  -6.9871397e-02  -7.2562493e-02   5.4067693e-08   1.1696043e-07
  -5.3730755e-02  -5.3730990e-02  -6.9871397e-02  -7.2562493e-02   5.4067693e-08   1.1696043e-07  -1.2602680e-03  -1.8058902e-03   3.4768717e-09  -5.3730990e-02  -5.3730888e-02  -7.2562493e-02  -7.5255276e-02   1.1696043e-07   8.2038546e-08
  -5.3730990e-02  -5.3730888e-02  -7.2562493e-02  -7.5255276e-02   1.1696043e-07   8.2038546e-08  -1.2595622e-03  -1.8700075e-03  -2.4521306e-09  -5.3730888e-02  -5.3730922e-02  -7.5255276e-02  -7.7948205e-02   8.2038546e-08  -5.7859261e-08
  -5.3730888e-02  -5.3730922e-02  -7.5255276e-02  -7.7948205e-02   8.2038546e-08  -5.7859261e-08  -1.2588672e-03  -1.9341060e-03   7.4973315e-10  -5.3730922e-02  -5.3731414e-02  -7.7948205e-02  -8.0640333e-02  -5.7859261e-08   1.7690333e-08
  -5.3730922e-02  -5.3731414e-02  -7.7948205e-02  -8.0640333e-02  -5.7859261e-08   1.7690333e-08  -1.2581458e-03  -1.9982931e-03   4.3828158e-09  -5.3731414e-02  -5.3730779e-02  -8.0640333e-02  -8.3336190e-02   1.7690333e-08   1.0341475e-07
  -5.3731414e-02  -5.3730779e-02  -8.0640333e-02  -8.3336190e-02   1.7690333e-08   1.0341475e-07  -1.2574433e-03  -2.0624458e-03   7.3700244e-09  -5.3730779e-02  -5.3730977e-02  -8.3336190e-02  -8.6030614e-02   1.0341475e-07   1.7389945e-07
  -5.3730779e-02  -5.3730977e-02  -8.3336190e-02  -8.6030614e-02   1.0341475e-07   1.7389945e-07  -1.2567366e-03  -2.1266228e-03   7.1745725e-09  -5.3730977e-02  -5.3730984e-02  -8.6030614e-02  -8.8726051e-02   1.7389945e-07   1.6928767e-07
  -5.3730977e-02  -5.3730984e-02  -8.6030614e-02  -8.8726051e-02   1.7389945e-07   1.6928767e-07  -1.2560348e-03  -2.1908017e-03   6.7671121e-10  -5.3730984e-02  -5.3731210e-02  -8.8726051e-02  -9.1421562e-02   1.6928767e-07   1.5967343e-08
  -5.3730984e-02  -5.3731210e-02  -8.8726051e-02  -9.1421562e-02   1.6928767e-07   1.5967343e-08  -1.2553251e-03  -2.2550161e-03  -1.1555891e-10  -5.3731210e-02  -5.3731118e-02  -9.1421562e-02  -9.4118560e-02   1.5967343e-08  -2.7266708e-09
  -5.3731210e-02  -5.3731118e-02  -9.1421562e-02  -9.4118560e-02   1.5967343e-08  -2.7266708e-09  -1.2546142e-03  -2.3192483e-03   7.3168064e-09  -5.3731118e-02  -5.3730981e-02  -9.4118560e-02  -9.6816312e-02  -2.7266708e-09   1.7264375e-07
  -5.3731118e-02  -5.3730981e-02  -9.4118560e-02  -9.6816312e-02  -2.7266708e-09   1.7264375e-07  -1.2539086e-03  -2.3834884e-03   7.2630125e-09  -5.3730981e-02  -5.3731065e-02  -9.6816312e-02  -9.9514406e-02   1.7264375e-07   1.7137445e-07
  -5.3730981e-02  -5.3731065e-02  -9.6816312e-02  -9.9514406e-02   1.7264375e-07   1.7137445e-07  -1.2531986e-03  -2.4477487e-03   7.3087699e-09  -5.3731065e-02  -5.3730978e-02  -9.9514406e-02  -1.0221334e-01   1.7137445e-07   1.7245412e-07
  -5.3731065e-02  -5.3730978e-02  -9.9514406e-02  -1.0221334e-01   1.7137445e-07   1.7245412e-07  -1.2524903e-03  -2.5120264e-03   7.3074231e-09  -5.3730978e-02  -5.3730972e-02  -1.0221334e-01  -1.0491300e-01   1.7245412e-07   1.7242234e-07
  -5.3730978e-02  -5.3730972e-02  -1.0221334e-01  -1.0491300e-01   1.7245412e-07   1.7242234e-07  -1.2517820e-03  -2.5763198e-03  -7.2642742e-09  -5.3730972e-02  -5.3730973e-02  -1.0491300e-01  -1.0761333e-01   1.7242234e-07  -1.7140422e-07
  -5.3730972e-02  -5.3730973e-02  -1.0491300e-01  -1.0761333e-01   1.7242234e-07  -1.7140422e-07  -1.2510729e-03  -2.6406334e-03   7.2507939e-09  -5.3730973e-02  -5.3730976e-02  -1.0761333e-01  -1.1031448e-01  -1.7140422e-07   1.7108615e-07
  -5.3730973e-02  -5.3730976e-02  -1.0761333e-01  -1.1031448e-01  -1.7140422e-07   1.7108615e-07  -1.2503632e-03  -2.7049658e-03   7.2342773e-09  -5.3730976e-02  -5.3730904e-02  -1.1031448e-01  -1.1301645e-01   1.7108615e-07   1.7069643e-07
  -5.3730976e-02  -5.3730904e-02  -1.1031448e-01  -1.1301645e-01   1.7108615e-07   1.7069643e-07  -1.2496639e-03  -2.7693037e-03   8.8180083e-10  -5.3730904e-02  -5.3731310e-02  -1.1301645e-01  -1.1571865e-01   1.7069643e-07   2.0806536e-08
  -5.3730904e-02  -5.3731310e-02  -1.1301645e-01  -1.1571865e-01   1.7069643e-07   2.0806536e-08  -1.2489447e-03  -2.8336954e-03   6.1698368e-09  -5.3731310e-02  -5.3730896e-02  -1.1571865e-01  -1.1842309e-01   2.0806536e-08   1.4558042e-07
  -5.3731310e-02  -5.3730896e-02  -1.1571865e-01  -1.1842309e-01   2.0806536e-08   1.4558042e-07  -1.2482367e-03  -2.8980871e-03   4.6022796e-09  -5.3730896e-02  -5.3730951e-02  -1.1842309e-01  -1.2112755e-01   1.4558042e-07   1.0859311e-07
  -5.3730896e-02  -5.3730951e-02  -1.1842309e-01  -1.2112755e-01   1.4558042e-07   1.0859311e-07  -1.2475197e-03  -2.9625132e-03   1.0724095e-08  -5.3730951e-02  -5.3730644e-02  -1.2112755e-01  -1.2383345e-01   1.0859311e-07   2.5304044e-07
  -5.3730951e-02  -5.3730644e-02  -1.2112755e-01  -1.2383345e-01   1.0859311e-07   2.5304044e-07  -1.2468178e-03  -3.0269361e-03  -6.7656932e-09  -5.3730644e-02  -5.3730968e-02  -1.2383345e-01  -1.2653921e-01   2.5304044e-07  -1.5963995e-07
  -5.3730644e-02  -5.3730968e-02  -1.2383345e-01  -1.2653921e-01   2.5304044e-07  -1.5963995e-07  -1.2460907e-03  -3.0914228e-03  -1.0308706e-09  -5.3730968e-02  -5.3730285e-02  -1.2653921e-01  -1.2924764e-01  -1.5963995e-07  -2.4323913e-08
  -5.3730968e-02  -5.3730285e-02  -1.2653921e-01  -1.2924764e-01  -1.5963995e-07  -2.4323913e-08  -1.2453701e-03  -3.1559206e-03  -8.1509897e-09  -5.3730285e-02  -5.3729856e-02  -1.2924764e-01  -1.3195656e-01  -2.4323913e-08  -1.9232672e-07
  -5.3730285e-02  -5.3729856e-02  -1.2924764e-01  -1.3195656e-01  -2.4323913e-08  -1.9232672e-07  -1.2446851e-03  -3.2203809e-03  -7.2269152e-09  -5.3729856e-02  -5.3730954e-02  -1.3195656e-01  -1.3466389e-01  -1.9232672e-07  -1.7052272e-07
  -5.3729856e-02  -5.3730954e-02  -1.3195656e-01  -1.3466389e-01  -1.9232672e-07  -1.7052272e-07  -1.2439564e-03  -3.2849427e-03  -9.4536049e-10  -5.3730954e-02  -5.3730184e-02  -1.3466389e-01  -1.3737547e-01  -1.7052272e-07  -2.2306259e-08
  -5.3730954e-02  -5.3730184e-02  -1.3466389e-01  -1.3737547e-01  -1.7052272e-07  -2.2306259e-08  -1.2432674e-03  -3.3494558e-03  -1.3586402e-11  -5.3730184e-02  -5.3731111e-02  -1.3737547e-01  -1.4008504e-01  -2.2306259e-08  -3.2057802e-10
  -5.3730184e-02  -5.3731111e-02  -1.3737547e-01  -1.4008504e-01  -2.2306259e-08  -3.2057802e-10  -1.2425453e-03  -3.4140505e-03   4.1902179e-11  -5.3731111e-02  -5.3730638e-02  -1.4008504e-01  -1.4279801e-01  -3.2057802e-10   9.8870310e-10
  -5.3731111e-02  -5.3730638e-02  -1.4008504e-01  -1.4279801e-01  -3.2057802e-10   9.8870310e-10  -1.2418411e-03  -3.4786408e-03   7.3818552e-09  -5.3730638e-02  -5.3730960e-02  -1.4279801e-01  -1.4551080e-01   9.8870310e-10   1.7417861e-07
  -5.3730638e-02  -5.3730960e-02  -1.4279801e-01  -1.4551080e-01   9.8870310e-10   1.7417861e-07  -1.2411299e-03  -3.5432693e-03   7.3241274e-09  -5.3730960e-02  -5.3730963e-02  -1.4551080e-01  -1.4822520e-01   1.7417861e-07   1.7281649e-07
  -5.3730960e-02  -5.3730963e-02  -1.4551080e-01  -1.4822520e-01   1.7417861e-07   1.7281649e-07  -1.2404175e-03  -3.6079226e-03   7.2118440e-09  -5.3730963e-02  -5.3730956e-02  -1.4822520e-01  -1.5094064e-01   1.7281649e-07   1.7016711e-07
  -5.3730963e-02  -5.3730956e-02  -1.4822520e-01  -1.5094064e-01   1.7281649e-07   1.7016711e-07  -1.2397129e-03  -3.6725917e-03   1.0004454e-09  -5.3730956e-02  -5.3731287e-02  -1.5094064e-01  -1.5365674e-01   1.7016711e-07   2.3606016e-08
  -5.3730956e-02  -5.3731287e-02  -1.5094064e-01  -1.5365674e-01   1.7016711e-07   2.3606016e-08  -1.2390028e-03  -3.7372956e-03   7.5877623e-10  -5.3731287e-02  -5.3731413e-02  -1.5365674e-01  -1.5637430e-01   2.3606016e-08   1.7903709e-08
  -5.3731287e-02  -5.3731413e-02  -1.5365674e-01  -1.5637430e-01   2.3606016e-08   1.7903709e-08  -1.2382711e-03  -3.8020595e-03  -3.2529869e-09  -5.3731413e-02  -5.3730627e-02  -1.5637430e-01  -1.5909438e-01   1.7903709e-08  -7.6755870e-08
  -5.3731413e-02  -5.3730627e-02  -1.5637430e-01  -1.5909438e-01   1.7903709e-08  -7.6755870e-08  -1.2375648e-03  -3.8668115e-03   7.0281021e-09  -5.3730627e-02  -5.3730953e-02  -1.5909438e-01  -1.6181397e-01  -7.6755870e-08   1.6583162e-07
  -5.3730627e-02  -5.3730953e-02  -1.5909438e-01  -1.6181397e-01  -7.6755870e-08   1.6583162e-07  -1.2368316e-03  -3.9316348e-03  -4.1929819e-09  -5.3730953e-02  -5.3730097e-02  -1.6181397e-01  -1.6453655e-01   1.6583162e-07  -9.8935529e-08
  -5.3730953e-02  -5.3730097e-02  -1.6181397e-01  -1.6453655e-01   1.6583162e-07  -9.8935529e-08  -1.2361371e-03  -3.9964281e-03   7.1715136e-09  -5.3730097e-02  -5.3730963e-02  -1.6453655e-01  -1.6725787e-01  -9.8935529e-08   1.6921549e-07
  -5.3730097e-02  -5.3730963e-02  -1.6453655e-01  -1.6725787e-01  -9.8935529e-08   1.6921549e-07  -1.2354238e-03  -4.0612786e-03   7.2405963e-09  -5.3730963e-02  -5.3730960e-02  -1.6725787e-01  -1.6998159e-01   1.6921549e-07   1.7084553e-07
  -5.3730963e-02  -5.3730960e-02  -1.6725787e-01  -1.6998159e-01   1.6921549e-07   1.7084553e-07  -1.2347094e-03  -4.1261604e-03   7.2821623e-09  -5.3730960e-02  -5.3730970e-02  -1.6998159e-01  -1.7270663e-01   1.7084553e-07   1.7182630e-07
  -5.3730960e-02  -5.3730970e-02  -1.6998159e-01  -1.7270663e-01   1.7084553e-07   1.7182630e-07  -1.2339941e-03  -4.1910741e-03   7.2965442e-09  -5.3730970e-02  -5.3730955e-02  -1.7270663e-01  -1.7543300e-01   1.7182630e-07   1.7216565e-07
  -5.3730970e-02  -5.3730955e-02  -1.7270663e-01  -1.7543300e-01   1.7182630e-07   1.7216565e-07  -1.2332784e-03  -4.2560194e-03   7.3234892e-09  -5.3730955e-02  -5.3730943e-02  -1.7543300e-01  -1.7816071e-01   1.7216565e-07   1.7280143e-07
  -5.3730955e-02  -5.3730943e-02  -1.7543300e-01  -1.7816071e-01   1.7216565e-07   1.7280143e-07  -1.2325571e-03  -4.3210030e-03  -7.0352870e-09  -5.3730943e-02  -5.3730707e-02  -1.7816071e-01  -1.8089002e-01   1.7280143e-07  -1.6600115e-07
  -5.3730943e-02  -5.3730707e-02  -1.7816071e-01  -1.8089002e-01   1.7280143e-07  -1.6600115e-07  -1.2318432e-03  -4.3860080e-03  -1.4025884e-09  -5.3730707e-02  -5.3730845e-02  -1.8089002e-01  -1.8362022e-01  -1.6600115e-07  -3.3094782e-08
  -5.3730707e-02  -5.3730845e-02  -1.8089002e-01  -1.8362022e-01  -1.6600115e-07  -3.3094782e-08  -1.2311294e-03  -4.4510466e-03   2.2486955e-09  -5.3730845e-02  -5.3730934e-02  -1.8362022e-01  -1.8635184e-01  -3.3094782e-08   5.3059107e-08
  -5.3730845e-02  -5.3730934e-02  -1.8362022e-01  -1.8635184e-01  -3.3094782e-08   5.3059107e-08  -1.2304132e-03  -4.5161209e-03  -7.3387550e-09  -5.3730934e-02  -5.3730945e-02  -1.8635184e-01  -1.8908497e-01   5.3059107e-08  -1.7316163e-07
  -5.3730934e-02  -5.3730945e-02  -1.8635184e-01  -1.8908497e-01   5.3059107e-08  -1.7316163e-07  -1.2297120e-03  -4.5812077e-03   1.4710360e-09  -5.3730945e-02  -5.3731646e-02  -1.8908497e-01  -1.9181860e-01  -1.7316163e-07   3.4709838e-08
  -5.3730945e-02  -5.3731646e-02  -1.8908497e-01  -1.9181860e-01  -1.7316163e-07   3.4709838e-08  -1.2289920e-03  -4.6463569e-03  -1.8947827e-09  -5.3731646e-02  -5.3731501e-02  -1.9181860e-01  -1.9455487e-01   3.4709838e-08  -4.4708356e-08
  -5.3731646e-02  -5.3731501e-02  -1.9181860e-01  -1.9455487e-01   3.4709838e-08  -4.4708356e-08  -1.2282600e-03  -4.7115549e-03  -6.1683966e-09  -5.3731501e-02  -5.3730922e-02  -1.9455487e-01  -1.9729318e-01  -4.4708356e-08  -1.4554644e-07
  -5.3731501e-02  -5.3730922e-02  -1.9455487e-01  -1.9729318e-01  -4.4708356e-08  -1.4554644e-07  -1.2275418e-03  -4.7767695e-03   7.4142381e-09  -5.3730922e-02  -5.3730950e-02  -1.9729318e-01  -2.0003220e-01  -1.4554644e-07   1.7494270e-07
  -5.3730922e-02  -5.3730950e-02  -1.9729318e-01  -2.0003220e-01  -1.4554644e-07   1.7494270e-07  -1.2268391e-03  -4.8420016e-03  -1.9553793e-09  -5.3730950e-02  -5.3731570e-02  -2.0003220e-01  -2.0277196e-01   1.7494270e-07  -4.6138164e-08
  -5.3730950e-02  -5.3731570e-02  -2.0003220e-01  -2.0277196e-01   1.7494270e-07  -4.6138164e-08  -1.2261040e-03  -4.9073089e-03   1.4215172e-09  -5.3731570e-02  -5.3730921e-02  -2.0277196e-01  -2.0551485e-01  -4.6138164e-08   3.3541417e-08
  -5.3731570e-02  -5.3730921e-02  -2.0277196e-01  -2.0551485e-01  -4.6138164e-08   3.3541417e-08  -1.2253851e-03  -4.9726333e-03   7.4143361e-09  -5.3730921e-02  -5.3730941e-02  -2.0551485e-01  -2.0825848e-01   3.3541417e-08   1.7494501e-07
  -5.3730921e-02  -5.3730941e-02  -2.0551485e-01  -2.0825848e-01   3.3541417e-08   1.7494501e-07  -1.2246659e-03  -5.0379955e-03   7.3211863e-09  -5.3730941e-02  -5.3730949e-02  -2.0825848e-01  -2.1100370e-01   1.7494501e-07   1.7274709e-07
  -5.3730941e-02  -5.3730949e-02  -2.0825848e-01  -2.1100370e-01   1.7494501e-07   1.7274709e-07  -1.2239454e-03  -5.1033979e-03   7.3574431e-09  -5.3730949e-02  -5.3730940e-02  -2.1100370e-01  -2.1375060e-01   1.7274709e-07   1.7360259e-07
  -5.3730949e-02  -5.3730940e-02  -2.1100370e-01  -2.1375060e-01   1.7274709e-07   1.7360259e-07  -1.2232306e-03  -5.1688307e-03   1.1808276e-09  -5.3730940e-02  -5.3731187e-02  -2.1375060e-01  -2.1649878e-01   1.7360259e-07   2.7862225e-08
  -5.3730940e-02  -5.3731187e-02  -2.1375060e-01  -2.1649878e-01   1.7360259e-07   2.7862225e-08  -1.2225014e-03  -5.2343213e-03  -1.5123294e-09  -5.3731187e-02  -5.3730869e-02  -2.1649878e-01  -2.1924938e-01   2.7862225e-08  -3.5684176e-08
  -5.3731187e-02  -5.3730869e-02  -2.1649878e-01  -2.1924938e-01   2.7862225e-08  -3.5684176e-08  -1.2217751e-03  -5.2998473e-03  -8.5246571e-09  -5.3730869e-02  -5.3730690e-02  -2.1924938e-01  -2.2200147e-01  -3.5684176e-08  -2.0114359e-07
  -5.3730869e-02  -5.3730690e-02  -2.1924938e-01  -2.2200147e-01  -3.5684176e-08  -2.0114359e-07  -1.2210735e-03  -5.3653801e-03  -2.2695161e-10  -5.3730690e-02  -5.3731578e-02  -2.2200147e-01  -2.2475384e-01  -2.0114359e-07  -5.3550381e-09
  -5.3730690e-02  -5.3731578e-02  -2.2200147e-01  -2.2475384e-01  -2.0114359e-07  -5.3550381e-09  -1.2203328e-03  -5.4310088e-03  -7.0274016e-09  -5.3731578e-02  -5.3730766e-02  -2.2475384e-01  -2.2751025e-01  -5.3550381e-09  -1.6581509e-07
  -5.3731578e-02  -5.3730766e-02  -2.2475384e-01  -2.2751025e-01  -5.3550381e-09  -1.6581509e-07  -1.2196132e-03  -5.4966479e-03   7.4115163e-09  -5.3730766e-02  -5.3730947e-02  -2.2751025e-01  -2.3026709e-01  -1.6581509e-07   1.7487847e-07
  -5.3730766e-02  -5.3730947e-02  -2.2751025e-01  -2.3026709e-01  -1.6581509e-07   1.7487847e-07  -1.2188911e-03  -5.5623335e-03  -7.3110920e-09  -5.3730947e-02  -5.3730936e-02  -2.3026709e-01  -2.3302590e-01   1.7487847e-07  -1.7250891e-07
  -5.3730947e-02  -5.3730936e-02  -2.3026709e-01  -2.3302590e-01   1.7487847e-07  -1.7250891e-07  -1.2181665e-03  -5.6280627e-03   3.0958220e-10  -5.3730936e-02  -5.3730972e-02  -2.3302590e-01  -2.3578651e-01  -1.7250891e-07   7.3047486e-09
  -5.3730936e-02  -5.3730972e-02  -2.3302590e-01  -2.3578651e-01  -1.7250891e-07   7.3047486e-09  -1.2174507e-03  -5.6938266e-03   1.3102187e-09  -5.3730972e-02  -5.3731295e-02  -2.3578651e-01  -2.3854860e-01   7.3047486e-09   3.0915274e-08
  -5.3730972e-02  -5.3731295e-02  -2.3578651e-01  -2.3854860e-01   7.3047486e-09   3.0915274e-08  -1.2167173e-03  -5.7596546e-03   6.8667495e-09  -5.3731295e-02  -5.3730928e-02  -2.3854860e-01  -2.4131338e-01   3.0915274e-08   1.6202443e-07
  -5.3731295e-02  -5.3730928e-02  -2.3854860e-01  -2.4131338e-01   3.0915274e-08   1.6202443e-07  -1.2160143e-03  -5.8254890e-03   2.7463822e-10  -5.3730928e-02  -5.3731845e-02  -2.4131338e-01  -2.4407843e-01   1.6202443e-07   6.4802277e-09
  -5.3730928e-02  -5.3731845e-02  -2.4131338e-01  -2.4407843e-01   1.6202443e-07   6.4802277e-09  -1.2152663e-03  -5.8914251e-03   7.2485323e-09  -5.3731845e-02  -5.3730929e-02  -2.4407843e-01  -2.4684773e-01   6.4802277e-09   1.7103278e-07
  -5.3731845e-02  -5.3730929e-02  -2.4407843e-01  -2.4684773e-01   6.4802277e-09   1.7103278e-07  -1.2145151e-03  -5.9574111e-03  -7.4161885e-10  -5.3730929e-02  -5.3729865e-02  -2.4684773e-01  -2.4961916e-01   1.7103278e-07  -1.7498872e-08
  -5.3730929e-02  -5.3729865e-02  -2.4684773e-01  -2.4961916e-01   1.7103278e-07  -1.7498872e-08  -1.2138161e-03  -6.0233741e-03   2.7909940e-10  -5.3729865e-02  -5.3731083e-02  -2.4961916e-01  -2.5238961e-01  -1.7498872e-08   6.5854914e-09
  -5.3729865e-02  -5.3731083e-02  -2.4961916e-01  -2.5238961e-01  -1.7498872e-08   6.5854914e-09  -1.2130855e-03  -6.0894269e-03  -7.9855329e-09  -5.3731083e-02  -5.3730925e-02  -2.5238961e-01  -2.5516381e-01   6.5854914e-09  -1.8842269e-07
  -5.3731083e-02  -5.3730925e-02  -2.5238961e-01  -2.5516381e-01   6.5854914e-09  -1.8842269e-07  -1.2123615e-03  -6.1555161e-03  -3.1905539e-10  -5.3730925e-02  -5.3731126e-02  -2.5516381e-01  -2.5793955e-01  -1.8842269e-07  -7.5282733e-09
  -5.3730925e-02  -5.3731126e-02  -2.5516381e-01  -2.5793955e-01  -1.8842269e-07  -7.5282733e-09  -1.2116032e-03  -6.2217003e-03  -9.8576441e-09  -5.3731126e-02  -5.3729828e-02  -2.5793955e-01  -2.6071930e-01  -7.5282733e-09  -2.3259610e-07
  -5.3731126e-02  -5.3729828e-02  -2.5793955e-01  -2.6071930e-01  -7.5282733e-09  -2.3259610e-07  -1.2108979e-03  -6.2878604e-03   1.2837010e-10  -5.3729828e-02  -5.3730885e-02  -2.6071930e-01  -2.6349802e-01  -2.3259610e-07   3.0289574e-09
  -5.3729828e-02  -5.3730885e-02  -2.6071930e-01  -2.6349802e-01  -2.3259610e-07   3.0289574e-09  -1.2101278e-03  -6.3541567e-03   5.5913294e-09  -5.3730885e-02  -5.3729116e-02  -2.6349802e-01  -2.6628247e-01   3.0289574e-09   1.3193025e-07
  -5.3730885e-02  -5.3729116e-02  -2.6349802e-01  -2.6628247e-01   3.0289574e-09   1.3193025e-07  -1.2094197e-03  -6.4204212e-03  -1.0972659e-08  -5.3729116e-02  -5.3730034e-02  -2.6628247e-01  -2.6906560e-01   1.3193025e-07  -2.5890543e-07
  -5.3729116e-02  -5.3730034e-02  -2.6628247e-01  -2.6906560e-01   1.3193025e-07  -2.5890543e-07  -1.2087089e-03  -6.4867395e-03   5.5876536e-09  -5.3730034e-02  -5.3730929e-02  -2.6906560e-01  -2.7185094e-01  -2.5890543e-07   1.3184351e-07
  -5.3730034e-02  -5.3730929e-02  -2.6906560e-01  -2.7185094e-01  -2.5890543e-07   1.3184351e-07  -1.2079763e-03  -6.4867442e-03  -7.1122408e-09  -5.3730929e-02  -5.3730773e-02  -2.7185094e-01  -2.7185115e-01   1.3184351e-07  -1.6781692e-07
  -5.3730929e-02  -5.3730773e-02  -2.7185094e-01  -2.7185115e-01   1.3184351e-07  -1.6781692e-07  -1.2079782e-03  -6.4867389e-03   7.4167721e-09  -5.3730773e-02  -5.3730919e-02  -2.7185115e-01  -2.7185092e-01  -1.6781692e-07   1.7500249e-07
  -5.3730773e-02  -5.3730919e-02  -2.7185115e-01  -2.7185092e-01  -1.6781692e-07   1.7500249e-07  -1.2079663e-03  -6.4867559e-03   2.1541003e-09  -5.3730919e-02  -5.3730344e-02  -2.7185092e-01  -2.7185164e-01   1.7500249e-07   5.0827086e-08
  -5.3730919e-02  -5.3730344e-02  -2.7185092e-01  -2.7185164e-01   1.7500249e-07   5.0827086e-08  -1.2079724e-03  -6.4867473e-03  -1.0078799e-09  -5.3730344e-02  -5.3730635e-02  -2.7185164e-01  -2.7185128e-01   5.0827086e-08  -2.3781435e-08
  -5.3730344e-02  -5.3730635e-02  -2.7185164e-01  -2.7185128e-01   5.0827086e-08  -2.3781435e-08  -1.2079790e-03  -6.4867388e-03   7.4224870e-09  -5.3730635e-02  -5.3730922e-02  -2.7185128e-01  -2.7185092e-01  -2.3781435e-08   1.7513733e-07
  -5.3730635e-02  -5.3730922e-02  -2.7185128e-01  -2.7185092e-01  -2.3781435e-08   1.7513733e-07  -1.2079815e-03  -6.4867380e-03   7.3606448e-09  -5.3730922e-02  -5.3730982e-02  -2.7185092e-01  -2.7185089e-01   1.7513733e-07   1.7367814e-07
  -5.3730922e-02  -5.3730982e-02  -2.7185092e-01  -2.7185089e-01   1.7513733e-07   1.7367814e-07  -1.2079800e-03  -6.4867386e-03   6.8140440e-09  -5.3730982e-02  -5.3730920e-02  -2.7185089e-01  -2.7185091e-01   1.7367814e-07   1.6078081e-07
  -5.3730982e-02  -5.3730920e-02  -2.7185089e-01  -2.7185091e-01   1.7367814e-07   1.6078081e-07  -1.2079798e-03  -6.4867389e-03   7.2714399e-09  -5.3730920e-02  -5.3730913e-02  -2.7185091e-01  -2.7185093e-01   1.6078081e-07   1.7157330e-07
  -5.3730920e-02  -5.3730913e-02  -2.7185091e-01  -2.7185093e-01   1.6078081e-07   1.7157330e-07  -1.2079798e-03  -6.4867384e-03   6.8136190e-09  -5.3730913e-02  -5.3730913e-02  -2.7185093e-01  -2.7185091e-01   1.7157330e-07   1.6077079e-07
  -5.3730913e-02  -5.3730913e-02  -2.7185093e-01  -2.7185091e-01   1.7157330e-07   1.6077079e-07  -2.4909774e-03  -6.4867396e-03   6.9079747e-09  -5.3730913e-02  -1.0761681e-01  -2.7185091e-01  -2.7185095e-01   1.6077079e-07   1.6299716e-07
  -5.3730913e-02  -1.0761681e-01  -2.7185091e-01  -2.7185095e-01   1.6077079e-07   1.6299716e-07  -2.4909770e-03  -6.4345333e-03   6.8349784e-09  -1.0761681e-01  -1.0761680e-01  -2.7185095e-01  -2.6906448e-01   1.6299716e-07   1.6127477e-07
  -1.0761681e-01  -1.0761680e-01  -2.7185095e-01  -2.6906448e-01   1.6299716e-07   1.6127477e-07  -2.4917118e-03  -6.3682423e-03   6.8497385e-09  -1.0761680e-01  -1.0761695e-01  -2.6906448e-01  -2.6628025e-01   1.6127477e-07   1.6162304e-07
  -1.0761680e-01  -1.0761695e-01  -2.6906448e-01  -2.6628025e-01   1.6127477e-07   1.6162304e-07  -2.4924431e-03  -6.3019975e-03   6.8600127e-09  -1.0761695e-01  -1.0761699e-01  -2.6628025e-01  -2.6349797e-01   1.6162304e-07   1.6186547e-07
  -1.0761695e-01  -1.0761699e-01  -2.6628025e-01  -2.6349797e-01   1.6162304e-07   1.6186547e-07  -2.4931734e-03  -6.2358077e-03   6.8737331e-09  -1.0761699e-01  -1.0761700e-01  -2.6349797e-01  -2.6071800e-01   1.6186547e-07   1.6218921e-07
  -1.0761699e-01  -1.0761700e-01  -2.6349797e-01  -2.6071800e-01   1.6186547e-07   1.6218921e-07  -2.4939020e-03  -6.1696624e-03   6.8841487e-09  -1.0761700e-01  -1.0761696e-01  -2.6071800e-01  -2.5793990e-01   1.6218921e-07   1.6243497e-07
  -1.0761700e-01  -1.0761696e-01  -2.6071800e-01  -2.5793990e-01   1.6218921e-07   1.6243497e-07  -2.4946306e-03  -6.1035665e-03   7.2649465e-09  -1.0761696e-01  -1.0761695e-01  -2.5793990e-01  -2.5516387e-01   1.6243497e-07   1.7142009e-07
  -1.0761696e-01  -1.0761695e-01  -2.5793990e-01  -2.5516387e-01   1.6243497e-07   1.7142009e-07  -2.4953589e-03  -6.0375190e-03   7.1113137e-09  -1.0761695e-01  -1.0761695e-01  -2.5516387e-01  -2.5238987e-01   1.7142009e-07   1.6779504e-07
  -1.0761695e-01  -1.0761695e-01  -2.5516387e-01  -2.5238987e-01   1.7142009e-07   1.6779504e-07  -2.4960870e-03  -5.9715185e-03   7.1143695e-09  -1.0761695e-01  -1.0761696e-01  -2.5238987e-01  -2.4961785e-01   1.6779504e-07   1.6786714e-07
  -1.0761695e-01  -1.0761696e-01  -2.5238987e-01  -2.4961785e-01   1.6779504e-07   1.6786714e-07  -2.4968133e-03  -5.9055630e-03   7.2308187e-09  -1.0761696e-01  -1.0761691e-01  -2.4961785e-01  -2.4684772e-01   1.6786714e-07   1.7061482e-07
  -1.0761696e-01  -1.0761691e-01  -2.4961785e-01  -2.4684772e-01   1.6786714e-07   1.7061482e-07  -2.4975426e-03  -5.8396543e-03  -1.5907206e-11  -1.0761691e-01  -1.0761702e-01  -2.4684772e-01  -2.4407955e-01   1.7061482e-07  -3.7533856e-10
  -1.0761691e-01  -1.0761702e-01  -2.4684772e-01  -2.4407955e-01   1.7061482e-07  -3.7533856e-10  -2.4982666e-03  -5.7737946e-03  -7.3786846e-09  -1.0761702e-01  -1.0761695e-01  -2.4407955e-01  -2.4131343e-01  -3.7533856e-10  -1.7410379e-07
  -1.0761702e-01  -1.0761695e-01  -2.4407955e-01  -2.4131343e-01  -3.7533856e-10  -1.7410379e-07  -2.4989915e-03  -5.7079781e-03   7.0347122e-09  -1.0761695e-01  -1.0761695e-01  -2.4131343e-01  -2.3854913e-01  -1.7410379e-07   1.6598759e-07
  -1.0761695e-01  -1.0761695e-01  -2.4131343e-01  -2.3854913e-01  -1.7410379e-07   1.6598759e-07  -2.4997187e-03  -5.6422032e-03   7.2356017e-09  -1.0761695e-01  -1.0761697e-01  -2.3854913e-01  -2.3578661e-01   1.6598759e-07   1.7072768e-07
  -1.0761695e-01  -1.0761697e-01  -2.3854913e-01  -2.3578661e-01   1.6598759e-07   1.7072768e-07  -2.5004434e-03  -5.5764736e-03   7.1569279e-09  -1.0761697e-01  -1.0761696e-01  -2.3578661e-01  -2.3302597e-01   1.7072768e-07   1.6887133e-07
  -1.0761697e-01  -1.0761696e-01  -2.3578661e-01  -2.3302597e-01   1.7072768e-07   1.6887133e-07  -2.5011680e-03  -5.5107867e-03   7.0609316e-09  -1.0761696e-01  -1.0761697e-01  -2.3302597e-01  -2.3026712e-01   1.6887133e-07   1.6660625e-07
  -1.0761696e-01  -1.0761697e-01  -2.3302597e-01  -2.3026712e-01   1.6887133e-07   1.6660625e-07  -2.5018918e-03  -5.4451424e-03   7.0672215e-09  -1.0761697e-01  -1.0761697e-01  -2.3026712e-01  -2.2751006e-01   1.6660625e-07   1.6675467e-07
  -1.0761697e-01  -1.0761697e-01  -2.3026712e-01  -2.2751006e-01   1.6660625e-07   1.6675467e-07  -2.5026152e-03  -5.3795386e-03  -1.7981102e-10  -1.0761697e-01  -1.0761697e-01  -2.2751006e-01  -2.2475470e-01   1.6675467e-07  -4.2427320e-09
  -1.0761697e-01  -1.0761697e-01  -2.2751006e-01  -2.2475470e-01   1.6675467e-07  -4.2427320e-09  -2.5033385e-03  -5.3139794e-03   7.3929930e-09  -1.0761697e-01  -1.0761701e-01  -2.2475470e-01  -2.2200119e-01  -4.2427320e-09   1.7444141e-07
  -1.0761697e-01  -1.0761701e-01  -2.2475470e-01  -2.2200119e-01  -4.2427320e-09   1.7444141e-07  -2.5040608e-03  -5.2484584e-03   7.0491215e-09  -1.0761701e-01  -1.0761698e-01  -2.2200119e-01  -2.1924933e-01   1.7444141e-07   1.6632759e-07
  -1.0761701e-01  -1.0761698e-01  -2.2200119e-01  -2.1924933e-01   1.7444141e-07   1.6632759e-07  -2.5047836e-03  -5.1829718e-03   1.5994845e-10  -1.0761698e-01  -1.0761701e-01  -2.1924933e-01  -2.1649889e-01   1.6632759e-07   3.7740645e-09
  -1.0761698e-01  -1.0761701e-01  -2.1924933e-01  -2.1649889e-01   1.6632759e-07   3.7740645e-09  -2.5054998e-03  -5.1175452e-03   7.7206804e-09  -1.0761701e-01  -1.0761681e-01  -2.1649889e-01  -2.1375096e-01   3.7740645e-09   1.8217336e-07
  -1.0761701e-01  -1.0761681e-01  -2.1649889e-01  -2.1375096e-01   3.7740645e-09   1.8217336e-07  -2.5062262e-03  -5.0521361e-03   7.4319784e-09  -1.0761681e-01  -1.0761701e-01  -2.1375096e-01  -2.1100379e-01   1.8217336e-07   1.7536129e-07
  -1.0761681e-01  -1.0761701e-01  -2.1375096e-01  -2.1100379e-01   1.8217336e-07   1.7536129e-07  -2.5069461e-03  -4.9867718e-03  -3.1229909e-10  -1.0761701e-01  -1.0761697e-01  -2.1100379e-01  -2.0825849e-01   1.7536129e-07  -7.3688548e-09
  -1.0761701e-01  -1.0761697e-01  -2.1100379e-01  -2.0825849e-01   1.7536129e-07  -7.3688548e-09  -2.5076664e-03  -4.9214473e-03   7.2686648e-09  -1.0761697e-01  -1.0761700e-01  -2.0825849e-01  -2.0551485e-01  -7.3688548e-09   1.7150782e-07
  -1.0761697e-01  -1.0761700e-01  -2.0825849e-01  -2.0551485e-01  -7.3688548e-09   1.7150782e-07  -2.5083875e-03  -4.8561604e-03   7.0368122e-09  -1.0761700e-01  -1.0761702e-01  -2.0551485e-01  -2.0277281e-01   1.7150782e-07   1.6603714e-07
  -1.0761700e-01  -1.0761702e-01  -2.0551485e-01  -2.0277281e-01   1.7150782e-07   1.6603714e-07  -2.5091078e-03  -4.7909040e-03  -1.4755789e-10  -1.0761702e-01  -1.0761706e-01  -2.0277281e-01  -2.0003204e-01   1.6603714e-07  -3.4817031e-09
  -1.0761702e-01  -1.0761706e-01  -2.0277281e-01  -2.0003204e-01   1.6603714e-07  -3.4817031e-09  -2.5098193e-03  -4.7257043e-03  -3.2064367e-09  -1.0761706e-01  -1.0761676e-01  -2.0003204e-01  -1.9729364e-01  -3.4817031e-09  -7.5657494e-08
  -1.0761706e-01  -1.0761676e-01  -2.0003204e-01  -1.9729364e-01  -3.4817031e-09  -7.5657494e-08  -2.5105431e-03  -4.6605147e-03   7.3803256e-09  -1.0761676e-01  -1.0761700e-01  -1.9729364e-01  -1.9455568e-01  -7.5657494e-08   1.7414251e-07
  -1.0761676e-01  -1.0761700e-01  -1.9729364e-01  -1.9455568e-01  -7.5657494e-08   1.7414251e-07  -2.5112780e-03  -4.5953384e-03  -1.2991341e-09  -1.0761700e-01  -1.0761765e-01  -1.9455568e-01  -1.9181829e-01   1.7414251e-07  -3.0653726e-08
  -1.0761700e-01  -1.0761765e-01  -1.9455568e-01  -1.9181829e-01   1.7414251e-07  -3.0653726e-08  -2.5120028e-03  -4.5302130e-03  -1.6509415e-09  -1.0761765e-01  -1.0761796e-01  -1.9181829e-01  -1.8908300e-01  -3.0653726e-08  -3.8954801e-08
  -1.0761765e-01  -1.0761796e-01  -1.9181829e-01  -1.8908300e-01  -3.0653726e-08  -3.8954801e-08  -2.5126751e-03  -4.4652333e-03  -1.1703686e-08  -1.0761796e-01  -1.0761606e-01  -1.8908300e-01  -1.8635384e-01  -3.8954801e-08  -2.7615439e-07
  -1.0761796e-01  -1.0761606e-01  -1.8908300e-01  -1.8635384e-01  -3.8954801e-08  -2.7615439e-07  -2.5134125e-03  -4.4001441e-03   7.6957328e-09  -1.0761606e-01  -1.0761698e-01  -1.8635384e-01  -1.8362010e-01  -2.7615439e-07   1.8158471e-07
  -1.0761606e-01  -1.0761698e-01  -1.8635384e-01  -1.8362010e-01  -2.7615439e-07   1.8158471e-07  -2.5141322e-03  -4.3351346e-03   7.1579554e-09  -1.0761698e-01  -1.0761702e-01  -1.8362010e-01  -1.8088973e-01   1.8158471e-07   1.6889558e-07
  -1.0761698e-01  -1.0761702e-01  -1.8362010e-01  -1.8088973e-01   1.8158471e-07   1.6889558e-07  -2.5148532e-03  -4.2701529e-03  -4.3159202e-11  -1.0761702e-01  -1.0761721e-01  -1.8088973e-01  -1.7816050e-01   1.6889558e-07  -1.0183632e-09
  -1.0761702e-01  -1.0761721e-01  -1.8088973e-01  -1.7816050e-01   1.6889558e-07  -1.0183632e-09  -2.5155599e-03  -4.2052223e-03   2.1937415e-09  -1.0761721e-01  -1.0761685e-01  -1.7816050e-01  -1.7543339e-01  -1.0183632e-09   5.1762440e-08
  -1.0761721e-01  -1.0761685e-01  -1.7816050e-01  -1.7543339e-01  -1.0183632e-09   5.1762440e-08  -2.5162597e-03  -4.1403460e-03   6.2198614e-09  -1.0761685e-01  -1.0761618e-01  -1.7543339e-01  -1.7270860e-01   5.1762440e-08   1.4676078e-07
  -1.0761685e-01  -1.0761618e-01  -1.7543339e-01  -1.7270860e-01   5.1762440e-08   1.4676078e-07  -2.5169945e-03  -4.0754173e-03  -7.3595129e-09  -1.0761618e-01  -1.0761700e-01  -1.7270860e-01  -1.6998161e-01   1.4676078e-07  -1.7365143e-07
  -1.0761618e-01  -1.0761700e-01  -1.7270860e-01  -1.6998161e-01   1.4676078e-07  -1.7365143e-07  -2.5177090e-03  -4.0105661e-03  -7.1722512e-09  -1.0761700e-01  -1.0761700e-01  -1.6998161e-01  -1.6725782e-01  -1.7365143e-07  -1.6923289e-07
  -1.0761700e-01  -1.0761700e-01  -1.6998161e-01  -1.6725782e-01  -1.7365143e-07  -1.6923289e-07  -2.5184239e-03  -3.9457445e-03  -7.0114764e-09  -1.0761700e-01  -1.0761701e-01  -1.6725782e-01  -1.6453532e-01  -1.6923289e-07  -1.6543933e-07
  -1.0761700e-01  -1.0761701e-01  -1.6725782e-01  -1.6453532e-01  -1.6923289e-07  -1.6543933e-07  -2.5191383e-03  -3.8809516e-03  -7.0216646e-09  -1.0761701e-01  -1.0761701e-01  -1.6453532e-01  -1.6181402e-01  -1.6543933e-07  -1.6567973e-07
  -1.0761701e-01  -1.0761701e-01  -1.6453532e-01  -1.6181402e-01  -1.6543933e-07  -1.6567973e-07  -2.5198557e-03  -3.8161786e-03   8.3735377e-11  -1.0761701e-01  -1.0761715e-01  -1.6181402e-01  -1.5909355e-01  -1.6567973e-07   1.9757786e-09
  -1.0761701e-01  -1.0761715e-01  -1.6181402e-01  -1.5909355e-01  -1.6567973e-07   1.9757786e-09  -2.5205526e-03  -3.7514893e-03  -6.0997492e-10  -1.0761715e-01  -1.0761642e-01  -1.5909355e-01  -1.5637661e-01   1.9757786e-09  -1.4392667e-08
  -1.0761715e-01  -1.0761642e-01  -1.5909355e-01  -1.5637661e-01   1.9757786e-09  -1.4392667e-08  -2.5212796e-03  -3.6867429e-03   7.4450832e-09  -1.0761642e-01  -1.0761701e-01  -1.5637661e-01  -1.5365727e-01  -1.4392667e-08   1.7567050e-07
  -1.0761642e-01  -1.0761701e-01  -1.5637661e-01  -1.5365727e-01  -1.4392667e-08   1.7567050e-07  -2.5219937e-03  -3.6220620e-03   7.0564918e-09  -1.0761701e-01  -1.0761702e-01  -1.5365727e-01  -1.5094068e-01   1.7567050e-07   1.6650149e-07
  -1.0761701e-01  -1.0761702e-01  -1.5365727e-01  -1.5094068e-01   1.7567050e-07   1.6650149e-07  -2.5227066e-03  -3.5574077e-03   7.1876999e-09  -1.0761702e-01  -1.0761702e-01  -1.5094068e-01  -1.4822520e-01   1.6650149e-07   1.6959741e-07
  -1.0761702e-01  -1.0761702e-01  -1.5094068e-01  -1.4822520e-01   1.6650149e-07   1.6959741e-07  -2.5234276e-03  -3.4927513e-03   2.8005154e-10  -1.0761702e-01  -1.0761738e-01  -1.4822520e-01  -1.4550963e-01   1.6959741e-07   6.6079576e-09
  -1.0761702e-01  -1.0761738e-01  -1.4822520e-01  -1.4550963e-01   1.6959741e-07   6.6079576e-09  -2.5241458e-03  -3.4281305e-03  -1.8702984e-09  -1.0761738e-01  -1.0761764e-01  -1.4550963e-01  -1.4279554e-01   6.6079576e-09  -4.4130636e-08
  -1.0761738e-01  -1.0761764e-01  -1.4550963e-01  -1.4279554e-01   6.6079576e-09  -4.4130636e-08  -2.5248443e-03  -3.3636025e-03   7.3788351e-09  -1.0761764e-01  -1.0761707e-01  -1.4279554e-01  -1.4008535e-01  -4.4130636e-08   1.7410734e-07
  -1.0761764e-01  -1.0761707e-01  -1.4279554e-01  -1.4008535e-01  -4.4130636e-08   1.7410734e-07  -2.5255548e-03  -3.2990481e-03   7.1995309e-09  -1.0761707e-01  -1.0761702e-01  -1.4008535e-01  -1.3737410e-01   1.7410734e-07   1.6987657e-07
  -1.0761707e-01  -1.0761702e-01  -1.4008535e-01  -1.3737410e-01   1.7410734e-07   1.6987657e-07  -2.5262677e-03  -3.2345147e-03  -2.5374676e-11  -1.0761702e-01  -1.0761709e-01  -1.3737410e-01  -1.3466369e-01   1.6987657e-07  -5.9872831e-10
  -1.0761702e-01  -1.0761709e-01  -1.3737410e-01  -1.3466369e-01   1.6987657e-07  -5.9872831e-10  -2.5269855e-03  -3.1699757e-03  -5.5930975e-11  -1.0761709e-01  -1.0761739e-01  -1.3466369e-01  -1.3195304e-01  -5.9872831e-10  -1.3197196e-09
  -1.0761709e-01  -1.0761739e-01  -1.3466369e-01  -1.3195304e-01  -5.9872831e-10  -1.3197196e-09  -2.5276881e-03  -3.1055343e-03   7.3927586e-09  -1.0761739e-01  -1.0761702e-01  -1.3195304e-01  -1.2924650e-01  -1.3197196e-09   1.7443588e-07
  -1.0761739e-01  -1.0761702e-01  -1.3195304e-01  -1.2924650e-01  -1.3197196e-09   1.7443588e-07  -2.5283989e-03  -3.0410754e-03   7.0655784e-09  -1.0761702e-01  -1.0761703e-01  -1.2924650e-01  -1.2653924e-01   1.7443588e-07   1.6671590e-07
  -1.0761702e-01  -1.0761703e-01  -1.2924650e-01  -1.2653924e-01   1.7443588e-07   1.6671590e-07  -2.5291102e-03  -2.9766337e-03   1.2490928e-10  -1.0761703e-01  -1.0761707e-01  -1.2653924e-01  -1.2383269e-01   1.6671590e-07   2.9472977e-09
  -1.0761703e-01  -1.0761707e-01  -1.2653924e-01  -1.2383269e-01   1.6671590e-07   2.9472977e-09  -2.5298226e-03  -2.9122030e-03   6.4025878e-10  -1.0761707e-01  -1.0761718e-01  -1.2383269e-01  -1.2112658e-01   2.9472977e-09   1.5107230e-08
  -1.0761707e-01  -1.0761718e-01  -1.2383269e-01  -1.2112658e-01   2.9472977e-09   1.5107230e-08  -2.5305289e-03  -2.8478321e-03  -5.0157998e-09  -1.0761718e-01  -1.0761703e-01  -1.2112658e-01  -1.1842301e-01   1.5107230e-08  -1.1835033e-07
  -1.0761718e-01  -1.0761703e-01  -1.2112658e-01  -1.1842301e-01   1.5107230e-08  -1.1835033e-07  -2.5312357e-03  -2.7834783e-03   5.5392787e-09  -1.0761703e-01  -1.0761693e-01  -1.1842301e-01  -1.1572014e-01  -1.1835033e-07   1.3070208e-07
  -1.0761703e-01  -1.0761693e-01  -1.1842301e-01  -1.1572014e-01  -1.1835033e-07   1.3070208e-07  -2.5319458e-03  -2.7191274e-03  -1.2864195e-08  -1.0761693e-01  -1.0761695e-01  -1.1572014e-01  -1.1301742e-01   1.3070208e-07  -3.0353720e-07
  -1.0761693e-01  -1.0761695e-01  -1.1572014e-01  -1.1301742e-01   1.3070208e-07  -3.0353720e-07  -2.5326559e-03  -2.6547732e-03  -7.1880298e-09  -1.0761695e-01  -1.0761703e-01  -1.1301742e-01  -1.1031451e-01  -3.0353720e-07  -1.6960520e-07
  -1.0761695e-01  -1.0761703e-01  -1.1301742e-01  -1.1031451e-01  -3.0353720e-07  -1.6960520e-07  -2.5333658e-03  -2.5904595e-03  -7.1568194e-09  -1.0761703e-01  -1.0761704e-01  -1.1031451e-01  -1.0761335e-01  -1.6960520e-07  -1.6886877e-07
  -1.0761703e-01  -1.0761704e-01  -1.1031451e-01  -1.0761335e-01  -1.6960520e-07  -1.6886877e-07  -2.5340745e-03  -2.5261501e-03  -7.2005611e-11  -1.0761704e-01  -1.0761704e-01  -1.0761335e-01  -1.0491235e-01  -1.6886877e-07  -1.6990088e-09
  -1.0761704e-01  -1.0761704e-01  -1.0761335e-01  -1.0491235e-01  -1.6886877e-07  -1.6990088e-09  -2.5347821e-03  -2.4618994e-03   3.5032964e-09  -1.0761704e-01  -1.0761698e-01  -1.0491235e-01  -1.0221384e-01  -1.6990088e-09   8.2662051e-08
  -1.0761704e-01  -1.0761698e-01  -1.0491235e-01  -1.0221384e-01  -1.6990088e-09   8.2662051e-08  -2.5354915e-03  -2.3976513e-03   3.0688958e-09  -1.0761698e-01  -1.0761703e-01  -1.0221384e-01  -9.9515420e-02   8.2662051e-08   7.2412148e-08
  -1.0761698e-01  -1.0761703e-01  -1.0221384e-01  -9.9515420e-02   8.2662051e-08   7.2412148e-08  -2.5361998e-03  -2.3333926e-03   2.0898011e-10  -1.0761703e-01  -1.0761705e-01  -9.9515420e-02  -9.6816554e-02   7.2412148e-08   4.9309914e-09
  -1.0761703e-01  -1.0761705e-01  -9.9515420e-02  -9.6816554e-02   7.2412148e-08   4.9309914e-09  -2.5369082e-03  -2.2691653e-03   5.0676734e-09  -1.0761705e-01  -1.0761706e-01  -9.6816554e-02  -9.4119001e-02   4.9309914e-09   1.1957432e-07
  -1.0761705e-01  -1.0761706e-01  -9.6816554e-02  -9.4119001e-02   4.9309914e-09   1.1957432e-07  -2.5376159e-03  -2.2049542e-03   1.3694524e-09  -1.0761706e-01  -1.0761705e-01  -9.4119001e-02  -9.1422148e-02   1.1957432e-07   3.2312922e-08
  -1.0761706e-01  -1.0761705e-01  -9.4119001e-02  -9.1422148e-02   1.1957432e-07   3.2312922e-08  -2.5383235e-03  -2.1407624e-03   2.5318338e-10  -1.0761705e-01  -1.0761706e-01  -9.1422148e-02  -8.8726082e-02   3.2312922e-08   5.9739899e-09
  -1.0761705e-01  -1.0761706e-01  -9.1422148e-02  -8.8726082e-02   3.2312922e-08   5.9739899e-09  -2.5390350e-03  -2.0766021e-03   1.9571100e-11  -1.0761706e-01  -1.0761723e-01  -8.8726082e-02  -8.6031348e-02   5.9739899e-09   4.6178999e-10
  -1.0761706e-01  -1.0761723e-01  -8.8726082e-02  -8.6031348e-02   5.9739899e-09   4.6178999e-10  -2.5397374e-03  -2.0124227e-03  -1.5502447e-09  -1.0761723e-01  -1.0761704e-01  -8.6031348e-02  -8.3335814e-02   4.6178999e-10  -3.6578806e-08
  -1.0761723e-01  -1.0761704e-01  -8.6031348e-02  -8.3335814e-02   4.6178999e-10  -3.6578806e-08  -2.5404452e-03  -1.9482747e-03   6.4629823e-09  -1.0761704e-01  -1.0761706e-01  -8.3335814e-02  -8.0641595e-02  -3.6578806e-08   1.5249733e-07
  -1.0761704e-01  -1.0761706e-01  -8.3335814e-02  -8.0641595e-02  -3.6578806e-08   1.5249733e-07  -2.5411481e-03  -1.8841295e-03  -1.5166711e-10  -1.0761706e-01  -1.0761688e-01  -8.0641595e-02  -7.7947511e-02   1.5249733e-07  -3.5786621e-09
  -1.0761706e-01  -1.0761688e-01  -8.0641595e-02  -7.7947511e-02   1.5249733e-07  -3.5786621e-09  -2.5418592e-03  -1.8200173e-03  -2.2282062e-10  -1.0761688e-01  -1.0761707e-01  -7.7947511e-02  -7.5254789e-02  -3.5786621e-09  -5.2575653e-09
  -1.0761688e-01  -1.0761707e-01  -7.7947511e-02  -7.5254789e-02  -3.5786621e-09  -5.2575653e-09  -2.5425653e-03  -1.7559138e-03  -6.6947327e-09  -1.0761707e-01  -1.0761705e-01  -7.5254789e-02  -7.2562441e-02  -5.2575653e-09  -1.5796560e-07
  -1.0761707e-01  -1.0761705e-01  -7.5254789e-02  -7.2562441e-02  -5.2575653e-09  -1.5796560e-07  -2.5432718e-03  -1.6918199e-03  -6.9364925e-09  -1.0761705e-01  -1.0761706e-01  -7.2562441e-02  -6.9870482e-02  -1.5796560e-07  -1.6367005e-07
  -1.0761705e-01  -1.0761706e-01  -7.2562441e-02  -6.9870482e-02  -1.5796560e-07  -1.6367005e-07  -2.5439781e-03  -1.6277371e-03  -6.9060321e-09  -1.0761706e-01  -1.0761706e-01  -6.9870482e-02  -6.7179003e-02  -1.6367005e-07  -1.6295132e-07
  -1.0761706e-01  -1.0761706e-01  -6.9870482e-02  -6.7179003e-02  -1.6367005e-07  -1.6295132e-07  -2.5446810e-03  -1.5636598e-03  -1.1714432e-11  -1.0761706e-01  -1.0761692e-01  -6.7179003e-02  -6.4487758e-02  -1.6295132e-07  -2.7640796e-10
  -1.0761706e-01  -1.0761692e-01  -6.7179003e-02  -6.4487758e-02  -1.6295132e-07  -2.7640796e-10  -2.5453797e-03  -1.4995905e-03  -4.8498823e-10  -1.0761692e-01  -1.0761660e-01  -6.4487758e-02  -6.1796861e-02  -2.7640796e-10  -1.1443543e-08
  -1.0761692e-01  -1.0761660e-01  -6.4487758e-02  -6.1796861e-02  -2.7640796e-10  -1.1443543e-08  -2.5460990e-03  -1.4355630e-03   5.3888105e-10  -1.0761660e-01  -1.0761716e-01  -6.1796861e-02  -5.9107712e-02  -1.1443543e-08   1.2715171e-08
  -1.0761660e-01  -1.0761716e-01  -6.1796861e-02  -5.9107712e-02  -1.1443543e-08   1.2715171e-08  -2.5468152e-03  -1.3715331e-03   2.9762074e-09  -1.0761716e-01  -1.0761761e-01  -5.9107712e-02  -5.6418452e-02   1.2715171e-08   7.0225119e-08
  -1.0761716e-01  -1.0761761e-01  -5.9107712e-02  -5.6418452e-02   1.2715171e-08   7.0225119e-08  -2.5475162e-03  -1.3074964e-03   3.5722504e-09  -1.0761761e-01  -1.0761741e-01  -5.6418452e-02  -5.3728909e-02   7.0225119e-08   8.4289054e-08
  -1.0761761e-01  -1.0761741e-01  -5.6418452e-02  -5.3728909e-02   7.0225119e-08   8.4289054e-08  -2.5482144e-03  -1.2434686e-03   1.9974283e-09  -1.0761741e-01  -1.0761709e-01  -5.3728909e-02  -5.1039744e-02   8.4289054e-08   4.7130331e-08
  -1.0761741e-01  -1.0761709e-01  -5.3728909e-02  -5.1039744e-02   8.4289054e-08   4.7130331e-08  -2.5489388e-03  -1.1794742e-03  -1.6297029e-10  -1.0761709e-01  -1.0761789e-01  -5.1039744e-02  -4.8351980e-02   4.7130331e-08  -3.8453665e-09
  -1.0761709e-01  -1.0761789e-01  -5.1039744e-02  -4.8351980e-02   4.7130331e-08  -3.8453665e-09  -2.5496241e-03  -1.1154548e-03  -1.1904066e-09  -1.0761789e-01  -1.0761705e-01  -4.8351980e-02  -4.5663152e-02  -3.8453665e-09  -2.8088245e-08
  -1.0761789e-01  -1.0761705e-01  -4.8351980e-02  -4.5663152e-02  -3.8453665e-09  -2.8088245e-08  -2.5503305e-03  -1.0514584e-03   6.6195965e-09  -1.0761705e-01  -1.0761709e-01  -4.5663152e-02  -4.2975311e-02  -2.8088245e-08   1.5619273e-07
  -1.0761705e-01  -1.0761709e-01  -4.5663152e-02  -4.2975311e-02  -2.8088245e-08   1.5619273e-07  -2.5510202e-03  -9.8746042e-04  -1.5308525e-10  -1.0761709e-01  -1.0761643e-01  -4.2975311e-02  -4.0287410e-02   1.5619273e-07  -3.6121238e-09
  -1.0761709e-01  -1.0761643e-01  -4.2975311e-02  -4.0287410e-02   1.5619273e-07  -3.6121238e-09  -2.5517415e-03  -9.2349092e-04   1.4431745e-09  -1.0761643e-01  -1.0761711e-01  -4.0287410e-02  -3.7600685e-02  -3.6121238e-09   3.4052431e-08
  -1.0761643e-01  -1.0761711e-01  -4.0287410e-02  -3.7600685e-02  -3.6121238e-09   3.4052431e-08  -2.5524459e-03  -8.5951636e-04  -7.1013913e-09  -1.0761711e-01  -1.0761708e-01  -3.7600685e-02  -3.4913749e-02   3.4052431e-08  -1.6756092e-07
  -1.0761711e-01  -1.0761708e-01  -3.7600685e-02  -3.4913749e-02   3.4052431e-08  -1.6756092e-07  -2.5531474e-03  -7.9554545e-04   7.1706327e-09  -1.0761708e-01  -1.0761694e-01  -3.4913749e-02  -3.2226955e-02  -1.6756092e-07   1.6919470e-07
  -1.0761708e-01  -1.0761694e-01  -3.4913749e-02  -3.2226955e-02  -1.6756092e-07   1.6919470e-07  -2.5538553e-03  -7.3158623e-04  -6.9400207e-09  -1.0761694e-01  -1.0761706e-01  -3.2226955e-02  -2.9540697e-02   1.6919470e-07  -1.6375330e-07
  -1.0761694e-01  -1.0761706e-01  -3.2226955e-02  -2.9540697e-02   1.6919470e-07  -1.6375330e-07  -2.5545612e-03  -6.6762815e-04  -6.9978508e-09  -1.0761706e-01  -1.0761711e-01  -2.9540697e-02  -2.6854429e-02  -1.6375330e-07  -1.6511783e-07
  -1.0761706e-01  -1.0761711e-01  -2.9540697e-02  -2.6854429e-02  -1.6375330e-07  -1.6511783e-07  -2.5552497e-03  -6.6762235e-04   2.5740380e-10  -1.0761711e-01  -1.0761643e-01  -2.6854429e-02  -2.6854184e-02  -1.6511783e-07   6.0735728e-09
  -1.0761711e-01  -1.0761643e-01  -2.6854429e-02  -2.6854184e-02  -1.6511783e-07   6.0735728e-09  -2.5552315e-03  -6.6761478e-04  -2.6179819e-10  -1.0761643e-01  -1.0761566e-01  -2.6854184e-02  -2.6853888e-02   6.0735728e-09  -6.1772607e-09
  -1.0761643e-01  -1.0761566e-01  -2.6854184e-02  -2.6853888e-02   6.0735728e-09  -6.1772607e-09  -2.5552651e-03  -6.6762842e-04   3.8528717e-09  -1.0761566e-01  -1.0761706e-01  -2.6853888e-02  -2.6854469e-02  -6.1772607e-09   9.0910455e-08
  -1.0761566e-01  -1.0761706e-01  -2.6853888e-02  -2.6854469e-02  -6.1772607e-09   9.0910455e-08  -2.5552661e-03  -6.6762691e-04   6.6580535e-09  -1.0761706e-01  -1.0761711e-01  -2.6854469e-02  -2.6854398e-02   9.0910455e-08   1.5710014e-07
  -1.0761706e-01  -1.0761711e-01  -2.6854469e-02  -2.6854398e-02   9.0910455e-08   1.5710014e-07  -2.5552660e-03  -6.6762790e-04   7.0316457e-09  -1.0761711e-01  -1.0761710e-01  -2.6854398e-02  -2.6854445e-02   1.5710014e-07   1.6591524e-07
  -1.0761711e-01  -1.0761710e-01  -2.6854398e-02  -2.6854445e-02   1.5710014e-07   1.6591524e-07  -2.5552662e-03  -6.6762780e-04   7.0085484e-09  -1.0761710e-01  -1.0761711e-01  -2.6854445e-02  -2.6854441e-02   1.6591524e-07   1.6537024e-07
  -1.0761710e-01  -1.0761711e-01  -2.6854445e-02  -2.6854441e-02   1.6591524e-07   1.6537024e-07  -2.5552658e-03  -6.6762953e-04   7.0075885e-09  -1.0761711e-01  -1.0761710e-01  -2.6854441e-02  -2.6854514e-02   1.6537024e-07   1.6534759e-07
  -1.0761711e-01  -1.0761710e-01  -2.6854441e-02  -2.6854514e-02   1.6537024e-07   1.6534759e-07  -2.5552659e-03  -6.6762768e-04   7.0145567e-09  -1.0761710e-01  -1.0761710e-01  -2.6854514e-02  -2.6854436e-02   1.6534759e-07   1.6551201e-07
  -1.0761710e-01  -1.0761710e-01  -2.6854514e-02  -2.6854436e-02   1.6534759e-07   1.6551201e-07  -2.5552500e-03  -6.6762353e-04   2.1849517e-10  -1.0761710e-01  -1.0761643e-01  -2.6854436e-02  -2.6854262e-02   1.6551201e-07   5.1555041e-09
  -1.0761710e-01  -1.0761643e-01  -2.6854436e-02  -2.6854262e-02   1.6551201e-07   5.1555041e-09  -3.8457718e-03  -6.6762405e-04  -6.0418901e-10  -1.0761643e-01  -1.6181835e-01  -2.6854262e-02  -2.6854277e-02   5.1555041e-09  -1.4256145e-08
  -1.0761643e-01  -1.6181835e-01  -2.6854262e-02  -2.6854277e-02   5.1555041e-09  -1.4256145e-08  -3.8457884e-03  -6.8184996e-04  -4.8762445e-09  -1.6181835e-01  -1.6181905e-01  -2.6854277e-02  -2.6854458e-02  -1.4256145e-08  -1.1505746e-07
  -1.6181835e-01  -1.6181905e-01  -2.6854277e-02  -2.6854458e-02  -1.4256145e-08  -1.1505746e-07  -3.8457917e-03  -7.4580754e-04  -6.9398303e-09  -1.6181905e-01  -1.6181919e-01  -2.6854458e-02  -2.9540656e-02  -1.1505746e-07  -1.6374880e-07
  -1.6181905e-01  -1.6181919e-01  -2.6854458e-02  -2.9540656e-02  -1.1505746e-07  -1.6374880e-07  -3.8450864e-03  -8.0976950e-04   4.4096835e-09  -1.6181919e-01  -1.6181917e-01  -2.9540656e-02  -3.2227051e-02  -1.6374880e-07   1.0404871e-07
  -1.6181919e-01  -1.6181917e-01  -2.9540656e-02  -3.2227051e-02  -1.6374880e-07   1.0404871e-07  -3.8443818e-03  -8.7373803e-04  -7.2034100e-09  -1.6181917e-01  -1.6181918e-01  -3.2227051e-02  -3.4913763e-02   1.0404871e-07  -1.6996810e-07
  -1.6181917e-01  -1.6181918e-01  -3.2227051e-02  -3.4913763e-02   1.0404871e-07  -1.6996810e-07  -3.8436763e-03  -9.3771333e-04   2.4194003e-09  -1.6181918e-01  -1.6181916e-01  -3.4913763e-02  -3.7600691e-02  -1.6996810e-07   5.7086973e-08
  -1.6181918e-01  -1.6181916e-01  -3.4913763e-02  -3.7600691e-02  -1.6996810e-07   5.7086973e-08  -3.8429720e-03  -1.0016934e-03  -6.9920301e-09  -1.6181916e-01  -1.6181918e-01  -3.7600691e-02  -4.0287884e-02   5.7086973e-08  -1.6498048e-07
  -1.6181916e-01  -1.6181918e-01  -3.7600691e-02  -4.0287884e-02   5.7086973e-08  -1.6498048e-07  -3.8422636e-03  -1.0656815e-03   2.2420389e-10  -1.6181918e-01  -1.6181905e-01  -4.0287884e-02  -4.2975354e-02  -1.6498048e-07   5.2902041e-09
  -1.6181918e-01  -1.6181905e-01  -4.0287884e-02  -4.2975354e-02  -1.6498048e-07   5.2902041e-09  -3.8415580e-03  -1.1296744e-03   1.0587900e-10  -1.6181905e-01  -1.6181902e-01  -4.2975354e-02  -4.5663080e-02   5.2902041e-09   2.4982686e-09
  -1.6181905e-01  -1.6181902e-01  -4.2975354e-02  -4.5663080e-02   5.2902041e-09   2.4982686e-09  -3.8408560e-03  -1.1936791e-03  -6.9569318e-09  -1.6181902e-01  -1.6181916e-01  -4.5663080e-02  -4.8351275e-02   2.4982686e-09  -1.6415232e-07
  -1.6181902e-01  -1.6181916e-01  -4.5663080e-02  -4.8351275e-02   2.4982686e-09  -1.6415232e-07  -3.8401509e-03  -1.2576914e-03  -6.6770768e-09  -1.6181916e-01  -1.6181917e-01  -4.8351275e-02  -5.1039771e-02  -1.6415232e-07  -1.5754900e-07
  -1.6181916e-01  -1.6181917e-01  -4.8351275e-02  -5.1039771e-02  -1.6415232e-07  -1.5754900e-07  -3.8394451e-03  -1.3217114e-03  -6.5947326e-09  -1.6181917e-01  -1.6181916e-01  -5.1039771e-02  -5.3728611e-02  -1.5754900e-07  -1.5560605e-07
  -1.6181917e-01  -1.6181916e-01  -5.1039771e-02  -5.3728611e-02  -1.5754900e-07  -1.5560605e-07  -3.8387393e-03  -1.3857401e-03  -6.5465582e-09  -1.6181916e-01  -1.6181915e-01  -5.3728611e-02  -5.6417819e-02  -1.5560605e-07  -1.5446935e-07
  -1.6181916e-01  -1.6181915e-01  -5.3728611e-02  -5.6417819e-02  -1.5560605e-07  -1.5446935e-07  -3.8380330e-03  -1.4497781e-03  -6.4976816e-09  -1.6181915e-01  -1.6181912e-01  -5.6417819e-02  -5.9107415e-02  -1.5446935e-07  -1.5331608e-07
  -1.6181915e-01  -1.6181912e-01  -5.6417819e-02  -5.9107415e-02  -1.5446935e-07  -1.5331608e-07  -3.8373215e-03  -1.5138243e-03   2.1796040e-10  -1.6181912e-01  -1.6181887e-01  -5.9107415e-02  -6.1797354e-02  -1.5331608e-07   5.1428859e-09
  -1.6181912e-01  -1.6181887e-01  -5.9107415e-02  -6.1797354e-02  -1.5331608e-07   5.1428859e-09  -3.8365920e-03  -1.5778658e-03  -2.1160508e-09  -1.6181887e-01  -1.6181787e-01  -6.1797354e-02  -6.4487122e-02   5.1428859e-09  -4.9929289e-08
  -1.6181887e-01  -1.6181787e-01  -6.1797354e-02  -6.4487122e-02   5.1428859e-09  -4.9929289e-08  -3.8359253e-03  -1.6419658e-03   8.5860695e-09  -1.6181787e-01  -1.6181951e-01  -6.4487122e-02  -6.7179322e-02  -4.9929289e-08   2.0259265e-07
  -1.6181787e-01  -1.6181951e-01  -6.4487122e-02  -6.7179322e-02  -4.9929289e-08   2.0259265e-07  -3.8352111e-03  -1.7060409e-03  -7.2576405e-09  -1.6181951e-01  -1.6181917e-01  -6.7179322e-02  -6.9870492e-02   2.0259265e-07  -1.7124770e-07
  -1.6181951e-01  -1.6181917e-01  -6.7179322e-02  -6.9870492e-02   2.0259265e-07  -1.7124770e-07  -3.8345035e-03  -1.7701366e-03  -6.8490831e-09  -1.6181917e-01  -1.6181913e-01  -6.9870492e-02  -7.2562467e-02  -1.7124770e-07  -1.6160758e-07
  -1.6181917e-01  -1.6181913e-01  -6.9870492e-02  -7.2562467e-02  -1.7124770e-07  -1.6160758e-07  -3.8337970e-03  -1.8342438e-03  -6.5456050e-09  -1.6181913e-01  -1.6181912e-01  -7.2562467e-02  -7.5254973e-02  -1.6160758e-07  -1.5444686e-07
  -1.6181913e-01  -1.6181912e-01  -7.2562467e-02  -7.5254973e-02  -1.6160758e-07  -1.5444686e-07  -3.8330839e-03  -1.8983573e-03   1.9210413e-10  -1.6181912e-01  -1.6181884e-01  -7.5254973e-02  -7.7947739e-02  -1.5444686e-07   4.5327941e-09
  -1.6181912e-01  -1.6181884e-01  -7.5254973e-02  -7.7947739e-02  -1.5444686e-07   4.5327941e-09  -3.8323627e-03  -1.9624748e-03  -7.6688187e-10  -1.6181884e-01  -1.6181822e-01  -7.7947739e-02  -8.0640698e-02   4.5327941e-09  -1.8094966e-08
  -1.6181884e-01  -1.6181822e-01  -7.7947739e-02  -8.0640698e-02   4.5327941e-09  -1.8094966e-08  -3.8316839e-03  -2.0266518e-03   1.1561288e-08  -1.6181822e-01  -1.6181939e-01  -8.0640698e-02  -8.3336138e-02  -1.8094966e-08   2.7279443e-07
  -1.6181822e-01  -1.6181939e-01  -8.0640698e-02  -8.3336138e-02  -1.8094966e-08   2.7279443e-07  -3.8309814e-03  -2.0908186e-03  -1.0256857e-09  -1.6181939e-01  -1.6181956e-01  -8.3336138e-02  -8.6031166e-02   2.7279443e-07  -2.4201573e-08
  -1.6181939e-01  -1.6181956e-01  -8.3336138e-02  -8.6031166e-02   2.7279443e-07  -2.4201573e-08  -3.8302631e-03  -2.1549844e-03   7.3087127e-09  -1.6181956e-01  -1.6181912e-01  -8.6031166e-02  -8.8726089e-02  -2.4201573e-08   1.7245277e-07
  -1.6181956e-01  -1.6181912e-01  -8.6031166e-02  -8.8726089e-02  -2.4201573e-08   1.7245277e-07  -3.8295564e-03  -2.2191763e-03   6.7674276e-09  -1.6181912e-01  -1.6181912e-01  -8.8726089e-02  -9.1422180e-02   1.7245277e-07   1.5968088e-07
  -1.6181912e-01  -1.6181912e-01  -8.8726089e-02  -9.1422180e-02   1.7245277e-07   1.5968088e-07  -3.8288489e-03  -2.2833846e-03  -6.8106127e-09  -1.6181912e-01  -1.6181912e-01  -9.1422180e-02  -9.4118927e-02   1.5968088e-07  -1.6069985e-07
  -1.6181912e-01  -1.6181912e-01  -9.1422180e-02  -9.4118927e-02   1.5968088e-07  -1.6069985e-07  -3.8281407e-03  -2.3476102e-03  -6.7331860e-09  -1.6181912e-01  -1.6181911e-01  -9.4118927e-02  -9.6816360e-02  -1.6069985e-07  -1.5887293e-07
  -1.6181912e-01  -1.6181911e-01  -9.4118927e-02  -9.6816360e-02  -1.6069985e-07  -1.5887293e-07  -3.8274301e-03  -2.4118484e-03   3.2023827e-10  -1.6181911e-01  -1.6181899e-01  -9.6816360e-02  -9.9514367e-02  -1.5887293e-07   7.5561839e-09
  -1.6181911e-01  -1.6181899e-01  -9.6816360e-02  -9.9514367e-02  -1.5887293e-07   7.5561839e-09  -3.8267245e-03  -2.4761086e-03   7.3282475e-10  -1.6181899e-01  -1.6181908e-01  -9.9514367e-02  -1.0221332e-01   7.5561839e-09   1.7291370e-08
  -1.6181899e-01  -1.6181908e-01  -9.9514367e-02  -1.0221332e-01   7.5561839e-09   1.7291370e-08  -3.8260171e-03  -2.5403865e-03  -6.2873186e-09  -1.6181908e-01  -1.6181911e-01  -1.0221332e-01  -1.0491299e-01   1.7291370e-08  -1.4835246e-07
  -1.6181908e-01  -1.6181911e-01  -1.0221332e-01  -1.0491299e-01   1.7291370e-08  -1.4835246e-07  -3.8253084e-03  -2.6046817e-03   6.8522025e-09  -1.6181911e-01  -1.6181911e-01  -1.0491299e-01  -1.0761336e-01  -1.4835246e-07   1.6168118e-07
  -1.6181911e-01  -1.6181911e-01  -1.0491299e-01  -1.0761336e-01  -1.4835246e-07   1.6168118e-07  -3.8246008e-03  -2.6689945e-03  -6.4592047e-09  -1.6181911e-01  -1.6181912e-01  -1.0761336e-01  -1.1031454e-01   1.6168118e-07  -1.5240820e-07
  -1.6181911e-01  -1.6181912e-01  -1.0761336e-01  -1.1031454e-01   1.6168118e-07  -1.5240820e-07  -3.8238889e-03  -2.7333237e-03   1.0663231e-11  -1.6181912e-01  -1.6181902e-01  -1.1031454e-01  -1.1301633e-01  -1.5240820e-07   2.5160433e-10
  -1.6181912e-01  -1.6181902e-01  -1.1031454e-01  -1.1301633e-01  -1.5240820e-07   2.5160433e-10  -3.8231816e-03  -2.7976792e-03   6.4385577e-10  -1.6181902e-01  -1.6181907e-01  -1.1301633e-01  -1.1571928e-01   2.5160433e-10   1.5192102e-08
  -1.6181902e-01  -1.6181907e-01  -1.1301633e-01  -1.1571928e-01   2.5160433e-10   1.5192102e-08  -3.8224730e-03  -2.8620532e-03   6.6416854e-09  -1.6181907e-01  -1.6181909e-01  -1.1571928e-01  -1.1842299e-01   1.5192102e-08   1.5671393e-07
  -1.6181907e-01  -1.6181909e-01  -1.1571928e-01  -1.1842299e-01   1.5192102e-08   1.5671393e-07  -3.8217639e-03  -2.9264466e-03   6.6375930e-09  -1.6181909e-01  -1.6181909e-01  -1.1842299e-01  -1.2112753e-01   1.5671393e-07   1.5661736e-07
  -1.6181909e-01  -1.6181909e-01  -1.1842299e-01  -1.2112753e-01   1.5671393e-07   1.5661736e-07  -3.8210543e-03  -2.9908613e-03   7.2437085e-09  -1.6181909e-01  -1.6181909e-01  -1.2112753e-01  -1.2383295e-01   1.5661736e-07   1.7091896e-07
  -1.6181909e-01  -1.6181909e-01  -1.2112753e-01  -1.2383295e-01   1.5661736e-07   1.7091896e-07  -3.8203445e-03  -3.0552979e-03   7.1557147e-09  -1.6181909e-01  -1.6181909e-01  -1.2383295e-01  -1.2653929e-01   1.7091896e-07   1.6884271e-07
  -1.6181909e-01  -1.6181909e-01  -1.2383295e-01  -1.2653929e-01   1.7091896e-07   1.6884271e-07  -3.8196329e-03  -3.1197492e-03  -2.9349172e-11  -1.6181909e-01  -1.6181903e-01  -1.2653929e-01  -1.2924624e-01   1.6884271e-07  -6.9250856e-10
  -1.6181909e-01  -1.6181903e-01  -1.2653929e-01  -1.2924624e-01   1.6884271e-07  -6.9250856e-10  -3.8189237e-03  -3.1842391e-03  -1.3819678e-10  -1.6181903e-01  -1.6181909e-01  -1.2924624e-01  -1.3195480e-01  -6.9250856e-10  -3.2608228e-09
  -1.6181903e-01  -1.6181909e-01  -1.2924624e-01  -1.3195480e-01  -6.9250856e-10  -3.2608228e-09  -3.8182129e-03  -3.2487430e-03  -8.9110738e-11  -1.6181909e-01  -1.6181908e-01  -1.3195480e-01  -1.3466396e-01  -3.2608228e-09  -2.1026129e-09
  -1.6181909e-01  -1.6181908e-01  -1.3195480e-01  -1.3466396e-01  -3.2608228e-09  -2.1026129e-09  -3.8175024e-03  -3.3132730e-03  -2.4914893e-09  -1.6181908e-01  -1.6181910e-01  -1.3466396e-01  -1.3737422e-01  -2.1026129e-09  -5.8787951e-08
  -1.6181908e-01  -1.6181910e-01  -1.3466396e-01  -1.3737422e-01  -2.1026129e-09  -5.8787951e-08  -3.8167907e-03  -3.3778237e-03  -5.0855815e-09  -1.6181910e-01  -1.6181908e-01  -1.3737422e-01  -1.4008534e-01  -5.8787951e-08  -1.1999687e-07
  -1.6181910e-01  -1.6181908e-01  -1.3737422e-01  -1.4008534e-01  -5.8787951e-08  -1.1999687e-07  -3.8160800e-03  -3.4424082e-03  -1.6684049e-09  -1.6181908e-01  -1.6181911e-01  -1.4008534e-01  -1.4279788e-01  -1.1999687e-07  -3.9366857e-08
  -1.6181908e-01  -1.6181911e-01  -1.4008534e-01  -1.4279788e-01  -1.1999687e-07  -3.9366857e-08  -3.8153671e-03  -3.5070023e-03  -6.4415214e-09  -1.6181911e-01  -1.6181905e-01  -1.4279788e-01  -1.4551084e-01  -3.9366857e-08  -1.5199096e-07
  -1.6181911e-01  -1.6181905e-01  -1.4279788e-01  -1.4551084e-01  -3.9366857e-08  -1.5199096e-07  -3.8146592e-03  -3.5716736e-03  -6.8602179e-09  -1.6181905e-01  -1.6181923e-01  -1.4551084e-01  -1.4822703e-01  -1.5199096e-07  -1.6187031e-07
  -1.6181905e-01  -1.6181923e-01  -1.4551084e-01  -1.4822703e-01  -1.5199096e-07  -1.6187031e-07  -3.8139420e-03  -3.6362856e-03  -1.8653957e-09  -1.6181923e-01  -1.6181904e-01  -1.4822703e-01  -1.5094073e-01  -1.6187031e-07  -4.4014954e-08
  -1.6181923e-01  -1.6181904e-01  -1.4822703e-01  -1.5094073e-01  -1.6187031e-07  -4.4014954e-08  -3.8132305e-03  -3.7009712e-03  -1.1592466e-08  -1.6181904e-01  -1.6181905e-01  -1.5094073e-01  -1.5365754e-01  -4.4014954e-08  -2.7353011e-07
  -1.6181904e-01  -1.6181905e-01  -1.5094073e-01  -1.5365754e-01  -4.4014954e-08  -2.7353011e-07  -3.8125189e-03  -3.7657082e-03  -3.7493172e-09  -1.6181905e-01  -1.6181913e-01  -1.5365754e-01  -1.5637646e-01  -2.7353011e-07  -8.8467034e-08
  -1.6181905e-01  -1.6181913e-01  -1.5365754e-01  -1.5637646e-01  -2.7353011e-07  -8.8467034e-08  -3.8118040e-03  -3.8304101e-03  -9.0651108e-09  -1.6181913e-01  -1.6181905e-01  -1.5637646e-01  -1.5909397e-01  -8.8467034e-08  -2.1389587e-07
  -1.6181913e-01  -1.6181905e-01  -1.5637646e-01  -1.5909397e-01  -8.8467034e-08  -2.1389587e-07  -3.8110910e-03  -3.8951739e-03   4.1605521e-09  -1.6181905e-01  -1.6181906e-01  -1.5909397e-01  -1.6181403e-01  -2.1389587e-07   9.8170330e-08
  -1.6181905e-01  -1.6181906e-01  -1.5909397e-01  -1.6181403e-01  -2.1389587e-07   9.8170330e-08  -3.8103781e-03  -3.9599748e-03  -1.5443024e-08  -1.6181906e-01  -1.6181906e-01  -1.6181403e-01  -1.6453571e-01   9.8170330e-08  -3.6438597e-07
  -1.6181906e-01  -1.6181906e-01  -1.6181403e-01  -1.6453571e-01   9.8170330e-08  -3.6438597e-07  -3.8096618e-03  -4.0248097e-03   1.2567186e-09  -1.6181906e-01  -1.6181903e-01  -1.6453571e-01  -1.6725872e-01  -3.6438597e-07   2.9652911e-08
  -1.6181906e-01  -1.6181903e-01  -1.6453571e-01  -1.6725872e-01  -3.6438597e-07   2.9652911e-08  -3.8089489e-03  -4.0896458e-03  -6.8932105e-09  -1.6181903e-01  -1.6181904e-01  -1.6725872e-01  -1.6998188e-01   2.9652911e-08  -1.6264879e-07
  -1.6181903e-01  -1.6181904e-01  -1.6725872e-01  -1.6998188e-01   2.9652911e-08  -1.6264879e-07  -3.8082309e-03  -4.1545651e-03   1.1236655e-08  -1.6181904e-01  -1.6181892e-01  -1.6998188e-01  -1.7270847e-01  -1.6264879e-07   2.6513455e-07
  -1.6181904e-01  -1.6181892e-01  -1.6998188e-01  -1.7270847e-01  -1.6264879e-07   2.6513455e-07  -3.8075193e-03  -4.2194350e-03  -1.2325370e-09  -1.6181892e-01  -1.6181902e-01  -1.7270847e-01  -1.7543306e-01   2.6513455e-07  -2.9082334e-08
  -1.6181892e-01  -1.6181902e-01  -1.7270847e-01  -1.7543306e-01   2.6513455e-07  -2.9082334e-08  -3.8068038e-03  -4.2843851e-03  -1.1359836e-08  -1.6181902e-01  -1.6181904e-01  -1.7543306e-01  -1.7816092e-01  -2.9082334e-08  -2.6804107e-07
  -1.6181902e-01  -1.6181904e-01  -1.7543306e-01  -1.7816092e-01  -2.9082334e-08  -2.6804107e-07  -3.8060838e-03  -4.3493930e-03  -2.7994553e-08  -1.6181904e-01  -1.6181889e-01  -1.7816092e-01  -1.8089122e-01  -2.6804107e-07  -6.6054564e-07
  -1.6181904e-01  -1.6181889e-01  -1.7816092e-01  -1.8089122e-01  -2.6804107e-07  -6.6054564e-07  -3.8053707e-03  -4.4143691e-03  -1.1606373e-09  -1.6181889e-01  -1.6181909e-01  -1.8089122e-01  -1.8362017e-01  -6.6054564e-07  -2.7385824e-08
  -1.6181889e-01  -1.6181909e-01  -1.8089122e-01  -1.8362017e-01  -6.6054564e-07  -2.7385824e-08  -3.8046544e-03  -4.4794083e-03  -9.0306202e-09  -1.6181909e-01  -1.6181898e-01  -1.8362017e-01  -1.8635190e-01  -2.7385824e-08  -2.1308205e-07
  -1.6181909e-01  -1.6181898e-01  -1.8362017e-01  -1.8635190e-01  -2.7385824e-08  -2.1308205e-07  -3.8039383e-03  -4.5444848e-03  -7.4108166e-09  -1.6181898e-01  -1.6181904e-01  -1.8635190e-01  -1.8908509e-01  -2.1308205e-07  -1.7486196e-07
  -1.6181898e-01  -1.6181904e-01  -1.8635190e-01  -1.8908509e-01  -2.1308205e-07  -1.7486196e-07  -3.8032248e-03  -4.6095753e-03  -5.4885219e-11  -1.6181904e-01  -1.6181919e-01  -1.8908509e-01  -1.9181889e-01  -1.7486196e-07  -1.2950445e-09
  -1.6181904e-01  -1.6181919e-01  -1.8908509e-01  -1.9181889e-01  -1.7486196e-07  -1.2950445e-09  -3.8025153e-03  -4.6746800e-03   3.6732104e-09  -1.6181919e-01  -1.6181949e-01  -1.9181889e-01  -1.9455331e-01  -1.2950445e-09   8.6671258e-08
  -1.6181919e-01  -1.6181949e-01  -1.9181889e-01  -1.9455331e-01  -1.2950445e-09   8.6671258e-08  -3.8017870e-03  -4.7399168e-03   7.3986637e-09  -1.6181949e-01  -1.6181902e-01  -1.9455331e-01  -1.9729327e-01   8.6671258e-08   1.7457521e-07
  -1.6181949e-01  -1.6181902e-01  -1.9455331e-01  -1.9729327e-01   8.6671258e-08   1.7457521e-07  -3.8010685e-03  -4.8051316e-03  -6.7674212e-09  -1.6181902e-01  -1.6181902e-01  -1.9729327e-01  -2.0003230e-01   1.7457521e-07  -1.5968073e-07
  -1.6181902e-01  -1.6181902e-01  -1.9729327e-01  -2.0003230e-01   1.7457521e-07  -1.5968073e-07  -3.8003498e-03  -4.8703806e-03  -2.3508512e-10  -1.6181902e-01  -1.6181907e-01  -2.0003230e-01  -2.0277272e-01  -1.5968073e-07  -5.5469522e-09
  -1.6181902e-01  -1.6181907e-01  -2.0003230e-01  -2.0277272e-01  -1.5968073e-07  -5.5469522e-09  -3.7996309e-03  -4.9356680e-03  -2.6073971e-10  -1.6181907e-01  -1.6181905e-01  -2.0277272e-01  -2.0551481e-01  -5.5469522e-09  -6.1522852e-09
  -1.6181907e-01  -1.6181905e-01  -2.0277272e-01  -2.0551481e-01  -5.5469522e-09  -6.1522852e-09  -3.7989107e-03  -5.0009961e-03   7.3441855e-09  -1.6181905e-01  -1.6181902e-01  -2.0551481e-01  -2.0825859e-01  -6.1522852e-09   1.7328977e-07
  -1.6181905e-01  -1.6181902e-01  -2.0551481e-01  -2.0825859e-01  -6.1522852e-09   1.7328977e-07  -3.7981915e-03  -5.0663592e-03  -6.6174203e-09  -1.6181902e-01  -1.6181902e-01  -2.0825859e-01  -2.1100386e-01   1.7328977e-07  -1.5614138e-07
  -1.6181902e-01  -1.6181902e-01  -2.0825859e-01  -2.1100386e-01   1.7328977e-07  -1.5614138e-07  -3.7974747e-03  -5.1317536e-03  -1.4328074e-10  -1.6181902e-01  -1.6181922e-01  -2.1100386e-01  -2.1375039e-01  -1.5614138e-07  -3.3807816e-09
  -1.6181902e-01  -1.6181922e-01  -2.1100386e-01  -2.1375039e-01  -1.5614138e-07  -3.3807816e-09  -3.7967504e-03  -5.1971979e-03  -2.8565049e-10  -1.6181922e-01  -1.6181905e-01  -2.1375039e-01  -2.1649906e-01  -3.3807816e-09  -6.7400678e-09
  -1.6181922e-01  -1.6181905e-01  -2.1375039e-01  -2.1649906e-01  -3.3807816e-09  -6.7400678e-09  -3.7960286e-03  -5.2626824e-03   7.3699259e-09  -1.6181905e-01  -1.6181902e-01  -2.1649906e-01  -2.1924941e-01  -6.7400678e-09   1.7389713e-07
  -1.6181905e-01  -1.6181902e-01  -2.1649906e-01  -2.1924941e-01  -6.7400678e-09   1.7389713e-07  -3.7953067e-03  -5.3282023e-03   6.8952551e-09  -1.6181902e-01  -1.6181898e-01  -2.1924941e-01  -2.2200127e-01   1.7389713e-07   1.6269703e-07
  -1.6181902e-01  -1.6181898e-01  -2.1924941e-01  -2.2200127e-01   1.7389713e-07   1.6269703e-07  -3.7945871e-03  -5.3937581e-03  -2.5426748e-10  -1.6181898e-01  -1.6181908e-01  -2.2200127e-01  -2.2475462e-01   1.6269703e-07  -5.9995699e-09
  -1.6181898e-01  -1.6181908e-01  -2.2200127e-01  -2.2475462e-01   1.6269703e-07  -5.9995699e-09  -3.7938637e-03  -5.4593513e-03  -1.9115615e-10  -1.6181908e-01  -1.6181907e-01  -2.2475462e-01  -2.2750951e-01  -5.9995699e-09  -4.5104261e-09
  -1.6181908e-01  -1.6181907e-01  -2.2475462e-01  -2.2750951e-01  -5.9995699e-09  -4.5104261e-09  -3.7931390e-03  -5.5250105e-03   7.4148279e-09  -1.6181907e-01  -1.6181899e-01  -2.2750951e-01  -2.3026719e-01  -4.5104261e-09   1.7495661e-07
  -1.6181907e-01  -1.6181899e-01  -2.2750951e-01  -2.3026719e-01  -4.5104261e-09   1.7495661e-07  -3.7924149e-03  -5.5906960e-03   7.0411643e-09  -1.6181899e-01  -1.6181894e-01  -2.3026719e-01  -2.3302601e-01   1.7495661e-07   1.6613983e-07
  -1.6181899e-01  -1.6181894e-01  -2.3026719e-01  -2.3302601e-01   1.7495661e-07   1.6613983e-07  -3.7916941e-03  -5.6564282e-03   6.8497232e-09  -1.6181894e-01  -1.6181907e-01  -2.3302601e-01  -2.3578676e-01   1.6613983e-07   1.6162268e-07
  -1.6181894e-01  -1.6181907e-01  -2.3302601e-01  -2.3578676e-01   1.6613983e-07   1.6162268e-07  -3.7909679e-03  -5.7222004e-03   6.9100811e-09  -1.6181907e-01  -1.6181899e-01  -2.3578676e-01  -2.3854919e-01   1.6162268e-07   1.6304686e-07
  -1.6181907e-01  -1.6181899e-01  -2.3578676e-01  -2.3854919e-01   1.6162268e-07   1.6304686e-07  -3.7902449e-03  -5.7880170e-03  -2.5987826e-10  -1.6181899e-01  -1.6181907e-01  -2.3854919e-01  -2.4131349e-01   1.6304686e-07  -6.1319590e-09
  -1.6181899e-01  -1.6181907e-01  -2.3854919e-01  -2.4131349e-01   1.6304686e-07  -6.1319590e-09  -3.7895171e-03  -5.8538801e-03  -3.5458652e-10  -1.6181907e-01  -1.6181899e-01  -2.4131349e-01  -2.4407972e-01  -6.1319590e-09  -8.3666483e-09
  -1.6181907e-01  -1.6181899e-01  -2.4131349e-01  -2.4407972e-01  -6.1319590e-09  -8.3666483e-09  -3.7887926e-03  -5.9197901e-03   7.3186607e-09  -1.6181899e-01  -1.6181905e-01  -2.4407972e-01  -2.4684794e-01  -8.3666483e-09   1.7268750e-07
  -1.6181899e-01  -1.6181905e-01  -2.4407972e-01  -2.4684794e-01  -8.3666483e-09   1.7268750e-07  -3.7880645e-03  -5.9857417e-03   7.1170459e-09  -1.6181905e-01  -1.6181894e-01  -2.4684794e-01  -2.4961793e-01   1.7268750e-07   1.6793030e-07
  -1.6181905e-01  -1.6181894e-01  -2.4684794e-01  -2.4961793e-01   1.7268750e-07   1.6793030e-07  -3.7873401e-03  -6.0517352e-03  -1.0610097e-10  -1.6181894e-01  -1.6181904e-01  -2.4961793e-01  -2.5238966e-01   1.6793030e-07  -2.5035060e-09
  -1.6181894e-01  -1.6181904e-01  -2.4961793e-01  -2.5238966e-01   1.6793030e-07  -2.5035060e-09  -3.7865982e-03  -6.1178240e-03  -7.4024801e-10  -1.6181904e-01  -1.6181846e-01  -2.5238966e-01  -2.5516536e-01  -2.5035060e-09  -1.7466526e-08
  -1.6181904e-01  -1.6181846e-01  -2.5238966e-01  -2.5516536e-01  -2.5035060e-09  -1.7466526e-08  -3.7858732e-03  -6.1839136e-03   2.3675580e-08  -1.6181846e-01  -1.6181860e-01  -2.5516536e-01  -2.5794113e-01  -1.7466526e-08   5.5863728e-07
  -1.6181846e-01  -1.6181860e-01  -2.5516536e-01  -2.5794113e-01  -1.7466526e-08   5.5863728e-07  -3.7851511e-03  -6.2500404e-03   5.2551168e-09  -1.6181860e-01  -1.6181874e-01  -2.5794113e-01  -2.6071853e-01   5.5863728e-07   1.2399714e-07
  -1.6181860e-01  -1.6181874e-01  -2.5794113e-01  -2.6071853e-01   5.5863728e-07   1.2399714e-07  -3.7844259e-03  -6.3162233e-03   7.4314489e-09  -1.6181874e-01  -1.6181898e-01  -2.6071853e-01  -2.6349815e-01   1.2399714e-07   1.7534879e-07
  -1.6181874e-01  -1.6181898e-01  -2.6071853e-01  -2.6349815e-01   1.2399714e-07   1.7534879e-07  -3.7836971e-03  -6.3824641e-03  -3.3394335e-10  -1.6181898e-01  -1.6181899e-01  -2.6349815e-01  -2.6628027e-01   1.7534879e-07  -7.8795623e-09
  -1.6181898e-01  -1.6181899e-01  -2.6349815e-01  -2.6628027e-01   1.7534879e-07  -7.8795623e-09  -3.7829678e-03  -6.4487564e-03  -7.7273930e-11  -1.6181899e-01  -1.6181906e-01  -2.6628027e-01  -2.6906452e-01  -7.8795623e-09  -1.8233174e-09
  -1.6181899e-01  -1.6181906e-01  -2.6628027e-01  -2.6906452e-01  -7.8795623e-09  -1.8233174e-09  -3.7822352e-03  -6.5151031e-03  -7.4173086e-09  -1.6181906e-01  -1.6181897e-01  -2.6906452e-01  -2.7185108e-01  -1.8233174e-09  -1.7501515e-07
  -1.6181906e-01  -1.6181897e-01  -2.6906452e-01  -2.7185108e-01  -1.8233174e-09  -1.7501515e-07  -3.7815055e-03  -6.5151086e-03  -6.3298113e-09  -1.6181897e-01  -1.6181907e-01  -2.7185108e-01  -2.7185129e-01  -1.7501515e-07  -1.4935510e-07
  -1.6181897e-01  -1.6181907e-01  -2.7185108e-01  -2.7185129e-01  -1.7501515e-07  -1.4935510e-07  -3.7815033e-03  -6.5151011e-03   5.4558573e-10  -1.6181907e-01  -1.6181897e-01  -2.7185129e-01  -2.7185098e-01  -1.4935510e-07   1.2873371e-08
  -1.6181907e-01  -1.6181897e-01  -2.7185129e-01  -2.7185098e-01  -1.4935510e-07   1.2873371e-08  -3.7815054e-03  -6.5151024e-03   7.2700840e-09  -1.6181897e-01  -1.6181902e-01  -2.7185098e-01  -2.7185106e-01   1.2873371e-08   1.7154131e-07
  -1.6181897e-01  -1.6181902e-01  -2.7185098e-01  -2.7185106e-01   1.2873371e-08   1.7154131e-07  -3.7815032e-03  -6.5150994e-03   7.0749158e-09  -1.6181902e-01  -1.6181889e-01  -2.7185106e-01  -2.7185095e-01   1.7154131e-07   1.6693622e-07
  -1.6181902e-01  -1.6181889e-01  -2.7185106e-01  -2.7185095e-01   1.7154131e-07   1.6693622e-07  -3.7815044e-03  -6.5151017e-03   7.0758569e-09  -1.6181889e-01  -1.6181895e-01  -2.7185095e-01  -2.7185105e-01   1.6693622e-07   1.6695842e-07
  -1.6181889e-01  -1.6181895e-01  -2.7185095e-01  -2.7185105e-01   1.6693622e-07   1.6695842e-07  -3.7815054e-03  -6.5151005e-03  -1.5748931e-10  -1.6181895e-01  -1.6181899e-01  -2.7185105e-01  -2.7185100e-01   1.6695842e-07  -3.7160399e-09
  -1.6181895e-01  -1.6181899e-01  -2.7185105e-01  -2.7185100e-01   1.6695842e-07  -3.7160399e-09  -3.7815163e-03  -6.5150775e-03  -3.6347901e-09  -1.6181899e-01  -1.6181948e-01  -2.7185100e-01  -2.7185001e-01  -3.7160399e-09  -8.5764709e-08
  -1.6181899e-01  -1.6181948e-01  -2.7185100e-01  -2.7185001e-01  -3.7160399e-09  -8.5764709e-08  -3.7815042e-03  -6.5151045e-03  -7.2659404e-09  -1.6181948e-01  -1.6181898e-01  -2.7185001e-01  -2.7185113e-01  -8.5764709e-08  -1.7144354e-07
  -1.6181948e-01  -1.6181898e-01  -2.7185001e-01  -2.7185113e-01  -8.5764709e-08  -1.7144354e-07  -5.0835603e-03  -6.5151040e-03  -2.5729657e-09  -1.6181898e-01  -2.1650537e-01  -2.7185113e-01  -2.7185110e-01  -1.7144354e-07  -6.0710428e-08
  -1.6181898e-01  -2.1650537e-01  -2.7185113e-01  -2.7185110e-01  -1.7144354e-07  -6.0710428e-08  -5.0835614e-03  -6.5294538e-03  -6.4508580e-09  -2.1650537e-01  -2.1650539e-01  -2.7185110e-01  -2.7185116e-01  -6.0710428e-08  -1.5221126e-07
  -2.1650537e-01  -2.1650539e-01  -2.7185110e-01  -2.7185116e-01  -6.0710428e-08  -1.5221126e-07  -5.0835637e-03  -6.4631098e-03  -6.2226905e-09  -2.1650539e-01  -2.1650551e-01  -2.7185116e-01  -2.6906469e-01  -1.5221126e-07  -1.4682753e-07
  -2.1650539e-01  -2.1650551e-01  -2.7185116e-01  -2.6906469e-01  -1.5221126e-07  -1.4682753e-07  -5.0842979e-03  -6.3968115e-03   3.2623911e-10  -2.1650551e-01  -2.1650564e-01  -2.6906469e-01  -2.6628017e-01  -1.4682753e-07   7.6977767e-09
  -2.1650551e-01  -2.1650564e-01  -2.6906469e-01  -2.6628017e-01  -1.4682753e-07   7.6977767e-09  -5.0850423e-03  -6.3305060e-03  -2.1536144e-09  -2.1650564e-01  -2.1650618e-01  -2.6628017e-01  -2.6349536e-01   7.6977767e-09  -5.0815620e-08
  -2.1650564e-01  -2.1650618e-01  -2.6628017e-01  -2.6349536e-01   7.6977767e-09  -5.0815620e-08  -5.0857576e-03  -6.2643810e-03  -7.4267185e-09  -2.1650618e-01  -2.1650555e-01  -2.6349536e-01  -2.6071810e-01  -5.0815620e-08  -1.7523718e-07
  -2.1650618e-01  -2.1650555e-01  -2.6349536e-01  -2.6071810e-01  -5.0815620e-08  -1.7523718e-07  -5.0864860e-03  -6.1982377e-03  -6.7378011e-09  -2.1650555e-01  -2.1650556e-01  -2.6071810e-01  -2.5794006e-01  -1.7523718e-07  -1.5898182e-07
  -2.1650555e-01  -2.1650556e-01  -2.6071810e-01  -2.5794006e-01  -1.7523718e-07  -1.5898182e-07  -5.0872174e-03  -6.1321318e-03   2.8346777e-10  -2.1650556e-01  -2.1650566e-01  -2.5794006e-01  -2.5516362e-01  -1.5898182e-07   6.6885654e-09
  -2.1650556e-01  -2.1650566e-01  -2.5794006e-01  -2.5516362e-01  -1.5898182e-07   6.6885654e-09  -5.0879564e-03  -6.0660284e-03   3.0454746e-09  -2.1650566e-01  -2.1650607e-01  -2.5516362e-01  -2.5238730e-01   6.6885654e-09   7.1859512e-08
  -2.1650566e-01  -2.1650607e-01  -2.5516362e-01  -2.5238730e-01   6.6885654e-09   7.1859512e-08  -5.0886737e-03  -6.0000923e-03   7.4115861e-09  -2.1650607e-01  -2.1650559e-01  -2.5238730e-01  -2.4961799e-01   7.1859512e-08   1.7488012e-07
  -2.1650607e-01  -2.1650559e-01  -2.5238730e-01  -2.4961799e-01   7.1859512e-08   1.7488012e-07  -5.0894004e-03  -5.9341379e-03  -2.8455618e-10  -2.1650559e-01  -2.1650557e-01  -2.4961799e-01  -2.4684793e-01   1.7488012e-07  -6.7142468e-09
  -2.1650559e-01  -2.1650557e-01  -2.4961799e-01  -2.4684793e-01   1.7488012e-07  -6.7142468e-09  -5.0901265e-03  -5.8682303e-03  -1.3582934e-09  -2.1650557e-01  -2.1650558e-01  -2.4684793e-01  -2.4407978e-01  -6.7142468e-09  -3.2049619e-08
  -2.1650557e-01  -2.1650558e-01  -2.4684793e-01  -2.4407978e-01  -6.7142468e-09  -3.2049619e-08  -5.0908531e-03  -5.8023691e-03   7.4519722e-09  -2.1650558e-01  -2.1650559e-01  -2.4407978e-01  -2.4131360e-01  -3.2049619e-08   1.7583305e-07
  -2.1650558e-01  -2.1650559e-01  -2.4407978e-01  -2.4131360e-01  -3.2049619e-08   1.7583305e-07  -5.0915795e-03  -5.7365503e-03   7.2652373e-09  -2.1650559e-01  -2.1650558e-01  -2.4131360e-01  -2.3854925e-01   1.7583305e-07   1.7142695e-07
  -2.1650559e-01  -2.1650558e-01  -2.4131360e-01  -2.3854925e-01   1.7583305e-07   1.7142695e-07  -5.0923055e-03  -5.6707718e-03  -3.5813823e-10  -2.1650558e-01  -2.1650561e-01  -2.3854925e-01  -2.3578655e-01   1.7142695e-07  -8.4504526e-09
  -2.1650558e-01  -2.1650561e-01  -2.3854925e-01  -2.3578655e-01   1.7142695e-07  -8.4504526e-09  -5.0930286e-03  -5.6050476e-03  -4.0600580e-09  -2.1650561e-01  -2.1650557e-01  -2.3578655e-01  -2.3302610e-01  -8.4504526e-09  -9.5799121e-08
  -2.1650561e-01  -2.1650557e-01  -2.3578655e-01  -2.3302610e-01  -8.4504526e-09  -9.5799121e-08  -5.0937529e-03  -5.5393611e-03  -6.8254328e-09  -2.1650557e-01  -2.1650559e-01  -2.3302610e-01  -2.3026726e-01  -9.5799121e-08  -1.6104954e-07
  -2.1650557e-01  -2.1650559e-01  -2.3302610e-01  -2.3026726e-01  -9.5799121e-08  -1.6104954e-07  -5.0944763e-03  -5.4737162e-03   5.7289106e-10  -2.1650559e-01  -2.1650558e-01  -2.3026726e-01  -2.2751016e-01  -1.6104954e-07   1.3517654e-08
  -2.1650559e-01  -2.1650558e-01  -2.3026726e-01  -2.2751016e-01  -1.6104954e-07   1.3517654e-08  -5.0952009e-03  -5.4081132e-03   1.0308040e-09  -2.1650558e-01  -2.1650560e-01  -2.2751016e-01  -2.2475487e-01   1.3517654e-08   2.4322343e-08
  -2.1650558e-01  -2.1650560e-01  -2.2751016e-01  -2.2475487e-01   1.3517654e-08   2.4322343e-08  -5.0959218e-03  -5.3425854e-03  -2.6070528e-09  -2.1650560e-01  -2.1650551e-01  -2.2475487e-01  -2.2200270e-01   2.4322343e-08  -6.1514730e-08
  -2.1650560e-01  -2.1650551e-01  -2.2475487e-01  -2.2200270e-01   2.4322343e-08  -6.1514730e-08  -5.0966443e-03  -5.2770600e-03   6.8784784e-09  -2.1650551e-01  -2.1650554e-01  -2.2200270e-01  -2.1925062e-01  -6.1514730e-08   1.6230118e-07
  -2.1650551e-01  -2.1650554e-01  -2.2200270e-01  -2.1925062e-01  -6.1514730e-08   1.6230118e-07  -5.0973688e-03  -5.2115502e-03   7.3453836e-09  -2.1650554e-01  -2.1650560e-01  -2.1925062e-01  -2.1649924e-01   1.6230118e-07   1.7331804e-07
  -2.1650554e-01  -2.1650560e-01  -2.1925062e-01  -2.1649924e-01   1.6230118e-07   1.7331804e-07  -5.0980910e-03  -5.1461047e-03  -2.0015320e-10  -2.1650560e-01  -2.1650562e-01  -2.1649924e-01  -2.1375053e-01   1.7331804e-07  -4.7227160e-09
  -2.1650560e-01  -2.1650562e-01  -2.1649924e-01  -2.1375053e-01   1.7331804e-07  -4.7227160e-09  -5.0988112e-03  -5.0807087e-03   6.5677044e-10  -2.1650562e-01  -2.1650560e-01  -2.1375053e-01  -2.1100387e-01  -4.7227160e-09   1.5496831e-08
  -2.1650562e-01  -2.1650560e-01  -2.1375053e-01  -2.1100387e-01  -4.7227160e-09   1.5496831e-08  -5.0995304e-03  -5.0153452e-03   7.4141263e-09  -2.1650560e-01  -2.1650554e-01  -2.1100387e-01  -2.0825861e-01   1.5496831e-08   1.7494006e-07
  -2.1650560e-01  -2.1650554e-01  -2.1100387e-01  -2.0825861e-01   1.5496831e-08   1.7494006e-07  -5.1002541e-03  -4.9500203e-03  -6.6741723e-09  -2.1650554e-01  -2.1650565e-01  -2.0825861e-01  -2.0551499e-01   1.7494006e-07  -1.5748047e-07
  -2.1650554e-01  -2.1650565e-01  -2.0825861e-01  -2.0551499e-01   1.7494006e-07  -1.5748047e-07  -5.1009715e-03  -4.8847340e-03  -6.8147607e-09  -2.1650565e-01  -2.1650560e-01  -2.0551499e-01  -2.0277291e-01  -1.5748047e-07  -1.6079772e-07
  -2.1650565e-01  -2.1650560e-01  -2.0551499e-01  -2.0277291e-01  -1.5748047e-07  -1.6079772e-07  -5.1016912e-03  -4.8194820e-03   2.8421767e-10  -2.1650560e-01  -2.1650561e-01  -2.0277291e-01  -2.0003233e-01  -1.6079772e-07   6.7062597e-09
  -2.1650560e-01  -2.1650561e-01  -2.0277291e-01  -2.0003233e-01  -1.6079772e-07   6.7062597e-09  -5.1024112e-03  -4.7542661e-03   4.7504462e-09  -2.1650561e-01  -2.1650562e-01  -2.0003233e-01  -1.9729329e-01   6.7062597e-09   1.1208918e-07
  -2.1650561e-01  -2.1650562e-01  -2.0003233e-01  -1.9729329e-01   6.7062597e-09   1.1208918e-07  -5.1031302e-03  -4.6890872e-03   1.7248097e-09  -2.1650562e-01  -2.1650562e-01  -1.9729329e-01  -1.9455579e-01   1.1208918e-07   4.0697757e-08
  -2.1650562e-01  -2.1650562e-01  -1.9729329e-01  -1.9455579e-01   1.1208918e-07   4.0697757e-08  -5.1038478e-03  -4.6239429e-03  -7.3913327e-09  -2.1650562e-01  -2.1650561e-01  -1.9455579e-01  -1.9181972e-01   4.0697757e-08  -1.7440223e-07
  -2.1650562e-01  -2.1650561e-01  -1.9455579e-01  -1.9181972e-01   4.0697757e-08  -1.7440223e-07  -5.1045654e-03  -4.5588329e-03  -8.5640164e-10  -2.1650561e-01  -2.1650563e-01  -1.9181972e-01  -1.8908506e-01  -1.7440223e-07  -2.0207230e-08
  -2.1650561e-01  -2.1650563e-01  -1.9181972e-01  -1.8908506e-01  -1.7440223e-07  -2.0207230e-08  -5.1052870e-03  -4.4937754e-03   7.8858576e-10  -2.1650563e-01  -2.1650577e-01  -1.8908506e-01  -1.8635267e-01  -2.0207230e-08   1.8607080e-08
  -2.1650563e-01  -2.1650577e-01  -1.8908506e-01  -1.8635267e-01  -2.0207230e-08   1.8607080e-08  -5.1060017e-03  -4.4287166e-03   5.3996659e-09  -2.1650577e-01  -2.1650568e-01  -1.8635267e-01  -1.8362020e-01   1.8607080e-08   1.2740785e-07
  -2.1650577e-01  -2.1650568e-01  -1.8635267e-01  -1.8362020e-01   1.8607080e-08   1.2740785e-07  -5.1067192e-03  -4.3637053e-03   7.3260300e-09  -2.1650568e-01  -2.1650568e-01  -1.8362020e-01  -1.8088975e-01   1.2740785e-07   1.7286138e-07
  -2.1650568e-01  -2.1650568e-01  -1.8362020e-01  -1.8088975e-01   1.2740785e-07   1.7286138e-07  -5.1074348e-03  -4.2987304e-03   7.2042721e-09  -2.1650568e-01  -2.1650564e-01  -1.8088975e-01  -1.7816081e-01   1.7286138e-07   1.6998844e-07
  -2.1650568e-01  -2.1650564e-01  -1.8088975e-01  -1.7816081e-01   1.7286138e-07   1.6998844e-07  -5.1081482e-03  -4.2337718e-03   8.7287514e-10  -2.1650564e-01  -2.1650554e-01  -1.7816081e-01  -1.7543255e-01   1.6998844e-07   2.0595930e-08
  -2.1650564e-01  -2.1650554e-01  -1.7816081e-01  -1.7543255e-01   1.6998844e-07   2.0595930e-08  -5.1088664e-03  -4.1688731e-03   7.3205188e-09  -2.1650554e-01  -2.1650565e-01  -1.7543255e-01  -1.7270678e-01   2.0595930e-08   1.7273134e-07
  -2.1650554e-01  -2.1650565e-01  -1.7543255e-01  -1.7270678e-01   2.0595930e-08   1.7273134e-07  -5.1095821e-03  -4.1039902e-03   7.3117997e-09  -2.1650565e-01  -2.1650565e-01  -1.7270678e-01  -1.6998172e-01   1.7273134e-07   1.7252561e-07
  -2.1650565e-01  -2.1650565e-01  -1.7270678e-01  -1.6998172e-01   1.7273134e-07   1.7252561e-07  -5.1102911e-03  -4.0391135e-03   2.1725819e-09  -2.1650565e-01  -2.1650540e-01  -1.6998172e-01  -1.6725690e-01   1.7252561e-07   5.1263168e-08
  -2.1650565e-01  -2.1650540e-01  -1.6998172e-01  -1.6725690e-01   1.7252561e-07   5.1263168e-08  -5.1110136e-03  -3.9743234e-03  -7.0038598e-09  -2.1650540e-01  -2.1650574e-01  -1.6725690e-01  -1.6453570e-01   5.1263168e-08  -1.6525961e-07
  -2.1650540e-01  -2.1650574e-01  -1.6725690e-01  -1.6453570e-01   5.1263168e-08  -1.6525961e-07  -5.1117252e-03  -3.9095244e-03  -7.0890174e-09  -2.1650574e-01  -2.1650566e-01  -1.6453570e-01  -1.6181411e-01  -1.6525961e-07  -1.6726895e-07
  -2.1650574e-01  -2.1650566e-01  -1.6453570e-01  -1.6181411e-01  -1.6525961e-07  -1.6726895e-07  -5.1124392e-03  -3.8447602e-03  -3.7594937e-09  -2.1650566e-01  -2.1650566e-01  -1.6181411e-01  -1.5909401e-01  -1.6726895e-07  -8.8707155e-08
  -2.1650566e-01  -2.1650566e-01  -1.6181411e-01  -1.5909401e-01  -1.6726895e-07  -8.8707155e-08  -5.1131534e-03  -3.7800245e-03  -7.3316972e-09  -2.1650566e-01  -2.1650567e-01  -1.5909401e-01  -1.5637512e-01  -8.8707155e-08  -1.7299510e-07
  -2.1650566e-01  -2.1650567e-01  -1.5909401e-01  -1.5637512e-01  -8.8707155e-08  -1.7299510e-07  -5.1138663e-03  -3.7153154e-03   1.7500748e-09  -2.1650567e-01  -2.1650566e-01  -1.5637512e-01  -1.5365732e-01  -1.7299510e-07   4.1293900e-08
  -2.1650567e-01  -2.1650566e-01  -1.5637512e-01  -1.5365732e-01  -1.7299510e-07   4.1293900e-08  -5.1145740e-03  -3.6506189e-03  -8.1612175e-10  -2.1650566e-01  -2.1650541e-01  -1.5365732e-01  -1.5094011e-01   4.1293900e-08  -1.9256805e-08
  -2.1650566e-01  -2.1650541e-01  -1.5365732e-01  -1.5094011e-01   4.1293900e-08  -1.9256805e-08  -5.1152930e-03  -3.5859805e-03  -7.2567239e-09  -2.1650541e-01  -2.1650567e-01  -1.5094011e-01  -1.4822529e-01  -1.9256805e-08  -1.7122607e-07
  -2.1650541e-01  -2.1650567e-01  -1.5094011e-01  -1.4822529e-01  -1.9256805e-08  -1.7122607e-07  -5.1160050e-03  -3.5213531e-03  -5.2579263e-09  -2.1650567e-01  -2.1650567e-01  -1.4822529e-01  -1.4551091e-01  -1.7122607e-07  -1.2406343e-07
  -2.1650567e-01  -2.1650567e-01  -1.4822529e-01  -1.4551091e-01  -1.7122607e-07  -1.2406343e-07  -5.1167175e-03  -3.4567506e-03   7.3944355e-09  -2.1650567e-01  -2.1650568e-01  -1.4551091e-01  -1.4279761e-01  -1.2406343e-07   1.7447544e-07
  -2.1650567e-01  -2.1650568e-01  -1.4551091e-01  -1.4279761e-01  -1.2406343e-07   1.7447544e-07  -5.1174300e-03  -3.3921720e-03   7.1956737e-09  -2.1650568e-01  -2.1650567e-01  -1.4279761e-01  -1.4008536e-01   1.7447544e-07   1.6978556e-07
  -2.1650568e-01  -2.1650567e-01  -1.4279761e-01  -1.4008536e-01   1.7447544e-07   1.6978556e-07  -5.1181408e-03  -3.3276212e-03   6.6890334e-09  -2.1650567e-01  -2.1650564e-01  -1.4008536e-01  -1.3737423e-01   1.6978556e-07   1.5783112e-07
  -2.1650567e-01  -2.1650564e-01  -1.4008536e-01  -1.3737423e-01   1.6978556e-07   1.5783112e-07  -5.1188499e-03  -3.2630849e-03  -2.9217384e-10  -2.1650564e-01  -2.1650554e-01  -1.3737423e-01  -1.3466370e-01   1.5783112e-07  -6.8939894e-09
  -2.1650564e-01  -2.1650554e-01  -1.3737423e-01  -1.3466370e-01   1.5783112e-07  -6.8939894e-09  -5.1195520e-03  -3.1985679e-03   1.0316487e-10  -2.1650554e-01  -2.1650518e-01  -1.3466370e-01  -1.3195396e-01  -6.8939894e-09   2.4342272e-09
  -2.1650554e-01  -2.1650518e-01  -1.3466370e-01  -1.3195396e-01  -6.8939894e-09   2.4342272e-09  -5.1202753e-03  -3.1341067e-03  -7.2962309e-09  -2.1650518e-01  -2.1650569e-01  -1.3195396e-01  -1.2924659e-01   2.4342272e-09  -1.7215826e-07
  -2.1650518e-01  -2.1650569e-01  -1.3195396e-01  -1.2924659e-01   2.4342272e-09  -1.7215826e-07  -5.1209852e-03  -3.0696481e-03  -7.1377958e-09  -2.1650569e-01  -2.1650569e-01  -1.2924659e-01  -1.2653930e-01  -1.7215826e-07  -1.6841990e-07
  -2.1650569e-01  -2.1650569e-01  -1.2924659e-01  -1.2653930e-01  -1.7215826e-07  -1.6841990e-07  -5.1216961e-03  -3.0052123e-03  -6.6222847e-09  -2.1650569e-01  -2.1650572e-01  -1.2653930e-01  -1.2383300e-01  -1.6841990e-07  -1.5625616e-07
  -2.1650569e-01  -2.1650572e-01  -1.2653930e-01  -1.2383300e-01  -1.6841990e-07  -1.5625616e-07  -5.1224072e-03  -2.9407955e-03  -6.4621751e-09  -2.1650572e-01  -2.1650576e-01  -1.2383300e-01  -1.2112749e-01  -1.5625616e-07  -1.5247829e-07
  -2.1650572e-01  -2.1650576e-01  -1.2383300e-01  -1.2112749e-01  -1.5625616e-07  -1.5247829e-07  -5.1231158e-03  -2.8764034e-03  -6.4438142e-09  -2.1650576e-01  -2.1650570e-01  -1.2112749e-01  -1.1842302e-01  -1.5247829e-07  -1.5204505e-07
  -2.1650576e-01  -2.1650570e-01  -1.2112749e-01  -1.1842302e-01  -1.5247829e-07  -1.5204505e-07  -5.1238250e-03  -2.8120301e-03  -6.4183188e-09  -2.1650570e-01  -2.1650569e-01  -1.1842302e-01  -1.1571934e-01  -1.5204505e-07  -1.5144348e-07
  -2.1650570e-01  -2.1650569e-01  -1.1842302e-01  -1.1571934e-01  -1.5204505e-07  -1.5144348e-07  -5.1245322e-03  -2.7476746e-03   4.7123031e-10  -2.1650569e-01  -2.1650560e-01  -1.1571934e-01  -1.1301641e-01  -1.5144348e-07   1.1118917e-08
  -2.1650569e-01  -2.1650560e-01  -1.1571934e-01  -1.1301641e-01  -1.5144348e-07   1.1118917e-08  -5.1252198e-03  -2.6833190e-03  -8.7216291e-10  -2.1650560e-01  -2.1650467e-01  -1.1301641e-01  -1.1031351e-01   1.1118917e-08  -2.0579125e-08
  -2.1650560e-01  -2.1650467e-01  -1.1301641e-01  -1.1031351e-01   1.1118917e-08  -2.0579125e-08  -5.1259531e-03  -2.6190308e-03  -7.3287689e-09  -2.1650467e-01  -2.1650569e-01  -1.1031351e-01  -1.0761341e-01  -2.0579125e-08  -1.7292601e-07
  -2.1650467e-01  -2.1650569e-01  -1.1031351e-01  -1.0761341e-01  -2.0579125e-08  -1.7292601e-07  -5.1266620e-03  -2.5547362e-03  -6.8669570e-09  -2.1650569e-01  -2.1650572e-01  -1.0761341e-01  -1.0491300e-01  -1.7292601e-07  -1.6202932e-07
  -2.1650569e-01  -2.1650572e-01  -1.0761341e-01  -1.0491300e-01  -1.7292601e-07  -1.6202932e-07  -5.1273708e-03  -2.4904610e-03   6.7864779e-09  -2.1650572e-01  -2.1650573e-01  -1.0491300e-01  -1.0221344e-01  -1.6202932e-07   1.6013038e-07
  -2.1650572e-01  -2.1650573e-01  -1.0491300e-01  -1.0221344e-01  -1.6202932e-07   1.6013038e-07  -5.1280794e-03  -2.4261995e-03  -6.2347046e-09  -2.1650573e-01  -2.1650572e-01  -1.0221344e-01  -9.9514511e-02   1.6013038e-07  -1.4711101e-07
  -2.1650573e-01  -2.1650572e-01  -1.0221344e-01  -9.9514511e-02   1.6013038e-07  -1.4711101e-07  -5.1287878e-03  -2.3619593e-03   6.7143688e-09  -2.1650572e-01  -2.1650575e-01  -9.9514511e-02  -9.6816373e-02  -1.4711101e-07   1.5842893e-07
  -2.1650572e-01  -2.1650575e-01  -9.9514511e-02  -9.6816373e-02  -1.4711101e-07   1.5842893e-07  -5.1294958e-03  -2.2977336e-03  -6.2061823e-09  -2.1650575e-01  -2.1650573e-01  -9.6816373e-02  -9.4118944e-02   1.5842893e-07  -1.4643801e-07
  -2.1650575e-01  -2.1650573e-01  -9.6816373e-02  -9.4118944e-02   1.5842893e-07  -1.4643801e-07  -5.1302026e-03  -2.2335255e-03   6.8157063e-09  -2.1650573e-01  -2.1650571e-01  -9.4118944e-02  -9.1422153e-02  -1.4643801e-07   1.6082004e-07
  -2.1650573e-01  -2.1650571e-01  -9.4118944e-02  -9.1422153e-02  -1.4643801e-07   1.6082004e-07  -5.1309114e-03  -2.1693327e-03  -6.3058048e-09  -2.1650571e-01  -2.1650574e-01  -9.1422153e-02  -8.8726109e-02   1.6082004e-07  -1.4878865e-07
  -2.1650571e-01  -2.1650574e-01  -9.1422153e-02  -8.8726109e-02   1.6082004e-07  -1.4878865e-07  -5.1316194e-03  -2.1051565e-03   6.9008256e-09  -2.1650574e-01  -2.1650579e-01  -8.8726109e-02  -8.6030654e-02  -1.4878865e-07   1.6282847e-07
  -2.1650574e-01  -2.1650579e-01  -8.8726109e-02  -8.6030654e-02  -1.4878865e-07   1.6282847e-07  -5.1323260e-03  -2.0409934e-03  -6.2950048e-09  -2.1650579e-01  -2.1650574e-01  -8.6030654e-02  -8.3335857e-02   1.6282847e-07  -1.4853382e-07
  -2.1650579e-01  -2.1650574e-01  -8.6030654e-02  -8.3335857e-02   1.6282847e-07  -1.4853382e-07  -5.1330319e-03  -1.9768466e-03  -2.4104633e-10  -2.1650574e-01  -2.1650571e-01  -8.3335857e-02  -8.0641637e-02  -1.4853382e-07  -5.6876100e-09
  -2.1650574e-01  -2.1650571e-01  -8.3335857e-02  -8.0641637e-02  -1.4853382e-07  -5.6876100e-09  -5.1337401e-03  -1.9127125e-03   7.0845151e-09  -2.1650571e-01  -2.1650576e-01  -8.0641637e-02  -7.7948032e-02  -5.6876100e-09   1.6716272e-07
  -2.1650571e-01  -2.1650576e-01  -8.0641637e-02  -7.7948032e-02  -5.6876100e-09   1.6716272e-07  -5.1344470e-03  -1.8485921e-03  -6.3755121e-09  -2.1650576e-01  -2.1650575e-01  -7.7948032e-02  -7.5255005e-02   1.6716272e-07  -1.5043343e-07
  -2.1650576e-01  -2.1650575e-01  -7.7948032e-02  -7.5255005e-02   1.6716272e-07  -1.5043343e-07  -5.1351510e-03  -1.7844845e-03  -2.2796202e-10  -2.1650575e-01  -2.1650566e-01  -7.5255005e-02  -7.2562430e-02  -1.5043343e-07  -5.3788790e-09
  -2.1650575e-01  -2.1650566e-01  -7.5255005e-02  -7.2562430e-02  -1.5043343e-07  -5.3788790e-09  -5.1358457e-03  -1.7203825e-03  -1.9131336e-10  -2.1650566e-01  -2.1650516e-01  -7.2562430e-02  -6.9870172e-02  -5.3788790e-09  -4.5141356e-09
  -2.1650566e-01  -2.1650516e-01  -7.2562430e-02  -6.9870172e-02  -5.3788790e-09  -4.5141356e-09  -5.1365664e-03  -1.6563079e-03  -7.3478257e-09  -2.1650516e-01  -2.1650576e-01  -6.9870172e-02  -6.7179043e-02  -4.5141356e-09  -1.7337566e-07
  -2.1650516e-01  -2.1650576e-01  -6.9870172e-02  -6.7179043e-02  -4.5141356e-09  -1.7337566e-07  -5.1372723e-03  -1.5922374e-03   6.7186027e-09  -2.1650576e-01  -2.1650576e-01  -6.7179043e-02  -6.4488046e-02  -1.7337566e-07   1.5852883e-07
  -2.1650576e-01  -2.1650576e-01  -6.7179043e-02  -6.4488046e-02  -1.7337566e-07   1.5852883e-07  -5.1379789e-03  -1.5281764e-03   6.3777593e-09  -2.1650576e-01  -2.1650576e-01  -6.4488046e-02  -6.1797540e-02   1.5852883e-07   1.5048646e-07
  -2.1650576e-01  -2.1650576e-01  -6.4488046e-02  -6.1797540e-02   1.5852883e-07   1.5048646e-07  -5.1386847e-03  -1.4641271e-03   6.6537338e-09  -2.1650576e-01  -2.1650576e-01  -6.1797540e-02  -5.9107469e-02   1.5048646e-07   1.5699821e-07
  -2.1650576e-01  -2.1650576e-01  -6.1797540e-02  -5.9107469e-02   1.5048646e-07   1.5699821e-07  -5.1393908e-03  -1.4000880e-03   6.6538546e-09  -2.1650576e-01  -2.1650577e-01  -5.9107469e-02  -5.6417830e-02   1.5699821e-07   1.5700106e-07
  -2.1650576e-01  -2.1650577e-01  -5.9107469e-02  -5.6417830e-02   1.5699821e-07   1.5700106e-07  -5.1400947e-03  -1.3360573e-03  -3.5606434e-10  -2.1650577e-01  -2.1650570e-01  -5.6417830e-02  -5.3728538e-02   1.5700106e-07  -8.4015182e-09
  -2.1650577e-01  -2.1650570e-01  -5.6417830e-02  -5.3728538e-02   1.5700106e-07  -8.4015182e-09  -5.1408004e-03  -1.2720385e-03  -7.6949525e-10  -2.1650570e-01  -2.1650571e-01  -5.3728538e-02  -5.1039722e-02  -8.4015182e-09  -1.8156630e-08
  -2.1650570e-01  -2.1650571e-01  -5.3728538e-02  -5.1039722e-02  -8.4015182e-09  -1.8156630e-08  -5.1415074e-03  -1.2080281e-03  -7.1074391e-09  -2.1650571e-01  -2.1650577e-01  -5.1039722e-02  -4.8351284e-02  -1.8156630e-08  -1.6770362e-07
  -2.1650571e-01  -2.1650577e-01  -5.1039722e-02  -4.8351284e-02  -1.8156630e-08  -1.6770362e-07  -5.1422128e-03  -1.1440256e-03  -7.2902228e-09  -2.1650577e-01  -2.1650577e-01  -4.8351284e-02  -4.5663155e-02  -1.6770362e-07  -1.7201649e-07
  -2.1650577e-01  -2.1650577e-01  -4.8351284e-02  -4.5663155e-02  -1.6770362e-07  -1.7201649e-07  -5.1429182e-03  -1.0800306e-03  -6.8923861e-09  -2.1650577e-01  -2.1650578e-01  -4.5663155e-02  -4.2975363e-02  -1.7201649e-07  -1.6262933e-07
  -2.1650577e-01  -2.1650578e-01  -4.5663155e-02  -4.2975363e-02  -1.7201649e-07  -1.6262933e-07  -5.1436209e-03  -1.0160399e-03   2.8096782e-10  -2.1650578e-01  -2.1650567e-01  -4.2975363e-02  -4.0287754e-02  -1.6262933e-07   6.6295779e-09
  -2.1650578e-01  -2.1650567e-01  -4.2975363e-02  -4.0287754e-02  -1.6262933e-07   6.6295779e-09  -5.1443290e-03  -9.5206146e-04   7.3447758e-09  -2.1650567e-01  -2.1650579e-01  -4.0287754e-02  -3.7600690e-02   6.6295779e-09   1.7330370e-07
  -2.1650567e-01  -2.1650579e-01  -4.0287754e-02  -3.7600690e-02   6.6295779e-09   1.7330370e-07  -5.1450341e-03  -8.8808669e-04   7.2290878e-09  -2.1650579e-01  -2.1650579e-01  -3.7600690e-02  -3.4913776e-02   1.7330370e-07   1.7057398e-07
  -2.1650579e-01  -2.1650579e-01  -3.7600690e-02  -3.4913776e-02   1.7330370e-07   1.7057398e-07  -5.1457393e-03  -8.2411833e-04   6.5860408e-09  -2.1650579e-01  -2.1650579e-01  -3.4913776e-02  -3.2227105e-02   1.7057398e-07   1.5540096e-07
  -2.1650579e-01  -2.1650579e-01  -3.4913776e-02  -3.2227105e-02   1.7057398e-07   1.5540096e-07  -5.1464444e-03  -7.6015534e-04   6.4696098e-09  -2.1650579e-01  -2.1650581e-01  -3.2227105e-02  -2.9540657e-02   1.5540096e-07   1.5265371e-07
  -2.1650579e-01  -2.1650581e-01  -3.2227105e-02  -2.9540657e-02   1.5540096e-07   1.5265371e-07  -5.1471473e-03  -6.9619752e-04  -4.3613362e-10  -2.1650581e-01  -2.1650572e-01  -2.9540657e-02  -2.6854428e-02   1.5265371e-07  -1.0290793e-08
  -2.1650581e-01  -2.1650572e-01  -2.9540657e-02  -2.6854428e-02   1.5265371e-07  -1.0290793e-08  -5.1478380e-03  -6.9619615e-04   5.4036665e-10  -2.1650572e-01  -2.1650513e-01  -2.6854428e-02  -2.6854344e-02  -1.0290793e-08   1.2750224e-08
  -2.1650572e-01  -2.1650513e-01  -2.6854428e-02  -2.6854344e-02  -1.0290793e-08   1.2750224e-08  -5.1478583e-03  -6.9619875e-04   4.1619878e-09  -2.1650513e-01  -2.1650598e-01  -2.6854344e-02  -2.6854463e-02   1.2750224e-08   9.8204207e-08
  -2.1650513e-01  -2.1650598e-01  -2.6854344e-02  -2.6854463e-02   1.2750224e-08   9.8204207e-08  -5.1478535e-03  -6.9620015e-04   2.6110819e-09  -2.1650598e-01  -2.1650578e-01  -2.6854463e-02  -2.6854527e-02   9.8204207e-08   6.1609798e-08
  -2.1650598e-01  -2.1650578e-01  -2.6854463e-02  -2.6854527e-02   9.8204207e-08   6.1609798e-08  -5.1478540e-03  -6.9619832e-04  -6.2279354e-09  -2.1650578e-01  -2.1650580e-01  -2.6854527e-02  -2.6854446e-02   6.1609798e-08  -1.4695129e-07
  -2.1650578e-01  -2.1650580e-01  -2.6854527e-02  -2.6854446e-02   6.1609798e-08  -1.4695129e-07  -5.1478539e-03  -6.9619917e-04  -6.8825949e-09  -2.1650580e-01  -2.1650580e-01  -2.6854446e-02  -2.6854447e-02  -1.4695129e-07  -1.6239831e-07
  -2.1650580e-01  -2.1650580e-01  -2.6854446e-02  -2.6854447e-02  -1.4695129e-07  -1.6239831e-07  -5.1478540e-03  -6.9619944e-04  -6.8863087e-09  -2.1650580e-01  -2.1650581e-01  -2.6854447e-02  -2.6854455e-02  -1.6239831e-07  -1.6248593e-07
  -2.1650580e-01  -2.1650581e-01  -2.6854447e-02  -2.6854455e-02  -1.6239831e-07  -1.6248593e-07  -5.1478533e-03  -6.9619915e-04  -6.8862794e-09  -2.1650581e-01  -2.1650578e-01  -2.6854455e-02  -2.6854443e-02  -1.6248593e-07  -1.6248524e-07
  -2.1650581e-01  -2.1650578e-01  -2.6854455e-02  -2.6854443e-02  -1.6248593e-07  -1.6248524e-07  -5.1478538e-03  -6.9619936e-04  -6.8601580e-09  -2.1650578e-01  -2.1650580e-01  -2.6854443e-02  -2.6854452e-02  -1.6248524e-07  -1.6186890e-07
  -2.1650578e-01  -2.1650580e-01  -2.6854443e-02  -2.6854452e-02  -1.6248524e-07  -1.6186890e-07  -6.4657893e-03  -6.9619932e-04  -6.1829357e-09  -2.1650580e-01  -2.7185909e-01  -2.6854452e-02  -2.6854450e-02  -1.6186890e-07  -1.4588949e-07
  -2.1650580e-01  -2.7185909e-01  -2.6854452e-02  -2.6854450e-02  -1.6186890e-07  -1.4588949e-07  -6.4657893e-03  -7.1072306e-04  -5.7884410e-09  -2.7185909e-01  -2.7185909e-01  -2.6854450e-02  -2.6854450e-02  -1.4588949e-07  -1.3658119e-07
