   0.0000000e+00   0.0000000e+00   0.0000000e+00   0.0000000e+00   0.0000000e+00   0.0000000e+00  -6.6416455e-06  -4.6602506e-06   5.0078394e-09   0.0000000e+00  -2.7894911e-04   0.0000000e+00  -1.9573052e-04   0.0000000e+00   1.1816250e-07
   0.0000000e+00  -2.7894911e-04   0.0000000e+00  -1.9573052e-04   0.0000000e+00   1.1816250e-07  -8.2490821e-06  -6.5476522e-06   8.4645870e-09  -2.7894911e-04  -3.4861838e-04  -1.9573052e-04  -2.7192740e-04   1.1816250e-07   1.9972621e-07
  -2.7894911e-04  -3.4861838e-04  -1.9573052e-04  -2.7192740e-04   1.1816250e-07   1.9972621e-07  -8.7470139e-06  -8.4609260e-06  -5.8347125e-11  -3.4861838e-04  -3.7037118e-04  -2.7192740e-04  -3.5151717e-04   1.9972621e-07  -1.3767299e-09
  -3.4861838e-04  -3.7037118e-04  -2.7192740e-04  -3.5151717e-04   1.9972621e-07  -1.3767299e-09  -9.0084429e-06  -1.0481431e-05  -7.5383215e-09  -3.7037118e-04  -3.8222832e-04  -3.5151717e-04  -4.3613861e-04  -1.3767299e-09  -1.7787051e-07
  -3.7037118e-04  -3.8222832e-04  -3.5151717e-04  -4.3613861e-04  -1.3767299e-09  -1.7787051e-07  -8.8812754e-06  -1.2891853e-05   3.3885389e-10  -3.8222832e-04  -3.7781987e-04  -4.3613861e-04  -5.3724560e-04  -1.7787051e-07   7.9954288e-09
  -3.8222832e-04  -3.7781987e-04  -4.3613861e-04  -5.3724560e-04  -1.7787051e-07   7.9954288e-09  -8.0641492e-06  -1.5647274e-05   7.0867602e-09  -3.7781987e-04  -3.4461471e-04  -5.3724560e-04  -6.5302195e-04   7.9954288e-09   1.6721569e-07
  -3.7781987e-04  -3.4461471e-04  -5.3724560e-04  -6.5302195e-04   7.9954288e-09   1.6721569e-07  -6.2945631e-06  -1.8357795e-05  -9.7554810e-10  -3.4461471e-04  -2.7156787e-04  -6.5302195e-04  -7.6722976e-04   1.6721569e-07  -2.3018551e-08
  -3.4461471e-04  -2.7156787e-04  -6.5302195e-04  -7.6722976e-04   1.6721569e-07  -2.3018551e-08  -3.5082407e-06   2.0517745e-05  -6.2817667e-09  -2.7156787e-04  -1.5580099e-04  -7.6722976e-04   8.6473797e-04  -2.3018551e-08  -1.4822146e-07
  -2.7156787e-04  -1.5580099e-04  -7.6722976e-04   8.6473797e-04  -2.3018551e-08  -1.4822146e-07   1.5348677e-05   1.9788870e-05   1.0707900e-09  -1.5580099e-04   6.5417393e-04   8.6473797e-04   8.3284947e-04  -1.4822146e-07   2.5265832e-08
  -1.5580099e-04   6.5417393e-04   8.6473797e-04   8.3284947e-04  -1.4822146e-07   2.5265832e-08   1.8686821e-05   1.9500445e-05   8.0178003e-09   6.5417393e-04   7.9402449e-04   8.3284947e-04   8.1180972e-04   2.5265832e-08   1.8918405e-07
   6.5417393e-04   7.9402449e-04   8.3284947e-04   8.1180972e-04   2.5265832e-08   1.8918405e-07   2.2186588e-05   1.9302344e-05  -1.2463056e-10   7.9402449e-04   9.4078273e-04   8.1180972e-04   8.0194842e-04   1.8918405e-07  -2.9407212e-09
   7.9402449e-04   9.4078273e-04   8.1180972e-04   8.0194842e-04   1.8918405e-07  -2.9407212e-09   2.6418813e-05   1.9052067e-05  -6.7970352e-09   9.4078273e-04   1.1184276e-03   8.0194842e-04   7.8981940e-04  -2.9407212e-09  -1.6037948e-07
   9.4078273e-04   1.1184276e-03   8.0194842e-04   7.8981940e-04  -2.9407212e-09  -1.6037948e-07   3.1432066e-05   1.7924716e-05   1.2539605e-09   1.1184276e-03   1.3288507e-03   7.8981940e-04   7.4051287e-04  -1.6037948e-07   2.9587832e-08
   1.1184276e-03   1.3288507e-03   7.8981940e-04   7.4051287e-04  -1.6037948e-07   2.9587832e-08   3.6431865e-05   1.5430140e-05   5.7322614e-09   1.3288507e-03   1.5382988e-03   7.4051287e-04   6.3342199e-04   2.9587832e-08   1.3525561e-07
   1.3288507e-03   1.5382988e-03   7.4051287e-04   6.3342199e-04   2.9587832e-08   1.3525561e-07   4.0616953e-05   1.1498377e-05  -2.0375526e-09   1.5382988e-03   1.7128923e-03   6.3342199e-04   4.6597993e-04   1.3525561e-07  -4.8077084e-08
   1.5382988e-03   1.7128923e-03   6.3342199e-04   4.6597993e-04   1.3525561e-07  -4.8077084e-08   4.3483865e-05   6.3618959e-06  -5.3445731e-09   1.7128923e-03   1.8314574e-03   4.6597993e-04   2.4832349e-04  -4.8077084e-08  -1.2610791e-07
   1.7128923e-03   1.8314574e-03   4.6597993e-04   2.4832349e-04  -4.8077084e-08  -1.2610791e-07   4.4844894e-05   2.6716234e-07   6.9235781e-11   1.8314574e-03   1.8862221e-03   2.4832349e-04  -8.9620226e-06  -1.2610791e-07   1.6336533e-09
   1.8314574e-03   1.8862221e-03   2.4832349e-04  -8.9620226e-06  -1.2610791e-07   1.6336533e-09   4.4626403e-05  -6.3776504e-06   4.5164077e-09   1.8862221e-03   1.8742102e-03  -8.9620226e-06  -2.8864748e-04   1.6336533e-09   1.0656692e-07
   1.8862221e-03   1.8742102e-03  -8.9620226e-06  -2.8864748e-04   1.6336533e-09   1.0656692e-07   4.2850072e-05  -1.3519839e-05   6.4038372e-09   1.8742102e-03   1.7965222e-03  -2.8864748e-04  -5.8848687e-04   1.0656692e-07   1.5110178e-07
   1.8742102e-03   1.7965222e-03  -2.8864748e-04  -5.8848687e-04   1.0656692e-07   1.5110178e-07   3.9434364e-05  -2.0859652e-05  -1.7782153e-09   1.7965222e-03   1.6497582e-03  -5.8848687e-04  -8.9590285e-04   1.5110178e-07  -4.1957890e-08
   1.7965222e-03   1.6497582e-03  -5.8848687e-04  -8.9590285e-04   1.5110178e-07  -4.1957890e-08   3.4430782e-05  -2.8160472e-05  -5.5250898e-09   1.6497582e-03   1.4362200e-03  -8.9590285e-04  -1.2009202e-03  -4.1957890e-08  -1.3036729e-07
   1.6497582e-03   1.4362200e-03  -8.9590285e-04  -1.2009202e-03  -4.1957890e-08  -1.3036729e-07   2.7906778e-05  -3.5157060e-05   2.0766039e-09   1.4362200e-03   1.1588504e-03  -1.2009202e-03  -1.4924238e-03  -1.3036729e-07   4.8998519e-08
   1.4362200e-03   1.1588504e-03  -1.2009202e-03  -1.4924238e-03  -1.3036729e-07   4.8998519e-08   1.9987675e-05  -4.1579641e-05   5.9656413e-09   1.1588504e-03   8.2303588e-04  -1.4924238e-03  -1.7591154e-03   4.8998519e-08   1.4076232e-07
   1.1588504e-03   8.2303588e-04  -1.4924238e-03  -1.7591154e-03   4.8998519e-08   1.4076232e-07   1.0840365e-05  -4.7161282e-05  -1.8025499e-09   8.2303588e-04   4.3591008e-04  -1.7591154e-03  -1.9898436e-03   1.4076232e-07  -4.2532076e-08
   8.2303588e-04   4.3591008e-04  -1.7591154e-03  -1.9898436e-03   1.4076232e-07  -4.2532076e-08   7.0675420e-07  -5.1635658e-05  -6.2830371e-09   4.3591008e-04   7.7555339e-06  -1.9898436e-03  -2.1735014e-03  -4.2532076e-08  -1.4825144e-07
   4.3591008e-04   7.7555339e-06  -1.9898436e-03  -2.1735014e-03  -4.2532076e-08  -1.4825144e-07  -1.0094961e-05  -5.4706671e-05   1.5200861e-09   7.7555339e-06  -4.4794062e-04  -2.1735014e-03  -2.2977657e-03  -1.4825144e-07   3.5867200e-08
   7.7555339e-06  -4.4794062e-04  -2.1735014e-03  -2.2977657e-03  -1.4825144e-07   3.5867200e-08  -2.1140294e-05   5.5998584e-05   6.8022552e-09  -4.4794062e-04  -9.1321365e-04  -2.2977657e-03   2.3568768e-03   3.5867200e-08   1.6050265e-07
  -4.4794062e-04  -9.1321365e-04  -2.2977657e-03   2.3568768e-03   3.5867200e-08   1.6050265e-07   1.0945453e-05   5.8438536e-05  -1.3028128e-09  -9.1321365e-04   4.8568150e-04   2.3568768e-03   2.4644820e-03   1.6050265e-07  -3.0740526e-08
  -9.1321365e-04   4.8568150e-04   2.3568768e-03   2.4644820e-03   1.6050265e-07  -3.0740526e-08   3.2091799e-07   5.9468241e-05  -5.9995380e-09   4.8568150e-04   4.0637206e-05   2.4644820e-03   2.4923139e-03  -3.0740526e-08  -1.4156213e-07
   4.8568150e-04   4.0637206e-05   2.4644820e-03   2.4923139e-03  -3.0740526e-08  -1.4156213e-07  -1.1086932e-05   5.8217511e-05   1.8141547e-09   4.0637206e-05  -4.3818556e-04   2.4923139e-03   2.4446876e-03  -1.4156213e-07   4.2805898e-08
   4.0637206e-05  -4.3818556e-04   2.4923139e-03   2.4446876e-03  -1.4156213e-07   4.2805898e-08  -2.3053929e-05   5.4961242e-05   5.7532972e-09  -4.3818556e-04  -9.4132463e-04   2.4446876e-03   2.3132009e-03   4.2805898e-08   1.3575196e-07
  -4.3818556e-04  -9.4132463e-04   2.4446876e-03   2.3132009e-03   4.2805898e-08   1.3575196e-07  -3.5123316e-05   4.9761351e-05  -2.0037765e-09  -9.4132463e-04  -1.4496881e-03   2.3132009e-03   2.1003500e-03   1.3575196e-07  -4.7280121e-08
  -9.4132463e-04  -1.4496881e-03   2.3132009e-03   2.1003500e-03   1.3575196e-07  -4.7280121e-08  -4.6900971e-05   4.2703997e-05  -5.5408973e-09  -1.4496881e-03  -1.9466948e-03   2.1003500e-03   1.8095435e-03  -4.7280121e-08  -1.3074027e-07
  -1.4496881e-03  -1.9466948e-03   2.1003500e-03   1.8095435e-03  -4.7280121e-08  -1.3074027e-07  -5.7993217e-05   3.3932072e-05   2.1428515e-09  -1.9466948e-03  -2.4157738e-03   1.8095435e-03   1.4465998e-03  -1.3074027e-07   5.0561664e-08
  -1.9466948e-03  -2.4157738e-03   1.8095435e-03   1.4465998e-03  -1.3074027e-07   5.0561664e-08  -6.8003780e-05   2.3633862e-05   5.4069681e-09  -2.4157738e-03  -2.8402173e-03   1.4465998e-03   1.0192439e-03   5.0561664e-08   1.2758015e-07
  -2.4157738e-03  -2.8402173e-03   1.4465998e-03   1.0192439e-03   5.0561664e-08   1.2758015e-07  -7.6538801e-05   1.2031939e-05   6.6746191e-09  -2.8402173e-03  -3.2033977e-03   1.0192439e-03   5.3664034e-04   1.2758015e-07   1.5749101e-07
  -2.8402173e-03  -3.2033977e-03   1.0192439e-03   5.3664034e-04   1.2758015e-07   1.5749101e-07  -8.3207627e-05  -5.5994742e-07  -1.7160553e-09  -3.2033977e-03  -3.4888066e-03   5.3664034e-04   1.1783258e-05   1.5749101e-07  -4.0491192e-08
  -3.2033977e-03  -3.4888066e-03   5.3664034e-04   1.1783258e-05   1.5749101e-07  -4.0491192e-08  -8.7598143e-05  -1.3789166e-05  -5.1925578e-09  -3.4888066e-03  -3.6789921e-03   1.1783258e-05  -5.4069821e-04  -4.0491192e-08  -1.2252103e-07
  -3.4888066e-03  -3.6789921e-03   1.1783258e-05  -5.4069821e-04  -4.0491192e-08  -1.2252103e-07  -8.9336336e-05  -2.7137633e-05  -6.7608987e-09  -3.6789921e-03  -3.7580847e-03  -5.4069821e-04  -1.0992378e-03  -1.2252103e-07  -1.5952682e-07
  -3.6789921e-03  -3.7580847e-03  -5.4069821e-04  -1.0992378e-03  -1.2252103e-07  -1.5952682e-07  -8.8047585e-05  -3.9852275e-05   1.5548447e-09  -3.7580847e-03  -3.7101123e-03  -1.0992378e-03  -1.6323810e-03  -1.5952682e-07   3.6687347e-08
  -3.7580847e-03  -3.7101123e-03  -1.0992378e-03  -1.6323810e-03  -1.5952682e-07   3.6687347e-08  -8.3716691e-05  -5.0751510e-05   6.2767273e-09  -3.7101123e-03  -3.5340898e-03  -1.6323810e-03  -2.0906781e-03   3.6687347e-08   1.4810256e-07
  -3.7101123e-03  -3.5340898e-03  -1.6323810e-03  -2.0906781e-03   3.6687347e-08   1.4810256e-07  -7.7416679e-05  -5.8704667e-05  -1.2821631e-09  -3.5340898e-03  -3.2745396e-03  -2.0906781e-03  -2.4266508e-03   1.4810256e-07  -3.0253287e-08
  -3.5340898e-03  -3.2745396e-03  -2.0906781e-03  -2.4266508e-03   1.4810256e-07  -3.0253287e-08  -7.0954354e-05  -6.4645081e-05  -7.8729469e-09  -3.2745396e-03  -3.0068246e-03  -2.4266508e-03  -2.6790079e-03  -3.0253287e-08  -1.8576616e-07
  -3.2745396e-03  -3.0068246e-03  -2.4266508e-03  -2.6790079e-03  -3.0253287e-08  -1.8576616e-07  -6.4542889e-05  -7.1058884e-05  -1.3893251e-09  -3.0068246e-03  -2.7403244e-03  -2.6790079e-03  -2.9513375e-03  -1.8576616e-07  -3.2781828e-08
  -3.0068246e-03  -2.7403244e-03  -2.6790079e-03  -2.9513375e-03  -1.8576616e-07  -3.2781828e-08  -5.7173151e-05  -7.8935418e-05  -7.9574876e-09  -2.7403244e-03  -2.4337962e-03  -2.9513375e-03  -3.2850891e-03  -3.2781828e-08  -1.8776094e-07
  -2.7403244e-03  -2.4337962e-03  -2.9513375e-03  -3.2850891e-03  -3.2781828e-08  -1.8776094e-07  -4.7237259e-05  -8.7213243e-05   4.1863587e-10  -2.4337962e-03  -2.0201670e-03  -3.2850891e-03  -3.6361354e-03  -1.8776094e-07   9.8779251e-09
  -2.4337962e-03  -2.0201670e-03  -3.2850891e-03  -3.6361354e-03  -1.8776094e-07   9.8779251e-09  -3.4185523e-05  -9.3738800e-05   6.4000870e-09  -2.0201670e-03  -1.4758621e-03  -3.6361354e-03  -3.9147674e-03   9.8779251e-09   1.5101329e-07
  -2.0201670e-03  -1.4758621e-03  -3.6361354e-03  -3.9147674e-03   9.8779251e-09   1.5101329e-07  -1.8459169e-05   9.6722394e-05  -1.4804389e-09  -1.4758621e-03  -8.1842537e-04  -3.9147674e-03   4.0786044e-03   1.5101329e-07  -3.4931704e-08
  -1.4758621e-03  -8.1842537e-04  -3.9147674e-03   4.0786044e-03   1.5101329e-07  -3.4931704e-08   6.9933637e-05   8.7524092e-05  -7.6279833e-09  -8.1842537e-04   2.9821591e-03   4.0786044e-03   3.6850309e-03  -3.4931704e-08  -1.7998612e-07
  -8.1842537e-04   2.9821591e-03   4.0786044e-03   3.6850309e-03  -3.4931704e-08  -1.7998612e-07   7.9884956e-05   8.0693630e-05   2.7524428e-10   2.9821591e-03   3.3957777e-03   3.6850309e-03   3.3562686e-03  -1.7998612e-07   6.4945279e-09
   2.9821591e-03   3.3957777e-03   3.6850309e-03   3.3562686e-03  -1.7998612e-07   6.4945279e-09   8.8675587e-05   7.4877144e-05   7.5736816e-09   3.3957777e-03   3.7613607e-03   3.3562686e-03   3.1074186e-03   6.4945279e-09   1.7870485e-07
   3.3957777e-03   3.7613607e-03   3.3562686e-03   3.1074186e-03   6.4945279e-09   1.7870485e-07   9.9083526e-05   7.0174135e-05  -5.7109671e-10   3.7613607e-03   4.1957514e-03   3.1074186e-03   2.9058640e-03   1.7870485e-07  -1.3475316e-08
   3.7613607e-03   4.1957514e-03   3.1074186e-03   2.9058640e-03   1.7870485e-07  -1.3475316e-08   1.1195213e-04   6.3190361e-05  -6.2405635e-09   4.1957514e-03   4.7340122e-03   2.9058640e-03   2.6077580e-03  -1.3475316e-08  -1.4724925e-07
   4.1957514e-03   4.7340122e-03   2.9058640e-03   2.6077580e-03  -1.3475316e-08  -1.4724925e-07   1.2409931e-04   5.2227056e-05   1.7011217e-09   4.7340122e-03   5.2409089e-03   2.6077580e-03   2.1413670e-03  -1.4724925e-07   4.0138826e-08
   4.7340122e-03   5.2409089e-03   2.6077580e-03   2.1413670e-03  -1.4724925e-07   4.0138826e-08   1.3280946e-04   3.7461328e-05   5.4445835e-09   5.2409089e-03   5.6015951e-03   2.1413670e-03   1.5156211e-03   4.0138826e-08   1.2846770e-07
   5.2409089e-03   5.6015951e-03   2.1413670e-03   1.5156211e-03   4.0138826e-08   1.2846770e-07   1.3685426e-04   2.0018325e-05   6.7329908e-09   5.6015951e-03   5.7645809e-03   1.5156211e-03   7.7904062e-04   1.2846770e-07   1.5886832e-07
   5.6015951e-03   5.7645809e-03   1.5156211e-03   7.7904062e-04   1.2846770e-07   1.5886832e-07   1.3617585e-04   1.0179478e-06  -1.6916967e-09   5.7645809e-03   5.7279705e-03   7.7904062e-04  -2.0771160e-05   1.5886832e-07  -3.9916439e-08
   5.7645809e-03   5.7279705e-03   7.7904062e-04  -2.0771160e-05   1.5886832e-07  -3.9916439e-08   1.3107746e-04  -1.8695197e-05  -5.1759415e-09   5.7279705e-03   5.5050243e-03  -2.0771160e-05  -8.4832070e-04  -3.9916439e-08  -1.2212896e-07
   5.7279705e-03   5.5050243e-03  -2.0771160e-05  -8.4832070e-04  -3.9916439e-08  -1.2212896e-07   1.2188191e-04  -3.8477666e-05  -6.6743439e-09   5.5050243e-03   5.1096918e-03  -8.4832070e-04  -1.6767278e-03  -1.2212896e-07  -1.5748452e-07
   5.5050243e-03   5.1096918e-03  -8.4832070e-04  -1.6767278e-03  -1.2212896e-07  -1.5748452e-07   1.0886485e-04  -5.7723261e-05   1.6674834e-09   5.1096918e-03   4.5538460e-03  -1.6767278e-03  -2.4806864e-03  -1.5748452e-07   3.9345115e-08
   5.1096918e-03   4.5538460e-03  -1.6767278e-03  -2.4806864e-03  -1.5748452e-07   3.9345115e-08   9.2382382e-05  -7.5863480e-05   5.4766372e-09   4.5538460e-03   3.8527229e-03  -2.4806864e-03  -3.2364494e-03   3.9345115e-08   1.2922402e-07
   4.5538460e-03   3.8527229e-03  -2.4806864e-03  -3.2364494e-03   3.9345115e-08   1.2922402e-07   7.2836803e-05  -9.2361766e-05  -2.0977765e-09   3.8527229e-03   3.0234804e-03  -3.2364494e-03  -3.9216508e-03   1.2922402e-07  -4.9498096e-08
   3.8527229e-03   3.0234804e-03  -3.2364494e-03  -3.9216508e-03   1.2922402e-07  -4.9498096e-08   5.0708486e-05  -1.0669147e-04  -5.9653646e-09   3.0234804e-03   2.0865397e-03  -3.9216508e-03  -4.5143606e-03  -4.9498096e-08  -1.4075579e-07
   3.0234804e-03   2.0865397e-03  -3.9216508e-03  -4.5143606e-03  -4.9498096e-08  -1.4075579e-07   2.6569361e-05  -1.1834237e-04   1.8062695e-09   2.0865397e-03   1.0661644e-03  -4.5143606e-03  -4.9933733e-03  -1.4075579e-07   4.2619842e-08
   2.0865397e-03   1.0661644e-03  -4.5143606e-03  -4.9933733e-03  -1.4075579e-07   4.2619842e-08   1.0857972e-06  -1.2683333e-04   6.2647416e-09   1.0661644e-03  -9.4233234e-06  -4.9933733e-03  -5.3387489e-03   4.2619842e-08   1.4781974e-07
   1.0661644e-03  -9.4233234e-06  -4.9933733e-03  -5.3387489e-03   4.2619842e-08   1.4781974e-07  -2.4961819e-05  -1.3172118e-04  -1.5359789e-09  -9.4233234e-06  -1.1072288e-03  -5.3387489e-03  -5.5321856e-03   1.4781974e-07  -3.6242198e-08
  -9.4233234e-06  -1.1072288e-03  -5.3387489e-03  -5.5321856e-03   1.4781974e-07  -3.6242198e-08  -5.0590178e-05   1.3229616e-04  -6.7746185e-09  -1.1072288e-03  -2.1857523e-03  -5.5321856e-03   5.5686404e-03  -3.6242198e-08  -1.5985055e-07
  -1.1072288e-03  -2.1857523e-03  -5.5321856e-03   5.5686404e-03  -3.6242198e-08  -1.5985055e-07   2.6069641e-05   1.3541547e-04   1.3227376e-09  -2.1857523e-03   1.1562920e-03   5.5686404e-03   5.7115370e-03  -1.5985055e-07   3.1210661e-08
  -2.1857523e-03   1.1562920e-03   5.5686404e-03   5.7115370e-03  -1.5985055e-07   3.1210661e-08   1.4231630e-06   1.3532605e-04   5.9929683e-09   1.1562920e-03   1.2271385e-04   5.7115370e-03   5.6709520e-03   3.1210661e-08   1.4140712e-07
   1.1562920e-03   1.2271385e-04   5.7115370e-03   5.6709520e-03   3.1210661e-08   1.4140712e-07  -2.4126546e-05   1.3020923e-04  -1.8193576e-09   1.2271385e-04  -9.5082166e-04   5.6709520e-03   5.4674352e-03   1.4140712e-07  -4.2928663e-08
   1.2271385e-04  -9.5082166e-04   5.6709520e-03   5.4674352e-03   1.4140712e-07  -4.2928663e-08  -5.0098338e-05   1.2090364e-04  -5.7486211e-09  -9.5082166e-04  -2.0438789e-03   5.4674352e-03   5.0884308e-03  -4.2928663e-08  -1.3564162e-07
  -9.5082166e-04  -2.0438789e-03   5.4674352e-03   5.0884308e-03  -4.2928663e-08  -1.3564162e-07  -7.5511185e-05   1.0774883e-04   2.0066027e-09  -2.0438789e-03  -3.1153947e-03   5.0884308e-03   4.5479747e-03  -1.3564162e-07   4.7346804e-08
  -2.0438789e-03  -3.1153947e-03   5.0884308e-03   4.5479747e-03  -1.3564162e-07   4.7346804e-08  -9.9575297e-05   9.1100063e-05   5.5406674e-09  -3.1153947e-03  -4.1320440e-03   4.5479747e-03   3.8605342e-03   4.7346804e-08   1.3073485e-07
  -3.1153947e-03  -4.1320440e-03   4.5479747e-03   3.8605342e-03   4.7346804e-08   1.3073485e-07  -1.2155281e-04   7.1357944e-05  -2.1427964e-09  -4.1320440e-03  -5.0626753e-03   3.8605342e-03   3.0425684e-03   1.3073485e-07  -5.0560366e-08
  -4.1320440e-03  -5.0626753e-03   3.8605342e-03   3.0425684e-03   1.3073485e-07  -5.0560366e-08  -1.4073462e-04   4.9004619e-05  -5.4070164e-09  -5.0626753e-03  -5.8773248e-03   3.0425684e-03   2.1139849e-03  -5.0560366e-08  -1.2758129e-07
  -5.0626753e-03  -5.8773248e-03   3.0425684e-03   2.1139849e-03  -5.0560366e-08  -1.2758129e-07  -1.5644628e-04   2.4612731e-05  -6.6752071e-09  -5.8773248e-03  -6.5474474e-03   2.1139849e-03   1.0985034e-03  -1.2758129e-07  -1.5750489e-07
  -5.8773248e-03  -6.5474474e-03   2.1139849e-03   1.0985034e-03  -1.2758129e-07  -1.5750489e-07  -1.6803251e-04  -1.1562089e-06   1.7157979e-09  -6.5474474e-03  -7.0452598e-03   1.0985034e-03   2.3592902e-05  -1.5750489e-07   4.0485119e-08
  -6.5474474e-03  -7.0452598e-03   1.0985034e-03   2.3592902e-05  -1.5750489e-07   4.0485119e-08  -1.7485278e-04  -2.7540079e-05   5.1927718e-09  -7.0452598e-03  -7.3435569e-03   2.3592902e-05  -1.0790448e-03   4.0485119e-08   1.2252608e-07
  -7.0452598e-03  -7.3435569e-03   2.3592902e-05  -1.0790448e-03   4.0485119e-08   1.2252608e-07  -1.7630764e-04  -5.3544360e-05   6.7620019e-09  -7.3435569e-03  -7.4168118e-03  -1.0790448e-03  -2.1679378e-03   1.2252608e-07   1.5955285e-07
  -7.3435569e-03  -7.4168118e-03  -1.0790448e-03  -2.1679378e-03   1.2252608e-07   1.5955285e-07  -1.7186374e-04  -7.7719392e-05  -1.5531315e-09  -7.4168118e-03  -7.2421677e-03  -2.1679378e-03  -3.1824821e-03   1.5955285e-07  -3.6646923e-08
  -7.4168118e-03  -7.2421677e-03  -2.1679378e-03  -3.1824821e-03   1.5955285e-07  -3.6646923e-08  -1.6167571e-04  -9.7854613e-05  -6.2869973e-09  -7.2421677e-03  -6.8254508e-03  -3.1824821e-03  -4.0300849e-03  -3.6646923e-08  -1.4834488e-07
  -7.2421677e-03  -6.8254508e-03  -3.1824821e-03  -4.0300849e-03  -3.6646923e-08  -1.4834488e-07  -1.4804467e-04  -1.1192920e-04   1.2716897e-09  -6.8254508e-03  -6.2622881e-03  -4.0300849e-03  -4.6258093e-03  -1.4834488e-07   3.0006162e-08
  -6.8254508e-03  -6.2622881e-03  -4.0300849e-03  -4.6258093e-03  -1.4834488e-07   3.0006162e-08  -1.3447400e-04  -1.2201417e-04   7.8789023e-09  -6.2622881e-03  -5.6988842e-03  -4.6258093e-03  -5.0555848e-03   3.0006162e-08   1.8590668e-07
  -6.2622881e-03  -5.6988842e-03  -4.6258093e-03  -5.0555848e-03   3.0006162e-08   1.8590668e-07  -1.2130127e-04  -1.3291644e-04  -1.2228190e-10  -5.6988842e-03  -5.1503653e-03  -5.0555848e-03  -5.5196898e-03   1.8590668e-07  -2.8853033e-09
  -5.6988842e-03  -5.1503653e-03  -5.0555848e-03  -5.5196898e-03   1.8590668e-07  -2.8853033e-09  -1.0646221e-04  -1.4637135e-04  -7.3487343e-09  -5.1503653e-03  -4.5322399e-03  -5.5196898e-03  -6.0908396e-03  -2.8853033e-09  -1.7339710e-07
  -5.1503653e-03  -4.5322399e-03  -5.5196898e-03  -6.0908396e-03  -2.8853033e-09  -1.7339710e-07  -8.7205779e-05  -1.6026935e-04   7.0337262e-10  -4.5322399e-03  -3.7297646e-03  -6.0908396e-03  -6.6813670e-03  -1.7339710e-07   1.6596433e-08
  -4.5322399e-03  -3.7297646e-03  -6.0908396e-03  -6.6813670e-03  -1.7339710e-07   1.6596433e-08  -6.2644656e-05  -1.7067841e-04   6.5105672e-09  -3.7297646e-03  -2.7047041e-03  -6.6813670e-03  -7.1273914e-03   1.6596433e-08   1.5362013e-07
  -3.7297646e-03  -2.7047041e-03  -6.6813670e-03  -7.1273914e-03   1.6596433e-08   1.5362013e-07  -3.3711242e-05   1.7449990e-04  -1.4364506e-09  -2.7047041e-03  -1.4944152e-03  -7.1273914e-03   7.3588012e-03   1.5362013e-07  -3.3893779e-08
  -2.7047041e-03  -1.4944152e-03  -7.1273914e-03   7.3588012e-03   1.5362013e-07  -3.3893779e-08   1.2563011e-04   1.5666927e-04  -7.5902975e-09  -1.4944152e-03   5.3575588e-03   7.3588012e-03   6.5965777e-03  -3.3893779e-08  -1.7909691e-07
  -1.4944152e-03   5.3575588e-03   7.3588012e-03   6.5965777e-03  -3.3893779e-08  -1.7909691e-07   1.4235283e-04   1.4317521e-04   2.9660635e-10   5.3575588e-03   6.0515141e-03   6.5965777e-03   5.9543179e-03  -1.7909691e-07   6.9985769e-09
   5.3575588e-03   6.0515141e-03   6.5965777e-03   5.9543179e-03  -1.7909691e-07   6.9985769e-09   1.5656380e-04   1.3162300e-04   7.5919133e-09   6.0515141e-03   6.6412961e-03   5.9543179e-03   5.4614782e-03   6.9985769e-09   1.7913503e-07
   6.0515141e-03   6.6412961e-03   5.9543179e-03   5.4614782e-03   6.9985769e-09   1.7913503e-07   1.7327709e-04   1.2235764e-04  -5.5692551e-10   6.6412961e-03   7.3378226e-03   5.4614782e-03   5.0658349e-03   1.7913503e-07  -1.3140939e-08
   6.6412961e-03   7.3378226e-03   5.4614782e-03   5.0658349e-03   1.7913503e-07  -1.3140939e-08   1.9414856e-04   1.0939263e-04  -6.2454210e-09   7.3378226e-03   8.2100652e-03   5.0658349e-03   4.5136276e-03  -1.3140939e-08  -1.4736387e-07
   7.3378226e-03   8.2100652e-03   5.0658349e-03   4.5136276e-03  -1.3140939e-08  -1.4736387e-07   2.1358926e-04   8.9791936e-05   1.6978263e-09   8.2100652e-03   9.0204894e-03   4.5136276e-03   3.6807854e-03  -1.4736387e-07   4.0061071e-08
   8.2100652e-03   9.0204894e-03   4.5136276e-03   3.6807854e-03  -1.4736387e-07   4.0061071e-08   2.2692397e-04   6.3964546e-05   5.4452993e-09   9.0204894e-03   9.5713688e-03   3.6807854e-03   2.5871054e-03   4.0061071e-08   1.2848459e-07
   9.0204894e-03   9.5713688e-03   3.6807854e-03   2.5871054e-03   4.0061071e-08   1.2848459e-07   2.3217172e-04   3.3952510e-05   6.7338460e-09   9.5713688e-03   9.7797220e-03   2.5871054e-03   1.3205299e-03   1.2848459e-07   1.5888850e-07
   9.5713688e-03   9.7797220e-03   2.5871054e-03   1.3205299e-03   1.2848459e-07   1.5888850e-07   2.2940982e-04   1.7296700e-06  -1.6910920e-09   9.7797220e-03   9.6497644e-03   1.3205299e-03  -3.5125184e-05   1.5888850e-07  -3.9902171e-08
   9.7797220e-03   9.6497644e-03   1.3205299e-03  -3.5125184e-05   1.5888850e-07  -3.9902171e-08   2.1931689e-04  -3.1269888e-05  -5.1754464e-09   9.6497644e-03   9.2109222e-03  -3.5125184e-05  -1.4196760e-03  -3.9902171e-08  -1.2211728e-07
   9.6497644e-03   9.2109222e-03  -3.5125184e-05  -1.4196760e-03  -3.9902171e-08  -1.2211728e-07   2.0256226e-04  -6.3952614e-05  -6.6742648e-09   9.2109222e-03   8.4919702e-03  -1.4196760e-03  -2.7875150e-03  -1.2211728e-07  -1.5748265e-07
   9.2109222e-03   8.4919702e-03  -1.4196760e-03  -2.7875150e-03  -1.2211728e-07  -1.5748265e-07   1.7974524e-04  -9.5348720e-05   1.6676828e-09   8.4919702e-03   7.5185814e-03  -2.7875150e-03  -4.0982288e-03  -1.5748265e-07   3.9349819e-08
   8.4919702e-03   7.5185814e-03  -2.7875150e-03  -4.0982288e-03  -1.5748265e-07   3.9349819e-08   1.5154298e-04  -1.2456510e-04   5.4763342e-09   7.5185814e-03   6.3196428e-03  -4.0982288e-03  -5.3145887e-03   3.9349819e-08   1.2921687e-07
   7.5185814e-03   6.3196428e-03  -4.0982288e-03  -5.3145887e-03   3.9349819e-08   1.2921687e-07   1.1870145e-04  -1.5076574e-04  -2.0980297e-09   6.3196428e-03   4.9268945e-03  -5.3145887e-03  -6.4018030e-03   1.2921687e-07  -4.9504071e-08
   6.3196428e-03   4.9268945e-03  -5.3145887e-03  -6.4018030e-03   1.2921687e-07  -4.9504071e-08   8.2072472e-05  -1.7316059e-04  -5.9629806e-09   4.9268945e-03   3.3764957e-03  -6.4018030e-03  -7.3270395e-03  -4.9504071e-08  -1.4069954e-07
   4.9268945e-03   3.3764957e-03  -6.4018030e-03  -7.3270395e-03  -4.9504071e-08  -1.4069954e-07   4.2628444e-05  -1.9100339e-04   1.8082846e-09   3.3764957e-03   1.7096499e-03  -7.3270395e-03  -8.0593515e-03  -1.4069954e-07   4.2667389e-08
   3.3764957e-03   1.7096499e-03  -7.3270395e-03  -8.0593515e-03  -1.4069954e-07   4.2667389e-08   1.4702519e-06  -2.0360663e-04   6.2609522e-09   1.7096499e-03  -2.7063206e-05  -8.0593515e-03  -8.5703186e-03   4.2667389e-08   1.4773033e-07
   1.7096499e-03  -2.7063206e-05  -8.0593515e-03  -8.5703186e-03   4.2667389e-08   1.4773033e-07  -4.0144000e-05  -2.1035162e-04  -1.5395447e-09  -2.7063206e-05  -1.7804919e-03  -8.5703186e-03  -8.8344696e-03   1.4773033e-07  -3.6326335e-08
  -2.7063206e-05  -1.7804919e-03  -8.5703186e-03  -8.8344696e-03   1.4773033e-07  -3.6326335e-08  -8.0660928e-05   2.1018977e-04  -6.7671364e-09  -1.7804919e-03  -3.4851151e-03  -8.8344696e-03   8.8475915e-03  -3.6326335e-08  -1.5967400e-07
  -1.7804919e-03  -3.4851151e-03  -8.8344696e-03   8.8475915e-03  -3.6326335e-08  -1.5967400e-07   4.1513150e-05   2.1400698e-04   1.3282323e-09  -3.4851151e-03   1.8410539e-03   8.8475915e-03   9.0266998e-03  -1.5967400e-07   3.1340314e-08
  -3.4851151e-03   1.8410539e-03   8.8475915e-03   9.0266998e-03  -1.5967400e-07   3.1340314e-08   2.5468017e-06   2.1276795e-04   5.9909300e-09   1.8410539e-03   2.0643968e-04   9.0266998e-03   8.9159655e-03   3.1340314e-08   1.4135902e-07
   1.8410539e-03   2.0643968e-04   9.0266998e-03   8.9159655e-03   3.1340314e-08   1.4135902e-07  -3.7440755e-05   2.0369954e-04  -1.8208204e-09   2.0643968e-04  -1.4742587e-03   8.9159655e-03   8.5531059e-03   1.4135902e-07  -4.2963178e-08
   2.0643968e-04  -1.4742587e-03   8.9159655e-03   8.5531059e-03   1.4135902e-07  -4.2963178e-08  -7.7711315e-05   1.8822656e-04  -5.7472331e-09  -1.4742587e-03  -3.1696197e-03   8.5531059e-03   7.9217617e-03  -4.2963178e-08  -1.3560887e-07
  -1.4742587e-03  -3.1696197e-03   8.5531059e-03   7.9217617e-03  -4.2963178e-08  -1.3560887e-07  -1.1674217e-04   1.6695599e-04   2.0075545e-09  -3.1696197e-03  -4.8158724e-03   7.9217617e-03   7.0470813e-03  -1.3560887e-07   4.7369264e-08
  -3.1696197e-03  -4.8158724e-03   7.9217617e-03   7.0470813e-03  -1.3560887e-07   4.7369264e-08  -1.5335409e-04   1.4050536e-04   5.5406704e-09  -4.8158724e-03  -6.3632131e-03   7.0470813e-03   5.9542960e-03   4.7369264e-08   1.3073492e-07
  -4.8158724e-03  -6.3632131e-03   7.0470813e-03   5.9542960e-03   4.7369264e-08   1.3073492e-07  -1.8644461e-04   1.0956008e-04  -2.1426101e-09  -6.3632131e-03  -7.7650581e-03   5.9542960e-03   4.6716455e-03   1.3073492e-07  -5.0555969e-08
  -6.3632131e-03  -7.7650581e-03   5.9542960e-03   4.6716455e-03   1.3073492e-07  -5.0555969e-08  -2.1499138e-04   7.4909322e-05  -5.4068482e-09  -7.7650581e-03  -8.9781564e-03   4.6716455e-03   3.2317628e-03  -5.0555969e-08  -1.2757732e-07
  -7.7650581e-03  -8.9781564e-03   4.6716455e-03   3.2317628e-03  -5.0555969e-08  -1.2757732e-07  -2.3802436e-04   3.7459898e-05  -6.6751657e-09  -8.9781564e-03  -9.9614086e-03   3.2317628e-03   1.6722559e-03  -1.2757732e-07  -1.5750391e-07
  -8.9781564e-03  -9.9614086e-03   3.2317628e-03   1.6722559e-03  -1.2757732e-07  -1.5750391e-07  -2.5463570e-04  -1.7600994e-06   1.7159944e-09  -9.9614086e-03  -1.0676271e-02   1.6722559e-03   3.5851772e-05  -1.5750391e-07   4.0489756e-08
  -9.9614086e-03  -1.0676271e-02   1.6722559e-03   3.5851772e-05  -1.5750391e-07   4.0489756e-08  -2.6393611e-04  -4.1583340e-05   5.1931938e-09  -1.0676271e-02  -1.1084922e-02   3.5851772e-05  -1.6288481e-03   4.0489756e-08   1.2253603e-07
  -1.0676271e-02  -1.1084922e-02   3.5851772e-05  -1.6288481e-03   4.0489756e-08   1.2253603e-07  -2.6510503e-04  -8.0509364e-05   6.7628009e-09  -1.1084922e-02  -1.1152361e-02  -1.6288481e-03  -3.2592385e-03   1.2253603e-07   1.5957171e-07
  -1.1084922e-02  -1.1152361e-02  -1.6288481e-03  -3.2592385e-03   1.2253603e-07   1.5957171e-07  -2.5743995e-04  -1.1638481e-04  -1.5521357e-09  -1.1152361e-02  -1.0848394e-02  -3.2592385e-03  -4.7652643e-03   1.5957171e-07  -3.6623426e-08
  -1.1152361e-02  -1.0848394e-02  -3.2592385e-03  -4.7652643e-03   1.5957171e-07  -3.6623426e-08  -2.4128013e-04  -1.4594702e-04  -6.2898731e-09  -1.0848394e-02  -1.0186279e-02  -4.7652643e-03  -6.0102254e-03  -3.6623426e-08  -1.4841274e-07
  -1.0848394e-02  -1.0186279e-02  -4.7652643e-03  -6.0102254e-03  -3.6623426e-08  -1.4841274e-07  -2.2016167e-04  -1.6626721e-04   1.2686700e-09  -1.0186279e-02  -9.3130235e-03  -6.0102254e-03  -6.8709689e-03  -1.4841274e-07   2.9934910e-08
  -1.0186279e-02  -9.3130235e-03  -6.0102254e-03  -6.8709689e-03  -1.4841274e-07   2.9934910e-08  -1.9932240e-04  -1.8058417e-04   7.8826525e-09  -9.3130235e-03  -8.4472585e-03  -6.8709689e-03  -7.4819060e-03   2.9934910e-08   1.8599517e-07
  -9.3130235e-03  -8.4472585e-03  -6.8709689e-03  -7.4819060e-03   2.9934910e-08   1.8599517e-07  -1.7922083e-04  -1.9607146e-04  -1.2007377e-10  -8.4472585e-03  -7.6097245e-03  -7.4819060e-03  -8.1419136e-03   1.8599517e-07  -2.8332013e-09
  -8.4472585e-03  -7.6097245e-03  -7.4819060e-03  -8.1419136e-03   1.8599517e-07  -2.8332013e-09  -1.5678187e-04  -2.1522729e-04  -7.3430391e-09  -7.6097245e-03  -6.6745623e-03  -8.1419136e-03  -8.9556871e-03  -2.8332013e-09  -1.7326272e-07
  -7.6097245e-03  -6.6745623e-03  -8.1419136e-03  -8.9556871e-03  -2.8332013e-09  -1.7326272e-07  -1.2801422e-04  -2.3486224e-04   7.0877258e-10  -6.6745623e-03  -5.4752899e-03  -8.9556871e-03  -9.7906595e-03  -1.7326272e-07   1.6723847e-08
  -6.6745623e-03  -5.4752899e-03  -8.9556871e-03  -9.7906595e-03  -1.7326272e-07   1.6723847e-08  -9.1702151e-05  -2.4923353e-04   6.5072294e-09  -5.4752899e-03  -3.9593833e-03  -9.7906595e-03  -1.0407470e-02   1.6723847e-08   1.5354137e-07
  -5.4752899e-03  -3.9593833e-03  -9.7906595e-03  -1.0407470e-02   1.6723847e-08   1.5354137e-07  -4.9284086e-05   2.5391198e-04  -1.4391447e-09  -3.9593833e-03  -2.1846207e-03  -1.0407470e-02   1.0707935e-02   1.5354137e-07  -3.3957348e-08
  -3.9593833e-03  -2.1846207e-03  -1.0407470e-02   1.0707935e-02   1.5354137e-07  -3.3957348e-08   1.8249495e-04   2.2726851e-04  -7.5844460e-09  -2.1846207e-03   7.7827897e-03   1.0707935e-02   9.5693518e-03  -3.3957348e-08  -1.7895884e-07
  -2.1846207e-03   7.7827897e-03   1.0707935e-02   9.5693518e-03  -3.3957348e-08  -1.7895884e-07   2.0613059e-04   2.0697503e-04   3.0105894e-10   7.7827897e-03   8.7629405e-03   9.5693518e-03   8.6071839e-03  -1.7895884e-07   7.1036380e-09
   7.7827897e-03   8.7629405e-03   9.5693518e-03   8.6071839e-03  -1.7895884e-07   7.1036380e-09   2.2588154e-04   1.8956567e-04   7.5975048e-09   8.7629405e-03   9.5818757e-03   8.6071839e-03   7.8651905e-03   7.1036380e-09   1.7926697e-07
   8.7629405e-03   9.5818757e-03   8.6071839e-03   7.8651905e-03   7.1036380e-09   1.7926697e-07   2.4903385e-04   1.7563848e-04  -5.5166774e-10   9.5818757e-03   1.0546095e-02   7.8651905e-03   7.2712252e-03   1.7926697e-07  -1.3016879e-08
   9.5818757e-03   1.0546095e-02   7.8651905e-03   7.2712252e-03   1.7926697e-07  -1.3016879e-08   2.7807561e-04   1.5656759e-04  -6.2473516e-09   1.0546095e-02   1.1759305e-02   7.2712252e-03   6.4596208e-03  -1.3016879e-08  -1.4740942e-07
   1.0546095e-02   1.1759305e-02   7.2712252e-03   6.4596208e-03  -1.3016879e-08  -1.4740942e-07   3.0496417e-04   1.2814760e-04   1.6968204e-09   1.1759305e-02   1.2879681e-02   6.4596208e-03   5.2526104e-03  -1.4740942e-07   4.0037336e-08
   1.1759305e-02   1.2879681e-02   6.4596208e-03   5.2526104e-03  -1.4740942e-07   4.0037336e-08   3.2302226e-04   9.1025727e-05   5.4460762e-09   1.2879681e-02   1.3624819e-02   5.2526104e-03   3.6811468e-03   4.0037336e-08   1.2850292e-07
   1.2879681e-02   1.3624819e-02   5.2526104e-03   3.6811468e-03   4.0037336e-08   1.2850292e-07   3.2949944e-04   4.8180577e-05   6.7347089e-09   1.3624819e-02   1.3879543e-02   3.6811468e-03   1.8734401e-03   1.2850292e-07   1.5890886e-07
   1.3624819e-02   1.3879543e-02   3.6811468e-03   1.8734401e-03   1.2850292e-07   1.5890886e-07   3.2461134e-04   2.4543421e-06  -1.6903440e-09   1.3879543e-02   1.3654321e-02   1.8734401e-03  -4.9868471e-05   1.5890886e-07  -3.9884522e-08
   1.3879543e-02   1.3654321e-02   1.8734401e-03  -4.9868471e-05   1.5890886e-07  -3.9884522e-08   3.0941798e-04  -4.4105926e-05  -5.1747652e-09   1.3654321e-02   1.2995006e-02  -4.9868471e-05  -2.0029199e-03  -3.9884522e-08  -1.2210120e-07
   1.3654321e-02   1.2995006e-02  -4.9868471e-05  -2.0029199e-03  -3.9884522e-08  -1.2210120e-07   2.8494696e-04  -8.9961071e-05  -6.6737940e-09   1.2995006e-02   1.1945700e-02  -2.0029199e-03  -3.9215712e-03  -1.2210120e-07  -1.5747154e-07
   1.2995006e-02   1.1945700e-02  -2.0029199e-03  -3.9215712e-03  -1.2210120e-07  -1.5747154e-07   2.5212242e-04  -1.3376981e-04   1.6681580e-09   1.1945700e-02   1.0545925e-02  -3.9215712e-03  -5.7499752e-03  -1.5747154e-07   3.9361030e-08
   1.1945700e-02   1.0545925e-02  -3.9215712e-03  -5.7499752e-03  -1.5747154e-07   3.9361030e-08   2.1195261e-04  -1.7429226e-04   5.4765344e-09   1.0545925e-02   8.8386449e-03  -5.7499752e-03  -7.4364907e-03   3.9361030e-08   1.2922160e-07
   1.0545925e-02   8.8386449e-03  -5.7499752e-03  -7.4364907e-03   3.9361030e-08   1.2922160e-07   1.6553389e-04  -2.1040159e-04  -2.0978377e-09   8.8386449e-03   6.8704740e-03  -7.4364907e-03  -8.9342679e-03   1.2922160e-07  -4.9499542e-08
   8.8386449e-03   6.8704740e-03  -7.4364907e-03  -8.9342679e-03   1.2922160e-07  -4.9499542e-08   1.1409774e-04  -2.4103274e-04  -5.9616358e-09   6.8704740e-03   4.6936492e-03  -8.9342679e-03  -1.0199088e-02  -4.9499542e-08  -1.4066781e-07
   6.8704740e-03   4.6936492e-03  -8.9342679e-03  -1.0199088e-02  -4.9499542e-08  -1.4066781e-07   5.9025407e-05  -2.6519766e-04   1.8094495e-09   4.6936492e-03   2.3666720e-03  -1.0199088e-02  -1.1190026e-02  -1.4066781e-07   4.2694876e-08
   4.6936492e-03   2.3666720e-03  -1.0199088e-02  -1.1190026e-02  -1.4066781e-07   4.2694876e-08   1.8622738e-06  -2.8200188e-04   6.2594755e-09   2.3666720e-03  -4.5098217e-05  -1.1190026e-02  -1.1870160e-02   4.2694876e-08   1.4769549e-07
   2.3666720e-03  -4.5098217e-05  -1.1190026e-02  -1.1870160e-02   4.2694876e-08   1.4769549e-07  -5.5648185e-05  -2.9064523e-04  -1.5409159e-09  -4.5098217e-05  -2.4680316e-03  -1.1870160e-02  -1.2206603e-02   1.4769549e-07  -3.6358690e-08
  -4.5098217e-05  -2.4680316e-03  -1.1870160e-02  -1.2206603e-02   1.4769549e-07  -3.6358690e-08  -1.1136776e-04   2.8973252e-04  -6.7633775e-09  -2.4680316e-03  -4.8119631e-03  -1.2206603e-02   1.2195964e-02  -3.6358690e-08  -1.5958531e-07
  -2.4680316e-03  -4.8119631e-03  -1.2206603e-02   1.2195964e-02  -3.6358690e-08  -1.5958531e-07   5.7285369e-05   2.9426234e-04   1.3310592e-09  -4.8119631e-03   2.5403865e-03   1.2195964e-02   1.2412047e-02  -1.5958531e-07   3.1407014e-08
  -4.8119631e-03   2.5403865e-03   1.2195964e-02   1.2412047e-02  -1.5958531e-07   3.1407014e-08   3.6963266e-06   2.9184903e-04   5.9902152e-09   2.5403865e-03   2.9202617e-04   1.2412047e-02   1.2229664e-02   3.1407014e-08   1.4134216e-07
   2.5403865e-03   2.9202617e-04   1.2412047e-02   1.2229664e-02   3.1407014e-08   1.4134216e-07  -5.1035641e-05   2.7874598e-04  -1.8212727e-09   2.9202617e-04  -2.0087274e-03   1.2229664e-02   1.1704113e-02   1.4134216e-07  -4.2973849e-08
   2.9202617e-04  -2.0087274e-03   1.2229664e-02   1.1704113e-02   1.4134216e-07  -4.2973849e-08  -1.0590410e-04   2.5697552e-04  -5.7463415e-09  -2.0087274e-03  -4.3189924e-03   1.1704113e-02   1.0815108e-02  -4.2973849e-08  -1.3558783e-07
  -2.0087274e-03  -4.3189924e-03   1.1704113e-02   1.0815108e-02  -4.2973849e-08  -1.3558783e-07  -1.5884426e-04   2.2741551e-04   2.0082532e-09  -4.3189924e-03  -6.5522751e-03   1.0815108e-02   9.5990471e-03  -1.3558783e-07   4.7385750e-08
  -4.3189924e-03  -6.5522751e-03   1.0815108e-02   9.5990471e-03  -1.3558783e-07   4.7385750e-08  -2.0827063e-04   1.9095486e-04   5.5409324e-09  -6.5522751e-03  -8.6415852e-03   9.5990471e-03   8.0923100e-03   4.7385750e-08   1.3074110e-07
  -6.5522751e-03  -8.6415852e-03   9.5990471e-03   8.0923100e-03   4.7385750e-08   1.3074110e-07  -2.5271157e-04   1.4857027e-04  -2.1422283e-09  -8.6415852e-03  -1.0524710e-02   8.0923100e-03   6.3351809e-03   1.3074110e-07  -5.0546960e-08
  -8.6415852e-03  -1.0524710e-02   8.0923100e-03   6.3351809e-03   1.3074110e-07  -5.0546960e-08  -2.9082603e-04   1.0136121e-04  -5.4064332e-09  -1.0524710e-02  -1.2144879e-02   6.3351809e-03   4.3731534e-03  -5.0546960e-08  -1.2756753e-07
  -1.0524710e-02  -1.2144879e-02   6.3351809e-03   4.3731534e-03  -5.0546960e-08  -1.2756753e-07  -3.2133573e-04   5.0579861e-05  -6.6747764e-09  -1.2144879e-02  -1.3447908e-02   4.3731534e-03   2.2581920e-03  -1.2756753e-07  -1.5749472e-07
  -1.2144879e-02  -1.3447908e-02   4.3731534e-03   2.2581920e-03  -1.2756753e-07  -1.5749472e-07  -3.4308072e-04  -2.3780338e-06   1.7165017e-09  -1.3447908e-02  -1.4384505e-02   2.2581920e-03   4.8320180e-05  -1.5749472e-07   4.0501726e-08
  -1.3447908e-02  -1.4384505e-02   2.2581920e-03   4.8320180e-05  -1.5749472e-07   4.0501726e-08  -3.5491137e-04  -5.5923013e-05   5.1938516e-09  -1.4384505e-02  -1.4905745e-02   4.8320180e-05  -2.1902498e-03   4.0501726e-08   1.2255155e-07
  -1.4384505e-02  -1.4905745e-02   4.8320180e-05  -2.1902498e-03   4.0501726e-08   1.2255155e-07  -3.5578497e-04  -1.0804605e-04   6.7636875e-09  -1.4905745e-02  -1.4967105e-02  -2.1902498e-03  -4.3736744e-03   1.2255155e-07   1.5959263e-07
  -1.4905745e-02  -1.4967105e-02  -2.1902498e-03  -4.3736744e-03   1.2255155e-07   1.5959263e-07  -3.4482970e-04  -1.5587171e-04  -1.5511053e-09  -1.4967105e-02  -1.4531045e-02  -4.3736744e-03  -6.3816763e-03   1.5959263e-07  -3.6599114e-08
  -1.4967105e-02  -1.4531045e-02  -4.3736744e-03  -6.3816763e-03   1.5959263e-07  -3.6599114e-08  -3.2257065e-04  -1.9505612e-04  -6.2908026e-09  -1.4531045e-02  -1.3618294e-02  -6.3816763e-03  -8.0322246e-03  -3.6599114e-08  -1.4843467e-07
  -1.4531045e-02  -1.3618294e-02  -6.3816763e-03  -8.0322246e-03  -3.6599114e-08  -1.4843467e-07  -2.9380363e-04  -2.2175487e-04   1.2676940e-09  -1.3618294e-02  -1.2428268e-02  -8.0322246e-03  -9.1636295e-03  -1.4843467e-07   2.9911880e-08
  -1.3618294e-02  -1.2428268e-02  -8.0322246e-03  -9.1636295e-03  -1.4843467e-07   2.9911880e-08  -2.6554457e-04  -2.4039775e-04   7.8851675e-09  -1.2428268e-02  -1.1253855e-02  -9.1636295e-03  -9.9597464e-03   2.9911880e-08   1.8605451e-07
  -1.2428268e-02  -1.1253855e-02  -9.1636295e-03  -9.9597464e-03   2.9911880e-08   1.8605451e-07  -2.3836778e-04  -2.6057162e-04  -1.1838353e-10  -1.1253855e-02  -1.0121202e-02  -9.9597464e-03  -1.0819992e-02   1.8605451e-07  -2.7933192e-09
  -1.1253855e-02  -1.0121202e-02  -9.9597464e-03  -1.0819992e-02   1.8605451e-07  -2.7933192e-09  -2.0817166e-04  -2.8554722e-04  -7.3395368e-09  -1.0121202e-02  -8.8624459e-03  -1.0819992e-02  -1.1881448e-02  -2.7933192e-09  -1.7318008e-07
  -1.0121202e-02  -8.8624459e-03  -1.0819992e-02  -1.1881448e-02  -2.7933192e-09  -1.7318008e-07  -1.6968907e-04  -3.1104371e-04   7.1204763e-10  -8.8624459e-03  -7.2578762e-03  -1.1881448e-02  -1.2966170e-02  -1.7318008e-07   1.6801124e-08
  -8.8624459e-03  -7.2578762e-03  -1.1881448e-02  -1.2966170e-02  -1.7318008e-07   1.6801124e-08  -1.2137951e-04  -3.2946319e-04   6.5058473e-09  -7.2578762e-03  -5.2408263e-03  -1.2966170e-02  -1.3757472e-02   1.6801124e-08   1.5350876e-07
  -7.2578762e-03  -5.2408263e-03  -1.2966170e-02  -1.3757472e-02   1.6801124e-08   1.5350876e-07  -6.5189900e-05   3.3501779e-04  -1.4402418e-09  -5.2408263e-03  -2.8895815e-03  -1.3757472e-02   1.4128500e-02   1.5350876e-07  -3.3983233e-08
  -5.2408263e-03  -2.8895815e-03  -1.3757472e-02   1.4128500e-02   1.5350876e-07  -3.3983233e-08   2.4056932e-04   2.9937602e-04  -7.5808932e-09  -2.8895815e-03   1.0259608e-02   1.4128500e-02   1.2605636e-02  -3.3983233e-08  -1.7887501e-07
  -2.8895815e-03   1.0259608e-02   1.4128500e-02   1.2605636e-02  -3.3983233e-08  -1.7887501e-07   2.7126634e-04   2.7213609e-04   3.0394849e-10   1.0259608e-02   1.1532102e-02   1.2605636e-02   1.1316653e-02  -1.7887501e-07   7.1718183e-09
   1.0259608e-02   1.1532102e-02   1.2605636e-02   1.1316653e-02  -1.7887501e-07   7.1718183e-09   2.9667615e-04   2.4874186e-04   7.6010719e-09   1.1532102e-02   1.2585108e-02   1.1316653e-02   1.0320074e-02   7.1718183e-09   1.7935113e-07
   1.1532102e-02   1.2585108e-02   1.1316653e-02   1.0320074e-02   7.1718183e-09   1.7935113e-07   3.2640223e-04   2.3005340e-04  -5.4820441e-10   1.2585108e-02   1.3822619e-02   1.0320074e-02   9.5235567e-03   1.7935113e-07  -1.2935160e-08
   1.2585108e-02   1.3822619e-02   1.0320074e-02   9.5235567e-03   1.7935113e-07  -1.2935160e-08   3.6379019e-04   2.0474538e-04  -6.2477554e-09   1.3822619e-02   1.5384138e-02   9.5235567e-03   8.4469807e-03  -1.2935160e-08  -1.4741895e-07
   1.3822619e-02   1.5384138e-02   9.5235567e-03   8.4469807e-03  -1.2935160e-08  -1.4741895e-07   3.9828849e-04   1.6731937e-04   1.6969287e-09   1.5384138e-02   1.6821203e-02   8.4469807e-03   6.8578786e-03  -1.4741895e-07   4.0039892e-08
   1.5384138e-02   1.6821203e-02   8.4469807e-03   6.8578786e-03  -1.4741895e-07   4.0039892e-08   4.2117205e-04   1.1866254e-04   5.4471289e-09   1.6821203e-02   1.7764800e-02   6.8578786e-03   4.7984574e-03   4.0039892e-08   1.2852776e-07
   1.6821203e-02   1.7764800e-02   6.8578786e-03   4.7984574e-03   4.0039892e-08   1.2852776e-07   4.2890526e-04   6.2711256e-05   6.7357854e-09   1.7764800e-02   1.8066899e-02   4.7984574e-03   2.4381064e-03   1.2852776e-07   1.5893426e-07
   1.7764800e-02   1.8066899e-02   4.7984574e-03   2.4381064e-03   1.2852776e-07   1.5893426e-07   4.2184609e-04   3.1955841e-06  -1.6893601e-09   1.8066899e-02   1.7744403e-02   2.4381064e-03  -6.4880461e-05   1.5893426e-07  -3.9861307e-08
   1.8066899e-02   1.7744403e-02   2.4381064e-03  -6.4880461e-05   1.5893426e-07  -3.9861307e-08   4.0144603e-04  -5.7214773e-05  -5.1738544e-09   1.7744403e-02   1.6860018e-02  -6.4880461e-05  -2.5985643e-03  -3.9861307e-08  -1.2207971e-07
   1.7744403e-02   1.6860018e-02  -6.4880461e-05  -2.5985643e-03  -3.9861307e-08  -1.2207971e-07   3.6909256e-04  -1.1652554e-04  -6.6730462e-09   1.6860018e-02   1.5473251e-02  -2.5985643e-03  -5.0798717e-03  -1.2207971e-07  -1.5745390e-07
   1.6860018e-02   1.5473251e-02  -2.5985643e-03  -5.0798717e-03  -1.2207971e-07  -1.5745390e-07   3.2604714e-04  -1.7300331e-04   1.6688667e-09   1.5473251e-02   1.3637999e-02  -5.0798717e-03  -7.4366563e-03  -1.5745390e-07   3.9377754e-08
   1.5473251e-02   1.3637999e-02  -5.0798717e-03  -7.4366563e-03  -1.5745390e-07   3.9377754e-08   2.7365415e-04  -2.2507975e-04   5.4770429e-09   1.3637999e-02   1.1411523e-02  -7.4366563e-03  -9.6036400e-03   3.9377754e-08   1.2923360e-07
   1.3637999e-02   1.1411523e-02  -7.4366563e-03  -9.6036400e-03   3.9377754e-08   1.2923360e-07   2.1336711e-04  -2.7131039e-04  -2.0973799e-09   1.1411523e-02   8.8555875e-03  -9.6036400e-03  -1.1520790e-02   1.2923360e-07  -4.9488739e-08
   1.1411523e-02   8.8555875e-03  -9.6036400e-03  -1.1520790e-02   1.2923360e-07  -4.9488739e-08   1.4680569e-04  -3.1035512e-04  -5.9605639e-09   8.8555875e-03   6.0388794e-03  -1.1520790e-02  -1.3132504e-02  -4.9488739e-08  -1.4064252e-07
   8.8555875e-03   6.0388794e-03  -1.1520790e-02  -1.3132504e-02  -4.9488739e-08  -1.4064252e-07   7.5770894e-05  -3.4097911e-04   1.8103980e-09   6.0388794e-03   3.0376559e-03  -1.3132504e-02  -1.4387672e-02  -1.4064252e-07   4.2717255e-08
   6.0388794e-03   3.0376559e-03  -1.3132504e-02  -1.4387672e-02  -1.4064252e-07   4.2717255e-08   2.2601728e-06  -3.6207549e-04   6.2589210e-09   3.0376559e-03  -6.3624406e-05  -1.4387672e-02  -1.5240645e-02   4.2717255e-08   1.4768241e-07
   3.0376559e-03  -6.3624406e-05  -1.4387672e-02  -1.5240645e-02   4.2717255e-08   1.4768241e-07  -7.1484398e-05  -3.7265778e-04  -1.5414111e-09  -6.3624406e-05  -3.1702949e-03  -1.5240645e-02  -1.5650926e-02   1.4768241e-07  -3.6370375e-08
  -6.3624406e-05  -3.1702949e-03  -1.5240645e-02  -1.5650926e-02   1.4768241e-07  -3.6370375e-08  -1.4273144e-04   3.7097697e-04  -6.7608812e-09  -3.1702949e-03  -6.1671943e-03  -1.5650926e-02   1.5615969e-02  -3.6370375e-08  -1.5952641e-07
  -3.1702949e-03  -6.1671943e-03  -1.5650926e-02   1.5615969e-02  -3.6370375e-08  -1.5952641e-07   7.3396261e-05   3.7623612e-04   1.3329989e-09  -6.1671943e-03   3.2547329e-03   1.5615969e-02   1.5869880e-02  -1.5952641e-07   3.1452782e-08
  -6.1671943e-03   3.2547329e-03   1.5615969e-02   1.5869880e-02  -1.5952641e-07   3.1452782e-08   4.8717773e-06   3.7262432e-04   5.9900857e-09   3.2547329e-03   3.7950034e-04   1.5869880e-02   1.5614354e-02   3.1452782e-08   1.4133910e-07
   3.2547329e-03   3.7950034e-04   1.5869880e-02   1.5614354e-02   3.1452782e-08   1.4133910e-07  -2.8226092e-04   5.4597569e-04  -4.9186576e-09   3.7950034e-04  -1.1682890e-02   1.5614354e-02   2.2926797e-02   1.4133910e-07  -1.1605821e-07
   3.7950034e-04  -1.1682890e-02   1.5614354e-02   2.2926797e-02   1.4133910e-07  -1.1605821e-07  -3.6807670e-04   4.9524299e-04  -2.9395331e-09  -1.1682890e-02  -1.5206566e-02   2.2926797e-02   2.0928952e-02  -1.1605821e-07  -6.9359771e-08
  -1.1682890e-02  -1.5206566e-02   2.2926797e-02   2.0928952e-02  -1.1605821e-07  -6.9359771e-08  -4.4344174e-04   4.3391529e-04  -5.6108280e-09  -1.5206566e-02  -1.8393915e-02   2.0928952e-02   1.8392019e-02  -6.9359771e-08  -1.3239032e-07
  -1.5206566e-02  -1.8393915e-02   2.0928952e-02   1.8392019e-02  -6.9359771e-08  -1.3239032e-07  -5.0858781e-04   3.6113543e-04   4.1744824e-09  -1.8393915e-02  -2.1158006e-02   1.8392019e-02   1.5370391e-02  -1.3239032e-07   9.8499024e-08
  -1.8393915e-02  -2.1158006e-02   1.8392019e-02   1.5370391e-02  -1.3239032e-07   9.8499024e-08  -5.6183880e-04   2.7861593e-04   3.7143786e-09  -2.1158006e-02  -2.3427849e-02   1.5370391e-02   1.1935029e-02   9.8499024e-08   8.7642640e-08
  -2.1158006e-02  -2.3427849e-02   1.5370391e-02   1.1935029e-02   9.8499024e-08   8.7642640e-08  -3.4325244e-04   1.2669860e-04   6.0307268e-09  -2.3427849e-02  -1.4285079e-02   1.1935029e-02   5.5795144e-03   8.7642640e-08   1.4229805e-07
  -2.3427849e-02  -1.4285079e-02   1.1935029e-02   5.5795144e-03   8.7642640e-08   1.4229805e-07  -4.0693075e-04   6.4176396e-05  -1.9708059e-09  -1.4285079e-02  -1.7029606e-02   5.5795144e-03   2.8528286e-03   1.4229805e-07  -4.6502162e-08
  -1.4285079e-02  -1.7029606e-02   5.5795144e-03   2.8528286e-03   1.4229805e-07  -4.6502162e-08  -4.3336614e-04  -3.0102905e-06  -5.2559193e-09  -1.7029606e-02  -1.8169940e-02   2.8528286e-03   6.1234671e-05  -4.6502162e-08  -1.2401607e-07
  -1.7029606e-02  -1.8169940e-02   2.8528286e-03   6.1234671e-05  -4.6502162e-08  -1.2401607e-07  -4.4784488e-04  -7.0571440e-05  -6.6301145e-09  -1.8169940e-02  -1.8808810e-02   6.1234671e-05  -2.7637660e-03  -1.2401607e-07  -1.5644090e-07
  -1.8169940e-02  -1.8808810e-02   6.1234671e-05  -2.7637660e-03  -1.2401607e-07  -1.5644090e-07  -4.4842000e-04  -1.3617348e-04   1.6942796e-09  -1.8808810e-02  -1.8864097e-02  -2.7637660e-03  -5.5120107e-03  -1.5644090e-07   3.9977384e-08
