   0.0000000e+00   0.0000000e+00   0.0000000e+00   0.0000000e+00   0.0000000e+00   0.0000000e+00   2.2656050e+01   9.7330477e-02   4.8015143e-01   0.0000000e+00   2.9798976e+00   0.0000000e+00   1.4700453e+01   0.0000000e+00  -5.4981421e+00
   0.0000000e+00   2.9798976e+00   0.0000000e+00   1.4700453e+01   0.0000000e+00  -5.4981421e+00   2.3025994e+01   1.4245282e-01   4.6051613e-01   2.9798976e+00   4.4325916e+00   1.4700453e+01   1.4329516e+01  -5.4981421e+00  -5.7481041e+00
   2.9798976e+00   4.4325916e+00   1.4700453e+01   1.4329516e+01  -5.4981421e+00  -5.7481041e+00   2.3395938e+01   1.8474736e-01   4.3697320e-01   4.4325916e+00   5.8409968e+00   1.4329516e+01   1.3815402e+01  -5.7481041e+00  -5.9980661e+00
   4.4325916e+00   5.8409968e+00   1.4329516e+01   1.3815402e+01  -5.7481041e+00  -5.9980661e+00   2.3765882e+01   2.2390794e-01   4.0986508e-01   5.8409968e+00   7.1910400e+00   1.3815402e+01   1.3163250e+01  -5.9980661e+00  -6.2480283e+00
   5.8409968e+00   7.1910400e+00   1.3815402e+01   1.3163250e+01  -5.9980661e+00  -6.2480283e+00   2.4135826e+01   2.5966515e-01   3.7955551e-01   7.1910400e+00   8.4692334e+00   1.3163250e+01   1.2379575e+01  -6.2480283e+00  -6.4979903e+00
   7.1910400e+00   8.4692334e+00   1.3163250e+01   1.2379575e+01  -6.2480283e+00  -6.4979903e+00   2.4505772e+01   2.9178734e-01   3.4642588e-01   8.4692334e+00   9.6628026e+00   1.2379575e+01   1.1472207e+01  -6.4979903e+00  -6.7479537e+00
   8.4692334e+00   9.6628026e+00   1.2379575e+01   1.1472207e+01  -6.4979903e+00  -6.7479537e+00   2.4875713e+01   3.2008220e-01   3.1087180e-01   9.6628026e+00   1.0759828e+01   1.1472207e+01   1.0450213e+01  -6.7479537e+00  -6.9979143e+00
   9.6628026e+00   1.0759828e+01   1.1472207e+01   1.0450213e+01  -6.7479537e+00  -6.9979143e+00   2.5245657e+01   3.4439643e-01   2.7329908e-01   1.0759828e+01   1.1749343e+01   1.0450213e+01   9.3238037e+00  -6.9979143e+00  -7.2478763e+00
   1.0759828e+01   1.1749343e+01   1.0450213e+01   9.3238037e+00  -6.9979143e+00  -7.2478763e+00   2.5615601e+01   3.6461697e-01   2.3412034e-01   1.1749343e+01   1.2621463e+01   9.3238037e+00   8.1042340e+00  -7.2478763e+00  -7.4978382e+00
   1.1749343e+01   1.2621463e+01   9.3238037e+00   8.1042340e+00  -7.2478763e+00  -7.4978382e+00   2.5985544e+01   3.8067050e-01   1.9375119e-01   1.2621463e+01   1.3367473e+01   8.1042340e+00   6.8036894e+00  -7.4978382e+00  -7.7478003e+00
   1.2621463e+01   1.3367473e+01   8.1042340e+00   6.8036894e+00  -7.4978382e+00  -7.7478003e+00   2.6355488e+01   3.9252321e-01   1.5260660e-01   1.3367473e+01   1.3979920e+01   6.8036894e+00   5.4351641e+00  -7.7478003e+00  -7.9977622e+00
   1.3367473e+01   1.3979920e+01   6.8036894e+00   5.4351641e+00  -7.7478003e+00  -7.9977622e+00   2.6725432e+01   4.0018009e-01   1.1109742e-01   1.3979920e+01   1.4452684e+01   5.4351641e+00   4.0123333e+00  -7.9977622e+00  -8.2477245e+00
   1.3979920e+01   1.4452684e+01   5.4351641e+00   4.0123333e+00  -7.9977622e+00  -8.2477245e+00   2.7095376e+01   4.0368404e-01   6.9626832e-02   1.4452684e+01   1.4781042e+01   4.0123333e+00   2.5494124e+00  -8.2477245e+00  -8.4976862e+00
   1.4452684e+01   1.4781042e+01   4.0123333e+00   2.5494124e+00  -8.2477245e+00  -8.4976862e+00   2.7465319e+01   4.0311445e-01   2.8587099e-02   1.4781042e+01   1.4961712e+01   2.5494124e+00   1.0610186e+00  -8.4976862e+00  -8.7476479e+00
   1.4781042e+01   1.4961712e+01   2.5494124e+00   1.0610186e+00  -8.4976862e+00  -8.7476479e+00   2.7835263e+01   3.9858573e-01  -1.1643588e-02   1.4961712e+01   1.4992890e+01   1.0610186e+00  -4.3797614e-01  -8.7476479e+00  -8.9976100e+00
   1.4961712e+01   1.4992890e+01   1.0610186e+00  -4.3797614e-01  -8.7476479e+00  -8.9976100e+00   2.8205207e+01   3.9024548e-01  -5.0704139e-02   1.4992890e+01   1.4874263e+01  -4.3797614e-01  -1.9325956e+00  -8.9976100e+00  -9.2475723e+00
   1.4992890e+01   1.4874263e+01  -4.3797614e-01  -1.9325956e+00  -8.9976100e+00  -9.2475723e+00   2.8575151e+01   3.7827249e-01  -8.8253238e-02   1.4874263e+01   1.4607018e+01  -1.9325956e+00  -3.4079048e+00  -9.2475723e+00  -9.4975343e+00
   1.4874263e+01   1.4607018e+01  -1.9325956e+00  -3.4079048e+00  -9.2475723e+00  -9.4975343e+00   2.8945095e+01   3.6287426e-01  -1.2397198e-01   1.4607018e+01   1.4193824e+01  -3.4079048e+00  -4.8491633e+00  -9.4975343e+00  -9.7474965e+00
   1.4607018e+01   1.4193824e+01  -3.4079048e+00  -4.8491633e+00  -9.4975343e+00  -9.7474965e+00   2.9315039e+01   3.4428474e-01  -1.5756614e-01   1.4193824e+01   1.3638812e+01  -4.8491633e+00  -6.2419696e+00  -9.7474965e+00  -9.9974588e+00
   1.4193824e+01   1.3638812e+01  -4.8491633e+00  -6.2419696e+00  -9.7474965e+00  -9.9974588e+00   2.9684982e+01   3.2276142e-01  -1.8876832e-01   1.3638812e+01   1.2947523e+01  -6.2419696e+00  -7.5724110e+00  -9.9974588e+00  -1.0247420e+01
   1.3638812e+01   1.2947523e+01  -6.2419696e+00  -7.5724110e+00  -9.9974588e+00  -1.0247420e+01   3.0054926e+01   2.9858274e-01  -2.1733942e-01   1.2947523e+01   1.2126868e+01  -7.5724110e+00  -8.8271893e+00  -1.0247420e+01  -1.0497382e+01
   1.2947523e+01   1.2126868e+01  -7.5724110e+00  -8.8271893e+00  -1.0247420e+01  -1.0497382e+01   3.0424870e+01   2.7204499e-01  -2.4307054e-01   1.2126868e+01   1.1185045e+01  -8.8271893e+00  -9.9937695e+00  -1.0497382e+01  -1.0747344e+01
   1.2126868e+01   1.1185045e+01  -8.8271893e+00  -9.9937695e+00  -1.0497382e+01  -1.0747344e+01   3.0794816e+01   2.4345928e-01  -2.6578394e-01   1.1185045e+01   1.0131464e+01  -9.9937695e+00  -1.1060497e+01  -1.0747344e+01  -1.0997308e+01
   1.1185045e+01   1.0131464e+01  -9.9937695e+00  -1.1060497e+01  -1.0747344e+01  -1.0997308e+01   3.1164759e+01   2.1314854e-01  -2.8533397e-01   1.0131464e+01   8.9766528e+00  -1.1060497e+01  -1.2016709e+01  -1.0997308e+01  -1.1247270e+01
   1.0131464e+01   8.9766528e+00  -1.1060497e+01  -1.2016709e+01  -1.0997308e+01  -1.1247270e+01   3.1534701e+01   1.8144434e-01  -3.0160782e-01   8.9766528e+00   7.7321526e+00  -1.2016709e+01  -1.2852855e+01  -1.1247270e+01  -1.1497230e+01
   8.9766528e+00   7.7321526e+00  -1.2016709e+01  -1.2852855e+01  -1.1247270e+01  -1.1497230e+01   3.1904645e+01   1.4868337e-01  -3.1452563e-01   7.7321526e+00   6.4103921e+00  -1.2852855e+01  -1.3560579e+01  -1.1497230e+01  -1.1747193e+01
   7.7321526e+00   6.4103921e+00  -1.2852855e+01  -1.3560579e+01  -1.1497230e+01  -1.1747193e+01   3.2274589e+01   1.1520491e-01  -3.2404066e-01   6.4103921e+00   5.0245827e+00  -1.3560579e+01  -1.4132810e+01  -1.1747193e+01  -1.1997155e+01
   6.4103921e+00   5.0245827e+00  -1.3560579e+01  -1.4132810e+01  -1.1747193e+01  -1.1997155e+01   3.2644532e+01   8.1347183e-02  -3.3013910e-01   5.0245827e+00   3.5885685e+00  -1.4132810e+01  -1.4563833e+01  -1.1997155e+01  -1.2247116e+01
   5.0245827e+00   3.5885685e+00  -1.4132810e+01  -1.4563833e+01  -1.1997155e+01  -1.2247116e+01   3.3014474e+01   4.7444595e-02  -3.3283914e-01   3.5885685e+00   2.1167005e+00  -1.4563833e+01  -1.4849337e+01  -1.2247116e+01  -1.2497077e+01
   3.5885685e+00   2.1167005e+00  -1.4563833e+01  -1.4849337e+01  -1.2247116e+01  -1.2497077e+01   3.3384420e+01   1.3824505e-02  -3.3219056e-01   2.1167005e+00   6.2367985e-01  -1.4849337e+01  -1.4986472e+01  -1.2497077e+01  -1.2747040e+01
   2.1167005e+00   6.2367985e-01  -1.4849337e+01  -1.4986472e+01  -1.2497077e+01  -1.2747040e+01   3.3754364e+01  -1.9195205e-02  -3.2827344e-01   6.2367985e-01  -8.7557020e-01  -1.4986472e+01  -1.4973866e+01  -1.2747040e+01  -1.2997003e+01
   6.2367985e-01  -8.7557020e-01  -1.4986472e+01  -1.4973866e+01  -1.2747040e+01  -1.2997003e+01   3.4124305e+01  -5.1309239e-02  -3.2119683e-01  -8.7557020e-01  -2.3660704e+00  -1.4973866e+01  -1.4811646e+01  -1.2997003e+01  -1.3246963e+01
  -8.7557020e-01  -2.3660704e+00  -1.4973866e+01  -1.4811646e+01  -1.2997003e+01  -1.3246963e+01   3.4494251e+01  -8.2227349e-02  -3.1109712e-01  -2.3660704e+00  -3.8329336e+00  -1.4811646e+01  -1.4501435e+01  -1.3246963e+01  -1.3496927e+01
  -2.3660704e+00  -3.8329336e+00  -1.4811646e+01  -1.4501435e+01  -1.3246963e+01  -1.3496927e+01   3.4864195e+01  -1.1167641e-01  -2.9813635e-01  -3.8329336e+00  -5.2614977e+00  -1.4501435e+01  -1.4046329e+01  -1.3496927e+01  -1.3746889e+01
  -3.8329336e+00  -5.2614977e+00  -1.4501435e+01  -1.4046329e+01  -1.3496927e+01  -1.3746889e+01   3.5234139e+01  -1.3940293e-01  -2.8250015e-01  -5.2614977e+00  -6.6374897e+00  -1.4046329e+01  -1.3450878e+01  -1.3746889e+01  -1.3996851e+01
  -5.2614977e+00  -6.6374897e+00  -1.4046329e+01  -1.3450878e+01  -1.3746889e+01  -1.3996851e+01   3.5604082e+01  -1.6517490e-01  -2.6439556e-01  -6.6374897e+00  -7.9471633e+00  -1.3450878e+01  -1.2721029e+01  -1.3996851e+01  -1.4246812e+01
  -6.6374897e+00  -7.9471633e+00  -1.3450878e+01  -1.2721029e+01  -1.3996851e+01  -1.4246812e+01   3.5974030e+01  -1.8878341e-01  -2.4404872e-01  -7.9471633e+00  -9.1774323e+00  -1.2721029e+01  -1.1864075e+01  -1.4246812e+01  -1.4496777e+01
  -7.9471633e+00  -9.1774323e+00  -1.2721029e+01  -1.1864075e+01  -1.4246812e+01  -1.4496777e+01   3.6343970e+01  -2.1004421e-01  -2.2170252e-01  -9.1774323e+00  -1.0316001e+01  -1.1864075e+01  -1.0888581e+01  -1.4496777e+01  -1.4746737e+01
  -9.1774323e+00  -1.0316001e+01  -1.1864075e+01  -1.0888581e+01  -1.4496777e+01  -1.4746737e+01   3.6713913e+01  -2.2879902e-01  -1.9761378e-01  -1.0316001e+01  -1.1351497e+01  -1.0888581e+01  -9.8042909e+00  -1.4746737e+01  -1.4996698e+01
  -1.0316001e+01  -1.1351497e+01  -1.0888581e+01  -9.8042909e+00  -1.4746737e+01  -1.4996698e+01   3.7083858e+01  -2.4491634e-01  -1.7205084e-01  -1.1351497e+01  -1.2273571e+01  -9.8042909e+00  -8.6220391e+00  -1.4996698e+01  -1.5246661e+01
  -1.1351497e+01  -1.2273571e+01  -9.8042909e+00  -8.6220391e+00  -1.4996698e+01  -1.5246661e+01   3.7453802e+01  -2.5829233e-01  -1.4529081e-01  -1.2273571e+01  -1.3073013e+01  -8.6220391e+00  -7.3536396e+00  -1.5246661e+01  -1.5496623e+01
  -1.2273571e+01  -1.3073013e+01  -8.6220391e+00  -7.3536396e+00  -1.5246661e+01  -1.5496623e+01   3.7823744e+01  -2.6885116e-01  -1.1761675e-01  -1.3073013e+01  -1.3741835e+01  -7.3536396e+00  -6.0117647e+00  -1.5496623e+01  -1.5746584e+01
  -1.3073013e+01  -1.3741835e+01  -7.3536396e+00  -6.0117647e+00  -1.5496623e+01  -1.5746584e+01   3.8193689e+01  -2.7654515e-01  -8.9314968e-02  -1.3741835e+01  -1.4273351e+01  -6.0117647e+00  -4.6098218e+00  -1.5746584e+01  -1.5996547e+01
  -1.3741835e+01  -1.4273351e+01  -6.0117647e+00  -4.6098218e+00  -1.5746584e+01  -1.5996547e+01   3.8563632e+01  -2.8135489e-01  -6.0672351e-02  -1.4273351e+01  -1.4662252e+01  -4.6098218e+00  -3.1618192e+00  -1.5996547e+01  -1.6246508e+01
  -1.4273351e+01  -1.4662252e+01  -4.6098218e+00  -3.1618192e+00  -1.5996547e+01  -1.6246508e+01   3.8933577e+01  -2.8328875e-01  -3.1973604e-02  -1.4662252e+01  -1.4904655e+01  -3.1618192e+00  -1.6822254e+00  -1.6246508e+01  -1.6496471e+01
  -1.4662252e+01  -1.4904655e+01  -3.1618192e+00  -1.6822254e+00  -1.6246508e+01  -1.6496471e+01   3.9303519e+01  -2.8238234e-01  -3.4986897e-03  -1.4904655e+01  -1.4998134e+01  -1.6822254e+00  -1.8582543e-01  -1.6496471e+01  -1.6746432e+01
  -1.4904655e+01  -1.4998134e+01  -1.6822254e+00  -1.8582543e-01  -1.6496471e+01  -1.6746432e+01   3.9673464e+01  -2.7869760e-01   2.4479886e-02  -1.4998134e+01  -1.4941756e+01  -1.8582543e-01   1.3124349e+00  -1.6746432e+01  -1.6996395e+01
  -1.4998134e+01  -1.4941756e+01  -1.8582543e-01   1.3124349e+00  -1.6746432e+01  -1.6996395e+01   4.0043408e+01  -2.7232210e-01   5.1699155e-02  -1.4941756e+01  -1.4736088e+01   1.3124349e+00   2.7975815e+00  -1.6996395e+01  -1.7246357e+01
  -1.4941756e+01  -1.4736088e+01   1.3124349e+00   2.7975815e+00  -1.6996395e+01  -1.7246357e+01   4.0413350e+01  -2.6336724e-01   7.7908253e-02  -1.4736088e+01  -1.4383179e+01   2.7975815e+00   4.2547750e+00  -1.7246357e+01  -1.7496318e+01
  -1.4736088e+01  -1.4383179e+01   2.7975815e+00   4.2547750e+00  -1.7246357e+01  -1.7496318e+01   4.0783296e+01  -2.5196721e-01   1.0287048e-01  -1.4383179e+01  -1.3886558e+01   4.2547750e+00   5.6694557e+00  -1.7496318e+01  -1.7746281e+01
  -1.4383179e+01  -1.3886558e+01   4.2547750e+00   5.6694557e+00  -1.7496318e+01  -1.7746281e+01   4.1153239e+01  -2.3827721e-01   1.2636532e-01  -1.3886558e+01  -1.3251188e+01   5.6694557e+00   7.0274893e+00  -1.7746281e+01  -1.7996243e+01
  -1.3886558e+01  -1.3251188e+01   5.6694557e+00   7.0274893e+00  -1.7746281e+01  -1.7996243e+01   4.1523184e+01  -2.2247157e-01   1.4819013e-01  -1.3251188e+01  -1.2483416e+01   7.0274893e+00   8.3153055e+00  -1.7996243e+01  -1.8246206e+01
  -1.3251188e+01  -1.2483416e+01   7.0274893e+00   8.3153055e+00  -1.7996243e+01  -1.8246206e+01   4.1893127e+01  -2.0474186e-01   1.6816194e-01  -1.2483416e+01  -1.1590914e+01   8.3153055e+00   9.5200397e+00  -1.8246206e+01  -1.8496167e+01
  -1.2483416e+01  -1.1590914e+01   8.3153055e+00   9.5200397e+00  -1.8246206e+01  -1.8496167e+01   4.2263070e+01  -1.8529474e-01   1.8611859e-01  -1.1590914e+01  -1.0582601e+01   9.5200397e+00   1.0629652e+01  -1.8496167e+01  -1.8746129e+01
  -1.1590914e+01  -1.0582601e+01   9.5200397e+00   1.0629652e+01  -1.8496167e+01  -1.8746129e+01   4.2633019e+01  -1.6434976e-01   2.0192008e-01  -1.0582601e+01  -9.4685491e+00   1.0629652e+01   1.1633058e+01  -1.8746129e+01  -1.8996094e+01
  -1.0582601e+01  -9.4685491e+00   1.0629652e+01   1.1633058e+01  -1.8746129e+01  -1.8996094e+01   4.3002959e+01  -1.4213715e-01   2.1544956e-01  -9.4685491e+00  -8.2598892e+00   1.1633058e+01   1.2520227e+01  -1.8996094e+01  -1.9246053e+01
  -9.4685491e+00  -8.2598892e+00   1.1633058e+01   1.2520227e+01  -1.8996094e+01  -1.9246053e+01   4.3372905e+01  -1.1889536e-01   2.2661390e-01  -8.2598892e+00  -6.9686990e+00   1.2520227e+01   1.3282301e+01  -1.9246053e+01  -1.9496017e+01
  -8.2598892e+00  -6.9686990e+00   1.2520227e+01   1.3282301e+01  -1.9246053e+01  -1.9496017e+01   4.3742845e+01  -9.4868844e-02   2.3534429e-01  -6.9686990e+00  -5.6078827e+00   1.3282301e+01   1.3911660e+01  -1.9496017e+01  -1.9745977e+01
  -6.9686990e+00  -5.6078827e+00   1.3282301e+01   1.3911660e+01  -1.9496017e+01  -1.9745977e+01   4.4112790e+01  -7.0305325e-02   2.4159649e-01  -5.6078827e+00  -4.1910324e+00   1.3911660e+01   1.4402020e+01  -1.9745977e+01  -1.9995939e+01
  -5.6078827e+00  -4.1910324e+00   1.3911660e+01   1.4402020e+01  -1.9745977e+01  -1.9995939e+01   4.4482734e+01  -4.5453750e-02   2.4535081e-01  -4.1910324e+00  -2.7323068e+00   1.4402020e+01   1.4748480e+01  -1.9995939e+01  -2.0245901e+01
  -4.1910324e+00  -2.7323068e+00   1.4402020e+01   1.4748480e+01  -1.9995939e+01  -2.0245901e+01   4.4852676e+01  -2.0561726e-02   2.4661197e-01  -2.7323068e+00  -1.2462816e+00   1.4748480e+01   1.4947577e+01  -2.0245901e+01  -2.0495862e+01
  -2.7323068e+00  -1.2462816e+00   1.4748480e+01   1.4947577e+01  -2.0245901e+01  -2.0495862e+01   4.5222621e+01   4.1268099e-03   2.4540858e-01  -1.2462816e+00   2.5219616e-01   1.4947577e+01   1.4997323e+01  -2.0495862e+01  -2.0745825e+01
  -1.2462816e+00   2.5219616e-01   1.4947577e+01   1.4997323e+01  -2.0495862e+01  -2.0745825e+01   4.5592568e+01   2.8373796e-02   2.4179256e-01   2.5219616e-01   1.7481544e+00   1.4997323e+01   1.4897221e+01  -2.0745825e+01  -2.0995789e+01
   2.5219616e-01   1.7481544e+00   1.4997323e+01   1.4897221e+01  -2.0745825e+01  -2.0995789e+01   4.5962509e+01   5.1949251e-02   2.3583832e-01   1.7481544e+00   3.2266458e+00   1.4897221e+01   1.4648271e+01  -2.0995789e+01  -2.1245749e+01
   1.7481544e+00   3.2266458e+00   1.4897221e+01   1.4648271e+01  -2.0995789e+01  -2.1245749e+01   4.6332453e+01   7.4633305e-02   2.2764154e-01   3.2266458e+00   4.6728974e+00   1.4648271e+01   1.4252960e+01  -2.1245749e+01  -2.1495711e+01
   3.2266458e+00   4.6728974e+00   1.4648271e+01   1.4252960e+01  -2.1245749e+01  -2.1495711e+01   4.6702396e+01   9.6218180e-02   2.1731811e-01   4.6728974e+00   6.0724589e+00   1.4252960e+01   1.3715239e+01  -2.1495711e+01  -2.1745673e+01
   4.6728974e+00   6.0724589e+00   1.4252960e+01   1.3715239e+01  -2.1495711e+01  -2.1745673e+01   4.7072340e+01   1.1650996e-01   2.0500265e-01   6.0724589e+00   7.4113466e+00   1.3715239e+01   1.3040479e+01  -2.1745673e+01  -2.1995635e+01
   6.0724589e+00   7.4113466e+00   1.3715239e+01   1.3040479e+01  -2.1745673e+01  -2.1995635e+01   4.7442284e+01   1.3533023e-01   1.9084689e-01   7.4113466e+00   8.6761827e+00   1.3040479e+01   1.2235422e+01  -2.1995635e+01  -2.2245598e+01
   7.4113466e+00   8.6761827e+00   1.3040479e+01   1.2235422e+01  -2.1995635e+01  -2.2245598e+01   4.7812227e+01   1.5251755e-01   1.7501809e-01   8.6761827e+00   9.8543292e+00   1.2235422e+01   1.1308115e+01  -2.2245598e+01  -2.2495559e+01
   8.6761827e+00   9.8543292e+00   1.2235422e+01   1.1308115e+01  -2.2245598e+01  -2.2495559e+01   4.8182172e+01   1.6792872e-01   1.5769705e-01   9.8543292e+00   1.0934014e+01   1.1308115e+01   1.0267819e+01  -2.2495559e+01  -2.2745521e+01
   9.8543292e+00   1.0934014e+01   1.1308115e+01   1.0267819e+01  -2.2495559e+01  -2.2745521e+01   4.8552115e+01   1.8143996e-01   1.3907631e-01   1.0934014e+01   1.1904451e+01   1.0267819e+01   9.1249308e+00  -2.2745521e+01  -2.2995483e+01
   1.0934014e+01   1.1904451e+01   1.0267819e+01   9.1249308e+00  -2.2745521e+01  -2.2995483e+01   4.8922059e+01   1.9294765e-01   1.1935809e-01   1.1904451e+01   1.2755941e+01   9.1249308e+00   7.8908700e+00  -2.2995483e+01  -2.3245445e+01
   1.1904451e+01   1.2755941e+01   9.1249308e+00   7.8908700e+00  -2.2995483e+01  -2.3245445e+01   4.9292006e+01   2.0236916e-01   9.8752195e-02   1.2755941e+01   1.3479976e+01   7.8908700e+00   6.5779646e+00  -2.3245445e+01  -2.3495410e+01
   1.2755941e+01   1.3479976e+01   7.8908700e+00   6.5779646e+00  -2.3245445e+01  -2.3495410e+01   4.9661947e+01   2.0964349e-01   7.7473990e-02   1.3479976e+01   1.4069329e+01   6.5779646e+00   5.1993367e+00  -2.3495410e+01  -2.3745369e+01
   1.3479976e+01   1.4069329e+01   6.5779646e+00   5.1993367e+00  -2.3495410e+01  -2.3745369e+01   5.0031890e+01   2.1473097e-01   5.5742063e-02   1.4069329e+01   1.4518103e+01   5.1993367e+00   3.7687578e+00  -2.3745369e+01  -2.3995331e+01
   1.4069329e+01   1.4518103e+01   5.1993367e+00   3.7687578e+00  -2.3745369e+01  -2.3995331e+01   5.0401834e+01   2.1761400e-01   3.3776279e-02   1.4518103e+01   1.4821817e+01   3.7687578e+00   2.3005222e+00  -2.3995331e+01  -2.4245293e+01
   1.4518103e+01   1.4821817e+01   3.7687578e+00   2.3005222e+00  -2.3995331e+01  -2.4245293e+01   5.0771778e+01   2.1829653e-01   1.1795579e-02   1.4821817e+01   1.4977436e+01   2.3005222e+00   8.0930073e-01  -2.4245293e+01  -2.4495255e+01
   1.4821817e+01   1.4977436e+01   2.3005222e+00   8.0930073e-01  -2.4245293e+01  -2.4495255e+01   5.1141722e+01   2.1680379e-01  -9.9841333e-03   1.4977436e+01   1.4983404e+01   8.0930073e-01  -6.9000780e-01  -2.4495255e+01  -2.4745218e+01
   1.4977436e+01   1.4983404e+01   8.0930073e-01  -6.9000780e-01  -2.4495255e+01  -2.4745218e+01   5.1511666e+01   2.1318187e-01  -3.1351931e-02   1.4983404e+01   1.4839666e+01  -6.9000780e-01  -2.1824191e+00  -2.4745218e+01  -2.4995179e+01
   1.4983404e+01   1.4839666e+01  -6.9000780e-01  -2.1824191e+00  -2.4745218e+01  -2.4995179e+01   5.1881609e+01   2.0749672e-01  -5.2104004e-02   1.4839666e+01   1.4547654e+01  -2.1824191e+00  -3.6530265e+00  -2.4995179e+01  -2.5245141e+01
   1.4839666e+01   1.4547654e+01  -2.1824191e+00  -3.6530265e+00  -2.4995179e+01  -2.5245141e+01   5.2251553e+01   1.9983353e-01  -7.2045294e-02   1.4547654e+01   1.4110287e+01  -3.6530265e+00  -5.0871331e+00  -2.5245141e+01  -2.5495103e+01
   1.4547654e+01   1.4110287e+01  -3.6530265e+00  -5.0871331e+00  -2.5245141e+01  -2.5495103e+01   5.2621497e+01   1.9029542e-01  -9.0991429e-02   1.4110287e+01   1.3531932e+01  -5.0871331e+00  -6.4704125e+00  -2.5495103e+01  -2.5745065e+01
   1.4110287e+01   1.3531932e+01  -5.0871331e+00  -6.4704125e+00  -2.5495103e+01  -2.5745065e+01   5.2991441e+01   1.7900242e-01  -1.0877021e-01   1.3531932e+01   1.2818373e+01  -6.4704125e+00  -7.7890408e+00  -2.5745065e+01  -2.5995028e+01
   1.3531932e+01   1.2818373e+01  -6.4704125e+00  -7.7890408e+00  -2.5745065e+01  -2.5995028e+01   5.3361385e+01   1.6608985e-01  -1.2522323e-01   1.2818373e+01   1.1976736e+01  -7.7890408e+00  -9.0298444e+00  -2.5995028e+01  -2.6244990e+01
   1.2818373e+01   1.1976736e+01  -7.7890408e+00  -9.0298444e+00  -2.5995028e+01  -2.6244990e+01   5.3731328e+01   1.5170701e-01  -1.4020709e-01   1.1976736e+01   1.1015431e+01  -9.0298444e+00  -1.0180423e+01  -2.6244990e+01  -2.6494952e+01
   1.1976736e+01   1.1015431e+01  -9.0298444e+00  -1.0180423e+01  -2.6244990e+01  -2.6494952e+01   5.4101272e+01   1.3601543e-01  -1.5359471e-01   1.1015431e+01   9.9440645e+00  -1.0180423e+01  -1.1229283e+01  -2.6494952e+01  -2.6744914e+01
   1.1015431e+01   9.9440645e+00  -1.0180423e+01  -1.1229283e+01  -2.6494952e+01  -2.6744914e+01   5.4471216e+01   1.1918719e-01  -1.6527627e-01   9.9440645e+00   8.7733396e+00  -1.1229283e+01  -1.2165945e+01  -2.6744914e+01  -2.6994876e+01
   9.9440645e+00   8.7733396e+00  -1.1229283e+01  -1.2165945e+01  -2.6744914e+01  -2.6994876e+01   5.4841162e+01   1.0140316e-01  -1.7515994e-01   8.7733396e+00   7.5149555e+00  -1.2165945e+01  -1.2981047e+01  -2.6994876e+01  -2.7244839e+01
   8.7733396e+00   7.5149555e+00  -1.2165945e+01  -1.2981047e+01  -2.6994876e+01  -2.7244839e+01   5.5211103e+01   8.2851032e-02  -1.8317278e-01   7.5149555e+00   6.1814823e+00  -1.2981047e+01  -1.3666447e+01  -2.7244839e+01  -2.7494800e+01
   7.5149555e+00   6.1814823e+00  -1.2981047e+01  -1.3666447e+01  -2.7244839e+01  -2.7494800e+01   5.5581047e+01   6.3723569e-02  -1.8926091e-01   6.1814823e+00   4.7862469e+00  -1.3666447e+01  -1.4215297e+01  -2.7494800e+01  -2.7744762e+01
   6.1814823e+00   4.7862469e+00  -1.3666447e+01  -1.4215297e+01  -2.7494800e+01  -2.7744762e+01   5.5950991e+01   4.4216550e-02  -1.9339001e-01   4.7862469e+00   3.3431889e+00  -1.4215297e+01  -1.4622112e+01  -2.7744762e+01  -2.7994724e+01
   4.7862469e+00   3.3431889e+00  -1.4215297e+01  -1.4622112e+01  -2.7744762e+01  -2.7994724e+01   5.6320935e+01   2.4526904e-02  -1.9554527e-01   3.3431889e+00   1.8667273e+00  -1.4622112e+01  -1.4882828e+01  -2.7994724e+01  -2.8244686e+01
   3.3431889e+00   1.8667273e+00  -1.4622112e+01  -1.4882828e+01  -2.7994724e+01  -2.8244686e+01   5.6690879e+01   4.8507574e-03  -1.9573133e-01   1.8667273e+00   3.7161311e-01  -1.4882828e+01  -1.4994839e+01  -2.8244686e+01  -2.8494648e+01
   1.8667273e+00   3.7161311e-01  -1.4882828e+01  -1.4994839e+01  -2.8244686e+01  -2.8494648e+01   5.7060823e+01  -1.4618392e-02  -1.9397197e-01   3.7161311e-01  -1.1272128e+00  -1.4994839e+01  -1.4957027e+01  -2.8494648e+01  -2.8744610e+01
   3.7161311e-01  -1.1272128e+00  -1.4994839e+01  -1.4957027e+01  -2.8494648e+01  -2.8744610e+01   5.7430766e+01  -3.3691606e-02  -1.9030967e-01  -1.1272128e+00  -2.6147767e+00  -1.4957027e+01  -1.4769770e+01  -2.8744610e+01  -2.8994572e+01
  -1.1272128e+00  -2.6147767e+00  -1.4957027e+01  -1.4769770e+01  -2.8744610e+01  -2.8994572e+01   5.7800709e+01  -5.2186199e-02  -1.8480489e-01  -2.6147767e+00  -4.0762153e+00  -1.4769770e+01  -1.4434938e+01  -2.8994572e+01  -2.9244533e+01
  -2.6147767e+00  -4.0762153e+00  -1.4769770e+01  -1.4434938e+01  -2.8994572e+01  -2.9244533e+01   5.8170654e+01  -6.9927427e-02  -1.7753537e-01  -4.0762153e+00  -5.4969245e+00  -1.4434938e+01  -1.3955877e+01  -2.9244533e+01  -2.9494496e+01
  -4.0762153e+00  -5.4969245e+00  -1.4434938e+01  -1.3955877e+01  -2.9244533e+01  -2.9494496e+01   5.8540598e+01  -8.6750157e-02  -1.6859506e-01  -5.4969245e+00  -6.8627109e+00  -1.3955877e+01  -1.3337373e+01  -2.9494496e+01  -2.9744458e+01
  -5.4969245e+00  -6.8627109e+00  -1.3955877e+01  -1.3337373e+01  -2.9494496e+01  -2.9744458e+01   5.8910544e+01  -1.0250023e-01  -1.5809308e-01  -6.8627109e+00  -8.1599245e+00  -1.3337373e+01  -1.2585607e+01  -2.9744458e+01  -2.9994422e+01
  -6.8627109e+00  -8.1599245e+00  -1.3337373e+01  -1.2585607e+01  -2.9744458e+01  -2.9994422e+01   5.9280486e+01  -1.1703603e-01  -1.4615242e-01  -8.1599245e+00  -9.3756121e+00  -1.2585607e+01  -1.1708089e+01  -2.9994422e+01  -3.0244382e+01
  -8.1599245e+00  -9.3756121e+00  -1.2585607e+01  -1.1708089e+01  -2.9994422e+01  -3.0244382e+01   5.9650430e+01  -1.3022937e-01  -1.3290859e-01  -9.3756121e+00  -1.0497619e+01  -1.1708089e+01  -1.0713587e+01  -3.0244382e+01  -3.0494344e+01
  -9.3756121e+00  -1.0497619e+01  -1.1708089e+01  -1.0713587e+01  -3.0244382e+01  -3.0494344e+01   6.0020373e+01  -1.4196690e-01  -1.1850825e-01  -1.0497619e+01  -1.1514738e+01  -1.0713587e+01  -9.6120396e+00  -3.0494344e+01  -3.0744306e+01
  -1.0497619e+01  -1.1514738e+01  -1.0713587e+01  -9.6120396e+00  -3.0494344e+01  -3.0744306e+01   6.0390315e+01  -1.5215083e-01  -1.0310751e-01  -1.1514738e+01  -1.2416807e+01  -9.6120396e+00  -8.4144530e+00  -3.0744306e+01  -3.0994267e+01
  -1.1514738e+01  -1.2416807e+01  -9.6120396e+00  -8.4144530e+00  -3.0744306e+01  -3.0994267e+01   6.0760261e+01  -1.6069973e-01  -8.6870340e-02  -1.2416807e+01  -1.3194808e+01  -8.4144530e+00  -7.1327899e+00  -3.0994267e+01  -3.1244230e+01
  -1.2416807e+01  -1.3194808e+01  -8.4144530e+00  -7.1327899e+00  -3.0994267e+01  -3.1244230e+01   6.1130204e+01  -1.6754924e-01  -6.9966968e-02  -1.3194808e+01  -1.3840972e+01  -7.1327899e+00  -5.7798581e+00  -3.1244230e+01  -3.1494192e+01
  -1.3194808e+01  -1.3840972e+01  -7.1327899e+00  -5.7798581e+00  -3.1244230e+01  -3.1494192e+01   6.1500148e+01  -1.7265231e-01  -5.2572079e-02  -1.3840972e+01  -1.4348841e+01  -5.7798581e+00  -4.3691765e+00  -3.1494192e+01  -3.1744154e+01
  -1.3840972e+01  -1.4348841e+01  -5.7798581e+00  -4.3691765e+00  -3.1494192e+01  -3.1744154e+01   6.1870091e+01  -1.7597959e-01  -3.4863074e-02  -1.4348841e+01  -1.4713342e+01  -4.3691765e+00  -2.9148400e+00  -3.1744154e+01  -3.1994116e+01
  -1.4348841e+01  -1.4713342e+01  -4.3691765e+00  -2.9148400e+00  -3.1744154e+01  -3.1994116e+01   6.2240035e+01  -1.7751943e-01  -1.7018316e-02  -1.4713342e+01  -1.4930832e+01  -2.9148400e+00  -1.4313792e+00  -3.1994116e+01  -3.2244078e+01
  -1.4713342e+01  -1.4930832e+01  -2.9148400e+00  -1.4313792e+00  -3.1994116e+01  -3.2244078e+01   6.2609979e+01  -1.7727785e-01   7.8458590e-04  -1.4930832e+01  -1.4999138e+01  -1.4313792e+00   6.6382307e-02  -3.2244078e+01  -3.2494040e+01
  -1.4930832e+01  -1.4999138e+01  -1.4313792e+00   6.6382307e-02  -3.2244078e+01  -3.2494040e+01   6.2979924e+01  -1.7527820e-01   1.8370562e-02  -1.4999138e+01  -1.4917578e+01   6.6382307e-02   1.5634819e+00  -3.2494040e+01  -3.2744003e+01
  -1.4999138e+01  -1.4917578e+01   6.6382307e-02   1.5634819e+00  -3.2494040e+01  -3.2744003e+01   6.3349867e+01  -1.7156081e-01   3.5568663e-02  -1.4917578e+01  -1.4686966e+01   1.5634819e+00   3.0449596e+00  -3.2744003e+01  -3.2993964e+01
  -1.4917578e+01  -1.4686966e+01   1.5634819e+00   3.0449596e+00  -3.2744003e+01  -3.2993964e+01   6.3719810e+01  -1.6618238e-01   5.2213737e-02  -1.4686966e+01  -1.4309608e+01   3.0449596e+00   4.4960127e+00  -3.2993964e+01  -3.3243926e+01
  -1.4686966e+01  -1.4309608e+01   3.0449596e+00   4.4960127e+00  -3.2993964e+01  -3.3243926e+01   6.4089753e+01  -1.5921516e-01   6.8147978e-02  -1.4309608e+01  -1.3789270e+01   4.4960127e+00   5.9021447e+00  -3.3243926e+01  -3.3493887e+01
  -1.4309608e+01  -1.3789270e+01   4.4960127e+00   5.9021447e+00  -3.3243926e+01  -3.3493887e+01   6.4459698e+01  -1.5074622e-01   8.3222289e-02  -1.3789270e+01  -1.3131157e+01   5.9021447e+00   7.2493022e+00  -3.3493887e+01  -3.3743850e+01
  -1.3789270e+01  -1.3131157e+01   5.9021447e+00   7.2493022e+00  -3.3493887e+01  -3.3743850e+01   6.4829642e+01  -1.4087633e-01   9.7297787e-02  -1.3131157e+01  -1.2341841e+01   7.2493022e+00   8.5240281e+00  -3.3743850e+01  -3.3993812e+01
  -1.3131157e+01  -1.2341841e+01   7.2493022e+00   8.5240281e+00  -3.3743850e+01  -3.3993812e+01   6.5199585e+01  -1.2971885e-01   1.1024689e-01  -1.2341841e+01  -1.1429210e+01   8.5240281e+00   9.7135836e+00  -3.3993812e+01  -3.4243774e+01
  -1.2341841e+01  -1.1429210e+01   8.5240281e+00   9.7135836e+00  -3.3993812e+01  -3.4243774e+01   6.5569530e+01  -1.1739845e-01   1.2195457e-01  -1.1429210e+01  -1.0402380e+01   9.7135836e+00   1.0806086e+01  -3.4243774e+01  -3.4493736e+01
  -1.1429210e+01  -1.0402380e+01   9.7135836e+00   1.0806086e+01  -3.4243774e+01  -3.4493736e+01   6.5939474e+01  -1.0404988e-01   1.3231917e-01  -1.0402380e+01  -9.2716138e+00   1.0806086e+01   1.1790617e+01  -3.4493736e+01  -3.4743698e+01
  -1.0402380e+01  -9.2716138e+00   1.0806086e+01   1.1790617e+01  -3.4493736e+01  -3.4743698e+01   6.6309418e+01  -8.9816418e-02   1.4125340e-01  -9.2716138e+00  -8.0482086e+00   1.1790617e+01   1.2657339e+01  -3.4743698e+01  -3.4993661e+01
  -9.2716138e+00  -8.0482086e+00   1.1790617e+01   1.2657339e+01  -3.4743698e+01  -3.4993661e+01   6.6679361e+01  -7.4848478e-02   1.4868499e-01  -8.0482086e+00  -6.7443902e+00   1.2657339e+01   1.3397595e+01  -3.4993661e+01  -3.5243623e+01
  -8.0482086e+00  -6.7443902e+00   1.2657339e+01   1.3397595e+01  -3.4993661e+01  -3.5243623e+01   6.7049305e+01  -5.9301961e-02   1.5455714e-01  -6.7443902e+00  -5.3731828e+00   1.3397595e+01   1.4003985e+01  -3.5243623e+01  -3.5493585e+01
  -6.7443902e+00  -5.3731828e+00   1.3397595e+01   1.4003985e+01  -3.5243623e+01  -3.5493585e+01   6.7419249e+01  -4.3336782e-02   1.5882904e-01  -5.3731828e+00  -3.9482882e+00   1.4003985e+01   1.4470452e+01  -3.5493585e+01  -3.5743546e+01
  -5.3731828e+00  -3.9482882e+00   1.4003985e+01   1.4470452e+01  -3.5493585e+01  -3.5743546e+01   6.7789193e+01  -2.7115209e-02   1.6147601e-01  -3.9482882e+00  -2.4839434e+00   1.4470452e+01   1.4792336e+01  -3.5743546e+01  -3.5993509e+01
  -3.9482882e+00  -2.4839434e+00   1.4470452e+01   1.4792336e+01  -3.5743546e+01  -3.5993509e+01   6.8159136e+01  -1.0800275e-02   1.6248959e-01  -2.4839434e+00  -9.9478033e-01   1.4792336e+01   1.4966419e+01  -3.5993509e+01  -3.6243470e+01
  -2.4839434e+00  -9.9478033e-01   1.4792336e+01   1.4966419e+01  -3.5993509e+01  -3.6243470e+01   6.8529081e+01   5.4458258e-03   1.6187745e-01  -9.9478033e-01   5.0432086e-01   1.4966419e+01   1.4990964e+01  -3.6243470e+01  -3.6493433e+01
  -9.9478033e-01   5.0432086e-01   1.4966419e+01   1.4990964e+01  -3.6243470e+01  -3.6493433e+01   6.8899023e+01   2.1463357e-02   1.5966314e-01   5.0432086e-01   1.9983842e+00   1.4990964e+01   1.4865722e+01  -3.6493433e+01  -3.6743394e+01
   5.0432086e-01   1.9983842e+00   1.4990964e+01   1.4865722e+01  -3.6493433e+01  -3.6743394e+01   6.9268968e+01   3.7096499e-02   1.5588569e-01   1.9983842e+00   3.4724813e+00   1.4865722e+01   1.4591947e+01  -3.6743394e+01  -3.6993357e+01
   1.9983842e+00   3.4724813e+00   1.4865722e+01   1.4591947e+01  -3.6743394e+01  -3.6993357e+01   6.9638911e+01   5.2194858e-02   1.5059909e-01   3.4724813e+00   4.9118825e+00   1.4591947e+01   1.4172374e+01  -3.6993357e+01  -3.7243318e+01
   3.4724813e+00   4.9118825e+00   1.4591947e+01   1.4172374e+01  -3.6993357e+01  -3.7243318e+01   7.0008855e+01   6.6614882e-02   1.4387160e-01   4.9118825e+00   6.3022049e+00   1.4172374e+01   1.3611197e+01  -3.7243318e+01  -3.7493281e+01
   4.9118825e+00   6.3022049e+00   1.4172374e+01   1.3611197e+01  -3.7243318e+01  -3.7493281e+01   7.0378800e+01   8.0221224e-02   1.3578486e-01   6.3022049e+00   7.6295587e+00   1.3611197e+01   1.2914021e+01  -3.7493281e+01  -3.7743243e+01
   6.3022049e+00   7.6295587e+00   1.3611197e+01   1.2914021e+01  -3.7493281e+01  -3.7743243e+01   7.0748743e+01   9.2887901e-02   1.2643305e-01   7.6295587e+00   8.8806787e+00   1.2914021e+01   1.2087810e+01  -3.7743243e+01  -3.7993205e+01
   7.6295587e+00   8.8806787e+00   1.2914021e+01   1.2087810e+01  -3.7743243e+01  -3.7993205e+01   7.1118687e+01   1.0449955e-01   1.1592186e-01   8.8806787e+00   1.0043068e+01   1.2087810e+01   1.1140825e+01  -3.7993205e+01  -3.8243167e+01
   8.8806787e+00   1.0043068e+01   1.2087810e+01   1.1140825e+01  -3.7993205e+01  -3.8243167e+01   7.1488630e+01   1.1495227e-01   1.0436717e-01   1.0043068e+01   1.1105109e+01   1.1140825e+01   1.0082522e+01  -3.8243167e+01  -3.8493129e+01
   1.0043068e+01   1.1105109e+01   1.1140825e+01   1.0082522e+01  -3.8243167e+01  -3.8493129e+01   7.1858574e+01   1.2415473e-01   9.1894037e-02   1.1105109e+01   1.2056192e+01   1.0082522e+01   8.9234790e+00  -3.8493129e+01  -3.8743091e+01
   1.1105109e+01   1.2056192e+01   1.0082522e+01   8.9234790e+00  -3.8493129e+01  -3.8743091e+01   7.2228518e+01   1.3202876e-01   7.8635192e-02   1.2056192e+01   1.2886813e+01   8.9234790e+00   7.6752748e+00  -3.8743091e+01  -3.8993053e+01
   1.2056192e+01   1.2886813e+01   8.9234790e+00   7.6752748e+00  -3.8743091e+01  -3.8993053e+01   7.2598462e+01   1.3851007e-01   6.4729785e-02   1.2886813e+01   1.3588673e+01   7.6752748e+00   6.3503822e+00  -3.8993053e+01  -3.9243015e+01
   1.2886813e+01   1.3588673e+01   7.6752748e+00   6.3503822e+00  -3.8993053e+01  -3.9243015e+01   7.2968406e+01   1.4354874e-01   5.0321898e-02   1.3588673e+01   1.4154760e+01   6.3503822e+00   4.9620387e+00  -3.9243015e+01  -3.9492977e+01
   1.3588673e+01   1.4154760e+01   6.3503822e+00   4.9620387e+00  -3.9243015e+01  -3.9492977e+01   7.3338349e+01   1.4710951e-01   3.5559096e-02   1.4154760e+01   1.4579417e+01   4.9620387e+00   3.5241155e+00  -3.9492977e+01  -3.9742939e+01
   1.4154760e+01   1.4579417e+01   4.9620387e+00   3.5241155e+00  -3.9492977e+01  -3.9742939e+01   7.3708293e+01   1.4917206e-01   2.0590982e-02   1.4579417e+01   1.4858403e+01   3.5241155e+00   2.0509813e+00  -3.9742939e+01  -3.9992901e+01
   1.4579417e+01   1.4858403e+01   3.5241155e+00   2.0509813e+00  -3.9742939e+01  -3.9992901e+01   7.4078238e+01   1.4973095e-01   5.5676550e-03   1.4858403e+01   1.4988926e+01   2.0509813e+00   5.5735415e-01  -3.9992901e+01  -4.0242863e+01
   1.4858403e+01   1.4988926e+01   2.0509813e+00   5.5735415e-01  -3.9992901e+01  -4.0242863e+01   7.4448181e+01   1.4879568e-01  -9.3617035e-03   1.4988926e+01   1.4969686e+01   5.5735415e-01  -9.4184027e-01  -4.0242863e+01  -4.0492825e+01
   1.4988926e+01   1.4969686e+01   5.5735415e-01  -9.4184027e-01  -4.0242863e+01  -4.0492825e+01   7.4818125e+01   1.4639027e-01  -2.4050360e-02   1.4969686e+01   1.4800872e+01  -9.4184027e-01  -2.4316255e+00  -4.0492825e+01  -4.0742787e+01
   1.4969686e+01   1.4800872e+01  -9.4184027e-01  -2.4316255e+00  -4.0492825e+01  -4.0742787e+01   7.5188068e+01   1.4255307e-01  -3.8355353e-02   1.4800872e+01   1.4484175e+01  -2.4316255e+00  -3.8971147e+00  -4.0742787e+01  -4.0992749e+01
   1.4800872e+01   1.4484175e+01  -2.4316255e+00  -3.8971147e+00  -4.0742787e+01  -4.0992749e+01   7.5558015e+01   1.3733605e-01  -5.2138900e-02   1.4484175e+01   1.4022756e+01  -3.8971147e+00  -5.3236646e+00  -4.0992749e+01  -4.1242713e+01
   1.4484175e+01   1.4022756e+01  -3.8971147e+00  -5.3236646e+00  -4.0992749e+01  -4.1242713e+01   7.5927956e+01   1.3080437e-01  -6.5269746e-02   1.4022756e+01   1.3421228e+01  -5.3236646e+00  -6.6970249e+00  -4.1242713e+01  -4.1492673e+01
   1.4022756e+01   1.3421228e+01  -5.3236646e+00  -6.6970249e+00  -4.1242713e+01  -4.1492673e+01   7.6297900e+01   1.2303539e-01  -7.7624245e-02   1.3421228e+01   1.2685598e+01  -6.6970249e+00  -8.0034687e+00  -4.1492673e+01  -4.1742635e+01
   1.3421228e+01   1.2685598e+01  -6.6970249e+00  -8.0034687e+00  -4.1492673e+01  -4.1742635e+01   7.6667844e+01   1.1411800e-01  -8.9087663e-02   1.2685598e+01   1.1823217e+01  -8.0034687e+00  -9.2299446e+00  -4.1742635e+01  -4.1992597e+01
   1.2685598e+01   1.1823217e+01  -8.0034687e+00  -9.2299446e+00  -4.1742635e+01  -4.1992597e+01   7.7037787e+01   1.0415149e-01  -9.9555125e-02   1.1823217e+01   1.0842703e+01  -9.2299446e+00  -1.0364198e+01  -4.1992597e+01  -4.2242559e+01
   1.1823217e+01   1.0842703e+01  -9.2299446e+00  -1.0364198e+01  -4.1992597e+01  -4.2242559e+01   7.7407731e+01   9.3244569e-02  -1.0893257e-01   1.0842703e+01   9.7538521e+00  -1.0364198e+01  -1.1394896e+01  -4.2242559e+01  -4.2492521e+01
   1.0842703e+01   9.7538521e+00  -1.0364198e+01  -1.1394896e+01  -4.2242559e+01  -4.2492521e+01   7.7777675e+01   8.1514173e-02  -1.1713757e-01   9.7538521e+00   8.5675445e+00  -1.1394896e+01  -1.2311740e+01  -4.2492521e+01  -4.2742483e+01
   9.7538521e+00   8.5675445e+00  -1.1394896e+01  -1.2311740e+01  -4.2492521e+01  -4.2742483e+01   7.8147619e+01   6.9084227e-02  -1.2410001e-01   8.5675445e+00   7.2956322e+00  -1.2311740e+01  -1.3105568e+01  -4.2742483e+01  -4.2992445e+01
   8.5675445e+00   7.2956322e+00  -1.2311740e+01  -1.3105568e+01  -4.2742483e+01  -4.2992445e+01   7.8517563e+01   5.6084396e-02  -1.2976274e-01   7.2956322e+00   5.9508244e+00  -1.3105568e+01  -1.3768451e+01  -4.2992445e+01  -4.3242407e+01
   7.2956322e+00   5.9508244e+00  -1.3105568e+01  -1.3768451e+01  -4.2992445e+01  -4.3242407e+01   7.8887507e+01   4.2648740e-02  -1.3408187e-01   5.9508244e+00   4.5465578e+00  -1.3768451e+01  -1.4293763e+01  -4.3242407e+01  -4.3492369e+01
   5.9508244e+00   4.5465578e+00  -1.3768451e+01  -1.4293763e+01  -4.3242407e+01  -4.3492369e+01   7.9257451e+01   2.8914372e-02  -1.3702725e-01   4.5465578e+00   3.0968640e+00  -1.4293763e+01  -1.4676258e+01  -4.3492369e+01  -4.3742331e+01
   4.5465578e+00   3.0968640e+00  -1.4293763e+01  -1.4676258e+01  -4.3492369e+01  -4.3742331e+01   7.9627394e+01   1.5020057e-02  -1.3858249e-01   3.0968640e+00   1.6162270e+00  -1.4676258e+01  -1.4912111e+01  -4.3742331e+01  -4.3992293e+01
   3.0968640e+00   1.6162270e+00  -1.4676258e+01  -1.4912111e+01  -4.3742331e+01  -4.3992293e+01   7.9997338e+01   1.1048719e-03  -1.3874506e-01   1.6162270e+00   1.1944163e-01  -1.4912111e+01  -1.4998967e+01  -4.3992293e+01  -4.4242255e+01
   1.6162270e+00   1.1944163e-01  -1.4912111e+01  -1.4998967e+01  -4.3992293e+01  -4.4242255e+01   8.0367281e+01  -1.2693168e-02  -1.3752626e-01   1.1944163e-01  -1.3785344e+00  -1.4998967e+01  -1.4935961e+01  -4.4242255e+01  -4.4492217e+01
   1.1944163e-01  -1.3785344e+00  -1.4998967e+01  -1.4935961e+01  -4.4242255e+01  -4.4492217e+01   8.0737225e+01  -2.6238563e-02  -1.3495077e-01  -1.3785344e+00  -2.8627416e+00  -1.4935961e+01  -1.4723717e+01  -4.4492217e+01  -4.4742179e+01
  -1.3785344e+00  -2.8627416e+00  -1.4935961e+01  -1.4723717e+01  -4.4492217e+01  -4.4742179e+01   8.1107168e+01  -3.9399399e-02  -1.3105655e-01  -2.8627416e+00  -4.3183428e+00  -1.4723717e+01  -1.4364359e+01  -4.4742179e+01  -4.4992141e+01
  -2.8627416e+00  -4.3183428e+00  -1.4723717e+01  -1.4364359e+01  -4.4742179e+01  -4.4992141e+01   8.1477111e+01  -5.2048839e-02  -1.2589417e-01  -4.3183428e+00  -5.7307960e+00  -1.4364359e+01  -1.3861477e+01  -4.4992141e+01  -4.5242102e+01
  -4.3183428e+00  -5.7307960e+00  -1.4364359e+01  -1.3861477e+01  -4.4992141e+01  -4.5242102e+01   8.1847056e+01  -6.4066245e-02  -1.1952625e-01  -5.7307960e+00  -7.0859913e+00  -1.3861477e+01  -1.3220097e+01  -4.5242102e+01  -4.5492065e+01
  -5.7307960e+00  -7.0859913e+00  -1.3861477e+01  -1.3220097e+01  -4.5242102e+01  -4.5492065e+01   8.2217001e+01  -7.5338247e-02  -1.1202674e-01  -7.0859913e+00  -8.3703847e+00  -1.3220097e+01  -1.2446625e+01  -4.5492065e+01  -4.5742027e+01
  -7.0859913e+00  -8.3703847e+00  -1.3220097e+01  -1.2446625e+01  -4.5492065e+01  -4.5742027e+01   8.2586945e+01  -8.5759877e-02  -1.0348010e-01  -8.3703847e+00  -9.5711436e+00  -1.2446625e+01  -1.1548791e+01  -4.5742027e+01  -4.5991990e+01
  -8.3703847e+00  -9.5711436e+00  -1.2446625e+01  -1.1548791e+01  -4.5742027e+01  -4.5991990e+01   8.2956888e+01  -9.5235496e-02  -9.3980357e-02  -9.5711436e+00  -1.0676271e+01  -1.1548791e+01  -1.0535565e+01  -4.5991990e+01  -4.6241951e+01
  -9.5711436e+00  -1.0676271e+01  -1.1548791e+01  -1.0535565e+01  -4.5991990e+01  -4.6241951e+01   8.3326832e+01  -1.0367964e-01  -8.3630114e-02  -1.0676271e+01  -1.1674724e+01  -1.0535565e+01  -9.4170709e+00  -4.6241951e+01  -4.6491913e+01
  -1.0676271e+01  -1.1674724e+01  -1.0535565e+01  -9.4170709e+00  -4.6241951e+01  -4.6491913e+01   8.3696775e+01  -1.1101780e-01  -7.2539461e-02  -1.1674724e+01  -1.2556529e+01  -9.4170709e+00  -8.2044850e+00  -4.6491913e+01  -4.6741875e+01
  -1.1674724e+01  -1.2556529e+01  -9.4170709e+00  -8.2044850e+00  -4.6491913e+01  -4.6741875e+01   8.4066720e+01  -1.1718697e-01  -6.0824811e-02  -1.2556529e+01  -1.3312871e+01  -8.2044850e+00  -6.9099220e+00  -4.6741875e+01  -4.6991838e+01
  -1.2556529e+01  -1.3312871e+01  -8.2044850e+00  -6.9099220e+00  -4.6741875e+01  -4.6991838e+01   8.4436664e+01  -1.2213633e-01  -4.8607737e-02  -1.3312871e+01  -1.3936195e+01  -6.9099220e+00  -5.5463178e+00  -4.6991838e+01  -4.7241800e+01
  -1.3312871e+01  -1.3936195e+01  -6.9099220e+00  -5.5463178e+00  -4.6991838e+01  -4.7241800e+01   8.4806607e+01  -1.2582750e-01  -3.6013692e-02  -1.3936195e+01  -1.4420274e+01  -5.5463178e+00  -4.1272960e+00  -4.7241800e+01  -4.7491761e+01
  -1.3936195e+01  -1.4420274e+01  -5.5463178e+00  -4.1272960e+00  -4.7241800e+01  -4.7491761e+01   8.5176551e+01  -1.2823483e-01  -2.3170779e-02  -1.4420274e+01  -1.4760271e+01  -4.1272960e+00  -2.6670365e+00  -4.7491761e+01  -4.7741724e+01
  -1.4420274e+01  -1.4760271e+01  -4.1272960e+00  -2.6670365e+00  -4.7491761e+01  -4.7741724e+01   8.5546494e+01  -1.2934560e-01  -1.0208431e-02  -1.4760271e+01  -1.4952788e+01  -2.6670365e+00  -1.1801290e+00  -4.7741724e+01  -4.7991685e+01
  -1.4760271e+01  -1.4952788e+01  -2.6670365e+00  -1.1801290e+00  -4.7741724e+01  -4.7991685e+01   8.5916438e+01  -1.2916000e-01   2.7438452e-03  -1.4952788e+01  -1.4995902e+01  -1.1801290e+00   3.1856947e-01  -4.7991685e+01  -4.8241648e+01
  -1.4952788e+01  -1.4995902e+01  -1.1801290e+00   3.1856947e-01  -4.7991685e+01  -4.8241648e+01   8.6286383e+01  -1.2769099e-01   1.5557770e-02  -1.4995902e+01  -1.4889181e+01   3.1856947e-01   1.8140861e+00  -4.8241648e+01  -4.8491610e+01
  -1.4995902e+01  -1.4889181e+01   3.1856947e-01   1.8140861e+00  -4.8241648e+01  -4.8491610e+01   8.6656326e+01  -1.2496413e-01   2.8107503e-02  -1.4889181e+01  -1.4633693e+01   1.8140861e+00   3.2914769e+00  -4.8491610e+01  -4.8741572e+01
  -1.4889181e+01  -1.4633693e+01   1.8140861e+00   3.2914769e+00  -4.8491610e+01  -4.8741572e+01   8.7026268e+01  -1.2101716e-01   4.0270900e-02  -1.4633693e+01  -1.4231989e+01   3.2914769e+00   4.7359812e+00  -4.8741572e+01  -4.8991532e+01
  -1.4633693e+01  -1.4231989e+01   3.2914769e+00   4.7359812e+00  -4.8741572e+01  -4.8991532e+01   8.7396214e+01  -1.1589956e-01   5.1930637e-02  -1.4231989e+01  -1.3688084e+01   4.7359812e+00   6.1331635e+00  -4.8991532e+01  -4.9241496e+01
  -1.4231989e+01  -1.3688084e+01   4.7359812e+00   6.1331635e+00  -4.8991532e+01  -4.9241496e+01   8.7766158e+01  -1.0967195e-01   6.2975395e-02  -1.3688084e+01  -1.3007413e+01   6.1331635e+00   7.4690654e+00  -4.9241496e+01  -4.9491458e+01
  -1.3688084e+01  -1.3007413e+01   6.1331635e+00   7.4690654e+00  -4.9241496e+01  -4.9491458e+01   8.8136102e+01  -1.0240540e-01   7.3300855e-02  -1.3007413e+01  -1.2196774e+01   7.4690654e+00   8.7303400e+00  -4.9491458e+01  -4.9741420e+01
  -1.3007413e+01  -1.2196774e+01   7.4690654e+00   8.7303400e+00  -4.9491458e+01  -4.9741420e+01   8.8506045e+01  -9.4180701e-02   8.2810648e-02  -1.2196774e+01  -1.1264272e+01   8.7303400e+00   9.9043824e+00  -4.9741420e+01  -4.9991382e+01
  -1.2196774e+01  -1.1264272e+01   8.7303400e+00   9.9043824e+00  -4.9741420e+01  -4.9991382e+01   8.8875989e+01  -8.5087350e-02   9.1417314e-02  -1.1264272e+01  -1.0219219e+01   9.9043824e+00   1.0979465e+01  -4.9991382e+01  -5.0241344e+01
  -1.1264272e+01  -1.0219219e+01   9.9043824e+00   1.0979465e+01  -4.9991382e+01  -5.0241344e+01   8.9245935e+01  -7.5222744e-02   9.9042993e-02  -1.0219219e+01  -9.0720596e+00   1.0979465e+01   1.1944844e+01  -5.0241344e+01  -5.0491308e+01
  -1.0219219e+01  -9.0720596e+00   1.0979465e+01   1.1944844e+01  -5.0241344e+01  -5.0491308e+01   8.9615877e+01  -6.4691081e-02   1.0562020e-01  -9.0720596e+00  -7.8342540e+00   1.1944844e+01   1.2790874e+01  -5.0491308e+01  -5.0741268e+01
  -9.0720596e+00  -7.8342540e+00   1.1944844e+01   1.2790874e+01  -5.0491308e+01  -5.0741268e+01   8.9985820e+01  -5.3602314e-02   1.1109233e-01  -7.8342540e+00  -6.5181732e+00   1.2790874e+01   1.3509101e+01  -5.0741268e+01  -5.0991230e+01
  -7.8342540e+00  -6.5181732e+00   1.2790874e+01   1.3509101e+01  -5.0741268e+01  -5.0991230e+01   9.0355764e+01  -4.2070952e-02   1.1541422e-01  -6.5181732e+00  -5.1369635e+00   1.3509101e+01   1.4092351e+01  -5.0991230e+01  -5.1241192e+01
  -6.5181732e+00  -5.1369635e+00   1.3509101e+01   1.4092351e+01  -5.0991230e+01  -5.1241192e+01   9.0725708e+01  -3.0214990e-02   1.1855237e-01  -5.1369635e+00  -3.7044275e+00   1.4092351e+01   1.4534794e+01  -5.1241192e+01  -5.1491154e+01
  -5.1369635e+00  -3.7044275e+00   1.4092351e+01   1.4534794e+01  -5.1241192e+01  -5.1491154e+01   9.1095652e+01  -1.8154651e-02   1.2048531e-01  -3.7044275e+00  -2.2348781e+00   1.4534794e+01   1.4832010e+01  -5.1491154e+01  -5.1741116e+01
  -3.7044275e+00  -2.2348781e+00   1.4534794e+01   1.4832010e+01  -5.1491154e+01  -5.1741116e+01   9.1465596e+01  -6.0112167e-03   1.2120365e-01  -2.2348781e+00  -7.4299935e-01   1.4832010e+01   1.4981032e+01  -5.1741116e+01  -5.1991079e+01
  -2.2348781e+00  -7.4299935e-01   1.4832010e+01   1.4981032e+01  -5.1741116e+01  -5.1991079e+01   9.1835539e+01   6.0942086e-03   1.2071001e-01  -7.4299935e-01   7.5630396e-01   1.4981032e+01   1.4980364e+01  -5.1991079e+01  -5.2241040e+01
  -7.4299935e-01   7.5630396e-01   1.4981032e+01   1.4980364e+01  -5.1991079e+01  -5.2241040e+01   9.2205483e+01   1.8041830e-02   1.1901912e-01   7.5630396e-01   2.2480481e+00   1.4980364e+01   1.4830021e+01  -5.2241040e+01  -5.2491002e+01
   7.5630396e-01   2.2480481e+00   1.4980364e+01   1.4830021e+01  -5.2241040e+01  -5.2491002e+01   9.2575427e+01   2.9714451e-02   1.1615726e-01   2.2480481e+00   3.7173351e+00   1.4830021e+01   1.4531498e+01  -5.2491002e+01  -5.2740964e+01
   2.2480481e+00   3.7173351e+00   1.4830021e+01   1.4531498e+01  -5.2491002e+01  -5.2740964e+01   9.2945369e+01   4.0998417e-02   1.1216224e-01   3.7173351e+00   5.1494770e+00   1.4531498e+01   1.4087784e+01  -5.2740964e+01  -5.2990925e+01
   3.7173351e+00   5.1494770e+00   1.4531498e+01   1.4087784e+01  -5.2740964e+01  -5.2990925e+01   9.3315314e+01   5.1784899e-02   1.0708260e-01   5.1494770e+00   6.5301677e+00   1.4087784e+01   1.3503306e+01  -5.2990925e+01  -5.3240888e+01
   5.1494770e+00   6.5301677e+00   1.4087784e+01   1.3503306e+01  -5.2990925e+01  -5.3240888e+01   9.3685258e+01   6.1970825e-02   1.0097740e-01   6.5301677e+00   7.8456119e+00   1.3503306e+01   1.2783911e+01  -5.3240888e+01  -5.3490850e+01
   6.5301677e+00   7.8456119e+00   1.3503306e+01   1.2783911e+01  -5.3240888e+01  -5.3490850e+01   9.4055202e+01   7.1459869e-02   9.3915255e-02   7.8456119e+00   9.0826654e+00   1.2783911e+01   1.1936781e+01  -5.3490850e+01  -5.3740812e+01
   7.8456119e+00   9.0826654e+00   1.2783911e+01   1.1936781e+01  -5.3490850e+01  -5.3740812e+01   9.4425146e+01   8.0163338e-02   8.5973755e-02   9.0826654e+00   1.0228966e+01   1.1936781e+01   1.0970384e+01  -5.3740812e+01  -5.3990774e+01
   9.0826654e+00   1.0228966e+01   1.1936781e+01   1.0970384e+01  -5.3740812e+01  -5.3990774e+01   9.4795090e+01   8.8001045e-02   7.7238569e-02   1.0228966e+01   1.1273063e+01   1.0970384e+01   9.8943744e+00  -5.3990774e+01  -5.4240736e+01
   1.0228966e+01   1.1273063e+01   1.0970384e+01   9.8943744e+00  -5.3990774e+01  -5.4240736e+01   9.5165034e+01   9.4901961e-02   6.7802545e-02   1.1273063e+01   1.2204525e+01   9.8943744e+00   8.7195019e+00  -5.4240736e+01  -5.4490698e+01
   1.1273063e+01   1.2204525e+01   9.8943744e+00   8.7195019e+00  -5.4240736e+01  -5.4490698e+01   9.5534977e+01   1.0080486e-01   5.7764784e-02   1.2204525e+01   1.3014041e+01   8.7195019e+00   7.4575099e+00  -5.4490698e+01  -5.4740660e+01
   1.2204525e+01   1.3014041e+01   8.7195019e+00   7.4575099e+00  -5.4490698e+01  -5.4740660e+01   9.5904920e+01   1.0565890e-01   4.7229513e-02   1.3014041e+01   1.3693525e+01   7.4575099e+00   6.1210037e+00  -5.4740660e+01  -5.4990622e+01
   1.3014041e+01   1.3693525e+01   7.4575099e+00   6.1210037e+00  -5.4740660e+01  -5.4990622e+01   9.6274865e+01   1.0942399e-01   3.6305113e-02   1.3693525e+01   1.4236189e+01   6.1210037e+00   4.7233377e+00  -5.4990622e+01  -5.5240584e+01
   1.3693525e+01   1.4236189e+01   6.1210037e+00   4.7233377e+00  -5.4990622e+01  -5.5240584e+01   9.6644808e+01   1.1207111e-01   2.5102992e-02   1.4236189e+01   1.4636610e+01   4.7233377e+00   3.2784782e+00  -5.5240584e+01  -5.5490546e+01
   1.4236189e+01   1.4636610e+01   4.7233377e+00   3.2784782e+00  -5.5240584e+01  -5.5490546e+01   9.7014752e+01   1.1358254e-01   1.3736443e-02   1.4636610e+01   1.4890786e+01   3.2784782e+00   1.8008616e+00  -5.5490546e+01  -5.5740508e+01
   1.4636610e+01   1.4890786e+01   3.2784782e+00   1.8008616e+00  -5.5490546e+01  -5.5740508e+01   9.7384697e+01   1.1395191e-01   2.3195097e-03   1.4890786e+01   1.4996178e+01   1.8008616e+00   3.0524966e-01  -5.5740508e+01  -5.5990471e+01
   1.4890786e+01   1.4996178e+01   1.8008616e+00   3.0524966e-01  -5.5740508e+01  -5.5990471e+01   9.7754640e+01   1.1318422e-01  -9.0340714e-03   1.4996178e+01   1.4951734e+01   3.0524966e-01  -1.1934086e+00  -5.5990471e+01  -5.6240432e+01
