   0.0000000e+00   0.0000000e+00   0.0000000e+00   0.0000000e+00   0.0000000e+00   0.0000000e+00   1.3004430e+01  -6.0922137e-02   5.6212102e-02   0.0000000e+00  -9.9803087e-02   0.0000000e+00  -1.4598338e-02   0.0000000e+00   2.1323661e-02
   0.0000000e+00  -9.9803087e-02   0.0000000e+00  -1.4598338e-02   0.0000000e+00   2.1323661e-02   1.5114638e+01   2.2234645e-02   3.3271849e-02  -9.9803087e-02  -1.5354393e-01  -1.4598338e-02  -2.9196086e-02   2.1323661e-02   3.1675968e-02
  -9.9803087e-02  -1.5354393e-01  -1.4598338e-02  -2.9196086e-02   2.1323661e-02   3.1675968e-02   1.4190757e+01  -1.7506525e-02  -3.1895100e-02  -1.5354393e-01  -2.2263712e-01  -2.9196086e-02  -6.8125191e-02   3.1675968e-02   4.1814822e-02
  -1.5354393e-01  -2.2263712e-01  -2.9196086e-02  -6.8125191e-02   3.1675968e-02   4.1814822e-02   1.4948029e+01  -9.9311371e-02   7.1451617e-02  -2.2263712e-01  -2.6486198e-01  -6.8125191e-02  -1.2165022e-01   4.1814822e-02   5.2071059e-02
  -2.2263712e-01  -2.6486198e-01  -6.8125191e-02  -1.2165022e-01   4.1814822e-02   5.2071059e-02   1.5888066e+01  -1.1341638e-01  -8.8274790e-02  -2.6486198e-01  -2.9557091e-01  -1.2165022e-01  -1.9463969e-01   5.2071059e-02   6.2341176e-02
  -2.6486198e-01  -2.9557091e-01  -1.2165022e-01  -1.9463969e-01   5.2071059e-02   6.2341176e-02   1.3873043e+01   5.1835585e-03  -2.3534291e-02  -2.9557091e-01  -3.0708631e-01  -1.9463969e-01  -2.8222897e-01   6.2341176e-02   7.2401176e-02
  -2.9557091e-01  -3.0708631e-01  -1.9463969e-01  -2.8222897e-01   6.2341176e-02   7.2401176e-02   1.3873425e+01  -1.5780639e-02  -9.1437313e-03  -3.0708631e-01  -3.1092565e-01  -2.8222897e-01  -3.6981584e-01   7.2401176e-02   8.2606476e-02
  -3.0708631e-01  -3.1092565e-01  -2.8222897e-01  -3.6981584e-01   7.2401176e-02   8.2606476e-02   1.4184571e+01  -6.8376235e-02  -7.0661214e-02  -3.1092565e-01  -3.1860295e-01  -3.6981584e-01  -4.4767162e-01   8.2606476e-02   9.2831672e-02
  -3.1092565e-01  -3.1860295e-01  -3.6981584e-01  -4.4767162e-01   8.2606476e-02   9.2831672e-02   1.4859486e+01  -4.5023871e-02  -7.1728566e-02  -3.1860295e-01  -3.1860193e-01  -4.4767162e-01  -5.3526023e-01   9.2831672e-02   1.0308296e-01
  -3.1860295e-01  -3.1860193e-01  -4.4767162e-01  -5.3526023e-01   9.2831672e-02   1.0308296e-01   1.7512569e+01  -3.7715536e-03  -1.6848402e-02  -3.1860193e-01  -2.9557119e-01  -5.3526023e-01  -6.1311575e-01   1.0308296e-01   1.1347381e-01
  -3.1860193e-01  -2.9557119e-01  -5.3526023e-01  -6.1311575e-01   1.0308296e-01   1.1347381e-01   1.3241705e+01  -3.8682107e-03  -1.0620295e-01  -2.9557119e-01  -2.5334675e-01  -6.1311575e-01  -6.8123962e-01   1.1347381e-01   1.2337632e-01
  -2.9557119e-01  -2.5334675e-01  -6.1311575e-01  -6.8123962e-01   1.1347381e-01   1.2337632e-01   1.6462960e+01   2.2425436e-02  -5.2127530e-02  -2.5334675e-01  -2.2647695e-01  -6.8123962e-01  -7.2016774e-01   1.2337632e-01   1.3380697e-01
  -2.5334675e-01  -2.2647695e-01  -6.8123962e-01  -7.2016774e-01   1.2337632e-01   1.3380697e-01   1.4173076e+01   1.0043616e-01  -1.0239766e-01  -2.2647695e-01  -2.0344560e-01  -7.2016774e-01  -7.4449755e-01   1.3380697e-01   1.4384844e-01
  -2.2647695e-01  -2.0344560e-01  -7.2016774e-01  -7.4449755e-01   1.3380697e-01   1.4384844e-01   1.5786270e+01  -1.6184360e-03  -5.1251912e-02  -2.0344560e-01  -1.6889766e-01  -7.4449755e-01  -7.6396181e-01   1.4384844e-01   1.5416656e-01
  -2.0344560e-01  -1.6889766e-01  -7.4449755e-01  -7.6396181e-01   1.4384844e-01   1.5416656e-01   1.4545278e+01   5.0293581e-02  -3.2084326e-02  -1.6889766e-01  -1.2667216e-01  -7.6396181e-01  -7.8342563e-01   1.5416656e-01   1.6428310e-01
  -1.6889766e-01  -1.2667216e-01  -7.6396181e-01  -7.8342563e-01   1.5416656e-01   1.6428310e-01   1.3661546e+01   6.5497095e-03  -1.4640494e-01  -1.2667216e-01  -8.0610430e-02  -7.8342563e-01  -7.9802358e-01   1.6428310e-01   1.7442353e-01
  -1.2667216e-01  -8.0610430e-02  -7.8342563e-01  -7.9802358e-01   1.6428310e-01   1.7442353e-01   1.4048664e+01  -1.2580238e-01  -9.0471416e-04  -8.0610430e-02  -4.9901400e-02  -7.9802358e-01  -7.9802394e-01   1.7442353e-01   1.8465473e-01
  -8.0610430e-02  -4.9901400e-02  -7.9802358e-01  -7.9802394e-01   1.7442353e-01   1.8465473e-01   1.5815054e+01  -1.7520288e-03  -7.1552219e-02  -4.9901400e-02   7.6769534e-03  -7.9802394e-01  -8.0775562e-01   1.8465473e-01   1.9498278e-01
  -4.9901400e-02   7.6769534e-03  -7.9802394e-01  -8.0775562e-01   1.8465473e-01   1.9498278e-01   1.6250289e+01  -6.2385041e-02  -1.3696445e-01   7.6769534e-03   6.5256629e-02  -8.0775562e-01  -8.1262167e-01   1.9498278e-01   2.0521714e-01
   7.6769534e-03   6.5256629e-02  -8.0775562e-01  -8.1262167e-01   1.9498278e-01   2.0521714e-01   1.5787995e+01   5.4541106e-02  -1.9649394e-02   6.5256629e-02   1.3051172e-01  -8.1262167e-01  -8.0775577e-01   2.0521714e-01   2.1538821e-01
   6.5256629e-02   1.3051172e-01  -8.1262167e-01  -8.0775577e-01   2.0521714e-01   2.1538821e-01   1.3542829e+01  -5.6312303e-02  -8.2317837e-02   1.3051172e-01   1.8425131e-01  -8.0775577e-01  -7.8342661e-01   2.1538821e-01   2.2543348e-01
   1.3051172e-01   1.8425131e-01  -8.0775577e-01  -7.8342661e-01   2.1538821e-01   2.2543348e-01   1.2467292e+01   1.0669431e-01  -6.6693628e-02   1.8425131e-01   2.3415349e-01  -7.8342661e-01  -7.3476582e-01   2.2543348e-01   2.3556112e-01
   1.8425131e-01   2.3415349e-01  -7.8342661e-01  -7.3476582e-01   2.2543348e-01   2.3556112e-01   1.4923445e+01   2.5745337e-02  -1.7214591e-02   2.3415349e-01   2.6870101e-01  -7.3476582e-01  -6.6664151e-01   2.3556112e-01   2.4593805e-01
   2.3415349e-01   2.6870101e-01  -7.3476582e-01  -6.6664151e-01   2.3556112e-01   2.4593805e-01   1.5094253e+01   2.2722358e-04  -3.1604625e-02   2.6870101e-01   2.9173301e-01  -6.6664151e-01  -5.9851738e-01   2.4593805e-01   2.5615359e-01
   2.6870101e-01   2.9173301e-01  -6.6664151e-01  -5.9851738e-01   2.4593805e-01   2.5615359e-01   1.0632235e+01  -2.0469752e-02  -8.5320100e-02   2.9173301e-01   3.0324872e-01  -5.9851738e-01  -5.2066165e-01   2.5615359e-01   2.6604277e-01
   2.9173301e-01   3.0324872e-01  -5.9851738e-01  -5.2066165e-01   2.5615359e-01   2.6604277e-01   1.4327297e+01   2.1423521e-02  -1.5427277e-01   3.0324872e-01   3.1092527e-01  -5.2066165e-01  -4.6713569e-01   2.6604277e-01   2.7650630e-01
   3.0324872e-01   3.1092527e-01  -5.2066165e-01  -4.6713569e-01   2.6604277e-01   2.7650630e-01   1.7341612e+01   5.6208145e-02  -5.8863452e-02   3.1092527e-01   3.1092540e-01  -4.6713569e-01  -3.8927973e-01   2.7650630e-01   2.8692275e-01
   3.1092527e-01   3.1092540e-01  -4.6713569e-01  -3.8927973e-01   2.7650630e-01   2.8692275e-01   1.3986061e+01   7.6648078e-02  -5.6770319e-03   3.1092540e-01   3.1476383e-01  -3.8927973e-01  -3.1628979e-01   2.8692275e-01   2.9688985e-01
   3.1092540e-01   3.1476383e-01  -3.8927973e-01  -3.1628979e-01   2.8692275e-01   2.9688985e-01   1.3304398e+01   5.4611781e-02   1.0037196e-01   3.1476383e-01   3.1476416e-01  -3.1628979e-01  -2.3843435e-01   2.9688985e-01   3.0704538e-01
   3.1476383e-01   3.1476416e-01  -3.1628979e-01  -2.3843435e-01   2.9688985e-01   3.0704538e-01   1.2757553e+01   7.2736632e-02  -2.7815568e-02   3.1476416e-01   3.0708664e-01  -2.3843435e-01  -1.6544371e-01   3.0704538e-01   3.1721053e-01
   3.1476416e-01   3.0708664e-01  -2.3843435e-01  -1.6544371e-01   3.0704538e-01   3.1721053e-01   1.1567746e+01   5.3206454e-02  -2.5259573e-02   3.0708664e-01   2.9940924e-01  -1.6544371e-01  -6.8123967e-02   3.1721053e-01   3.2733081e-01
   3.0708664e-01   2.9940924e-01  -1.6544371e-01  -6.8123967e-02   3.1721053e-01   3.2733081e-01   1.3485431e+01   6.4841044e-02   4.3596938e-02   2.9940924e-01   2.9940942e-01  -6.8123967e-02   4.8659142e-03   3.2733081e-01   3.3766901e-01
   2.9940924e-01   2.9940942e-01  -6.8123967e-02   4.8659142e-03   3.2733081e-01   3.3766901e-01   1.4627011e+01  -4.5103282e-02  -5.3242621e-02   2.9940942e-01   2.9173524e-01   4.8659142e-03   6.8124274e-02   3.3766901e-01   3.4795465e-01
   2.9940942e-01   2.9173524e-01   4.8659142e-03   6.8124274e-02   3.3766901e-01   3.4795465e-01   1.2732050e+01   7.4095026e-04  -1.9362212e-02   2.9173524e-01   2.8021675e-01   6.8124274e-02   1.3138208e-01   3.4795465e-01   3.5802316e-01
   2.9173524e-01   2.8021675e-01   6.8124274e-02   1.3138208e-01   3.4795465e-01   3.5802316e-01   1.4526666e+01  -5.8750243e-04  -2.2852627e-02   2.8021675e-01   2.6870119e-01   1.3138208e-01   2.2383665e-01   3.5802316e-01   3.6835321e-01
   2.8021675e-01   2.6870119e-01   1.3138208e-01   2.2383665e-01   3.5802316e-01   3.6835321e-01   1.5293301e+01   5.0234380e-02   3.6194711e-02   2.6870119e-01   2.6102409e-01   2.2383665e-01   2.8222791e-01   3.6835321e-01   3.7861073e-01
   2.6870119e-01   2.6102409e-01   2.2383665e-01   2.8222791e-01   3.6835321e-01   3.7861073e-01   1.3258038e+01  -1.5792753e-03   5.5898135e-02   2.6102409e-01   2.4566976e-01   2.8222791e-01   3.2602177e-01   3.7861073e-01   3.8867112e-01
   2.6102409e-01   2.4566976e-01   2.8222791e-01   3.2602177e-01   3.7861073e-01   3.8867112e-01   1.4830532e+01  -4.5411317e-03   4.2158295e-02   2.4566976e-01   2.2647690e-01   3.2602177e-01   3.9901192e-01   3.8867112e-01   3.9898540e-01
   2.4566976e-01   2.2647690e-01   3.2602177e-01   3.9901192e-01   3.8867112e-01   3.9898540e-01   1.4922608e+01   5.2780609e-02   7.8141245e-02   2.2647690e-01   1.9576780e-01   3.9901192e-01   4.4767163e-01   3.9898540e-01   4.0919593e-01
   2.2647690e-01   1.9576780e-01   3.9901192e-01   4.4767163e-01   3.9898540e-01   4.0919593e-01   1.4017856e+01   6.7153913e-02   5.2569245e-02   1.9576780e-01   1.6505893e-01   4.4767163e-01   4.9146572e-01   4.0919593e-01   4.1933524e-01
   1.9576780e-01   1.6505893e-01   4.4767163e-01   4.9146572e-01   4.0919593e-01   4.1933524e-01   1.6926758e+01   8.4480503e-02  -1.4401549e-02   1.6505893e-01   1.2283427e-01   4.9146572e-01   4.9146613e-01   4.1933524e-01   4.2974426e-01
   1.6505893e-01   1.2283427e-01   4.9146572e-01   4.9146613e-01   4.1933524e-01   4.2974426e-01   1.2189607e+01  -4.6287299e-02   1.7203517e-01   1.2283427e-01   7.2933557e-02   4.9146613e-01   4.9146522e-01   4.2974426e-01   4.3961356e-01
   1.2283427e-01   7.2933557e-02   4.9146613e-01   4.9146522e-01   4.2974426e-01   4.3961356e-01   1.4437459e+01   5.0161939e-02   1.1722423e-01   7.2933557e-02   3.8386134e-02   4.9146522e-01   4.5740369e-01   4.3961356e-01   4.4997575e-01
   7.2933557e-02   3.8386134e-02   4.9146522e-01   4.5740369e-01   4.3961356e-01   4.4997575e-01   1.2664656e+01  -3.1195425e-03   1.9602968e-02   3.8386134e-02   3.8385198e-03   4.5740369e-01   4.1360982e-01   4.4997575e-01   4.6005444e-01
   3.8386134e-02   3.8385198e-03   4.5740369e-01   4.1360982e-01   4.4997575e-01   4.6005444e-01   1.2949352e+01  -6.7638420e-03  -1.3526034e-03   3.8385198e-03  -2.6869116e-02   4.1360982e-01   3.7468146e-01   4.6005444e-01   4.7027804e-01
   3.8385198e-03  -2.6869116e-02   4.1360982e-01   3.7468146e-01   4.6005444e-01   4.7027804e-01   1.4634808e+01  -7.7296709e-03   6.6081568e-02  -2.6869116e-02  -5.3740197e-02   3.7468146e-01   3.5035146e-01   4.7027804e-01   4.8059996e-01
  -2.6869116e-02  -5.3740197e-02   3.7468146e-01   3.5035146e-01   4.7027804e-01   4.8059996e-01   1.5573172e+01   2.3745617e-02  -1.4611766e-02  -5.3740197e-02  -8.8287814e-02   3.5035146e-01   3.1142411e-01   4.8059996e-01   4.9087023e-01
  -5.3740197e-02  -8.8287814e-02   3.5035146e-01   3.1142411e-01   4.8059996e-01   4.9087023e-01   1.4208446e+01   4.0206024e-03  -5.7200621e-02  -8.8287814e-02  -1.2283334e-01   3.1142411e-01   2.8709304e-01   4.9087023e-01   5.0097801e-01
  -8.8287814e-02  -1.2283334e-01   3.1142411e-01   2.8709304e-01   4.9087023e-01   5.0097801e-01   1.5852967e+01   5.7126067e-03  -2.4372873e-02  -1.2283334e-01  -1.5354377e-01   2.8709304e-01   2.5303232e-01   5.0097801e-01   5.1129709e-01
  -1.2283334e-01  -1.5354377e-01   2.8709304e-01   2.5303232e-01   5.0097801e-01   5.1129709e-01   1.2569105e+01  -8.6926255e-02   1.0729954e-01  -1.5354377e-01  -1.9192817e-01   2.5303232e-01   2.1410420e-01   5.1129709e-01   5.2126854e-01
  -1.5354377e-01  -1.9192817e-01   2.5303232e-01   2.1410420e-01   5.1129709e-01   5.2126854e-01   1.4408936e+01   4.3627067e-02   4.6230836e-02  -1.9192817e-01  -2.2647716e-01   2.1410420e-01   1.7517583e-01   5.2126854e-01   5.3160244e-01
  -1.9192817e-01  -2.2647716e-01   2.1410420e-01   1.7517583e-01   5.2126854e-01   5.3160244e-01   1.3122808e+01  -9.5850421e-03   5.5664167e-02  -2.2647716e-01  -2.6102375e-01   1.7517583e-01   1.3138205e-01   5.3160244e-01   5.4171504e-01
  -2.2647716e-01  -2.6102375e-01   1.7517583e-01   1.3138205e-01   5.3160244e-01   5.4171504e-01   1.2776496e+01  -8.6007005e-02   2.2711791e-02  -2.6102375e-01  -2.8789400e-01   1.3138205e-01   8.2722517e-02   5.4171504e-01   5.5189436e-01
  -2.6102375e-01  -2.8789400e-01   1.3138205e-01   8.2722517e-02   5.4171504e-01   5.5189436e-01   1.0020286e+01  -7.3623355e-02   5.2132659e-02  -2.8789400e-01  -3.1860325e-01   8.2722517e-02   4.3793354e-02   5.5189436e-01   5.6190404e-01
  -2.8789400e-01  -3.1860325e-01   8.2722517e-02   4.3793354e-02   5.5189436e-01   5.6190404e-01   1.4965767e+01   1.5105995e-02   4.0470360e-02  -3.1860325e-01  -3.4931168e-01   4.3793354e-02  -2.4330288e-02   5.6190404e-01   5.7245609e-01
  -3.1860325e-01  -3.4931168e-01   4.3793354e-02  -2.4330288e-02   5.6190404e-01   5.7245609e-01   1.6580921e+01  -7.0414719e-02  -9.6116434e-02  -3.4931168e-01  -3.7234281e-01  -2.4330288e-02  -7.7855663e-02   5.7245609e-01   5.8277343e-01
  -3.4931168e-01  -3.7234281e-01  -2.4330288e-02  -7.7855663e-02   5.7245609e-01   5.8277343e-01   1.4554511e+01   8.0996180e-02   8.7395105e-03  -3.7234281e-01  -4.0689010e-01  -7.7855663e-02  -1.3138303e-01   5.8277343e-01   5.9283613e-01
  -3.7234281e-01  -4.0689010e-01  -7.7855663e-02  -1.3138303e-01   5.8277343e-01   5.9283613e-01   1.5821602e+01  -2.8287237e-02  -4.1035681e-03  -4.0689010e-01  -4.3759894e-01  -1.3138303e-01  -1.9950566e-01   5.9283613e-01   6.0312727e-01
  -4.0689010e-01  -4.3759894e-01  -1.3138303e-01  -1.9950566e-01   5.9283613e-01   6.0312727e-01   1.3879828e+01  -1.4228658e-01  -3.2864561e-02  -4.3759894e-01  -4.7598483e-01  -1.9950566e-01  -2.6276297e-01   6.0312727e-01   6.1319359e-01
  -4.3759894e-01  -4.7598483e-01  -1.9950566e-01  -2.6276297e-01   6.0312727e-01   6.1319359e-01   1.1978921e+01  -1.0944522e-01   9.0582809e-02  -4.7598483e-01  -5.0285454e-01  -2.6276297e-01  -3.2115627e-01   6.1319359e-01   6.2326346e-01
  -4.7598483e-01  -5.0285454e-01  -2.6276297e-01  -3.2115627e-01   6.1319359e-01   6.2326346e-01   1.2487337e+01  -1.2915389e-01   4.6311122e-02  -5.0285454e-01  -5.5275625e-01  -3.2115627e-01  -3.7954820e-01   6.2326346e-01   6.3350277e-01
  -5.0285454e-01  -5.5275625e-01  -3.2115627e-01  -3.7954820e-01   6.2326346e-01   6.3350277e-01   1.2574331e+01  -8.5734901e-02  -5.8040616e-02  -5.5275625e-01  -5.8346488e-01  -3.7954820e-01  -4.3793939e-01   6.3350277e-01   6.4371288e-01
  -5.5275625e-01  -5.8346488e-01  -3.7954820e-01  -4.3793939e-01   6.3350277e-01   6.4371288e-01   1.5345444e+01  -6.2263145e-02  -4.3376636e-02  -5.8346488e-01  -6.1033471e-01  -4.3793939e-01  -4.7686734e-01   6.4371288e-01   6.5411162e-01
  -5.8346488e-01  -6.1033471e-01  -4.3793939e-01  -4.7686734e-01   6.4371288e-01   6.5411162e-01   1.3015517e+01  -1.3689451e-01   3.7577792e-02  -6.1033471e-01  -6.3720537e-01  -4.7686734e-01  -5.2066214e-01   6.5411162e-01   6.6415086e-01
  -6.1033471e-01  -6.3720537e-01  -4.7686734e-01  -5.2066214e-01   6.5411162e-01   6.6415086e-01   1.3836702e+01  -2.1705896e-01  -9.5672533e-02  -6.3720537e-01  -6.8710743e-01  -5.2066214e-01  -5.4499054e-01   6.6415086e-01   6.7441541e-01
  -6.3720537e-01  -6.8710743e-01  -5.2066214e-01  -5.4499054e-01   6.6415086e-01   6.7441541e-01   1.1738076e+01  -1.1021031e-01  -3.4575328e-02  -6.8710743e-01  -7.4084710e-01  -5.4499054e-01  -5.6932191e-01   6.7441541e-01   6.8446811e-01
  -6.8710743e-01  -7.4084710e-01  -5.4499054e-01  -5.6932191e-01   6.7441541e-01   6.8446811e-01   1.3405029e+01  -1.9090296e-01  -4.4629260e-02  -7.4084710e-01  -7.7539247e-01  -5.6932191e-01  -6.0824854e-01   6.8446811e-01   6.9478807e-01
  -7.4084710e-01  -7.7539247e-01  -5.6932191e-01  -6.0824854e-01   6.8446811e-01   6.9478807e-01   1.1279763e+01  -1.1184880e-01  -5.0144520e-02  -7.7539247e-01  -8.1761868e-01  -6.0824854e-01  -5.9851751e-01   6.9478807e-01   7.0484293e-01
  -7.7539247e-01  -8.1761868e-01  -6.0824854e-01  -5.9851751e-01   6.9478807e-01   7.0484293e-01   1.2615242e+01  -1.1179350e-01   1.0357400e-03  -8.1761868e-01  -8.5216633e-01  -5.9851751e-01  -5.1579629e-01   7.0484293e-01   7.1514084e-01
  -8.1761868e-01  -8.5216633e-01  -5.9851751e-01  -5.1579629e-01   7.0484293e-01   7.1514084e-01   1.4738262e+01  -1.5042939e-01   7.3768619e-02  -8.5216633e-01  -8.6368195e-01  -5.1579629e-01  -4.2334228e-01   7.1514084e-01   7.2549389e-01
  -8.5216633e-01  -8.6368195e-01  -5.1579629e-01  -4.2334228e-01   7.1514084e-01   7.2549389e-01   1.6112818e+01  -7.2882225e-02  -1.2900886e-02  -8.6368195e-01  -8.5984391e-01  -4.2334228e-01  -3.6981599e-01   7.2549389e-01   7.3579374e-01
  -8.6368195e-01  -8.5984391e-01  -4.2334228e-01  -3.6981599e-01   7.2549389e-01   7.3579374e-01   1.4307249e+01  -1.7396067e-01   6.7169141e-02  -8.5984391e-01  -8.4448953e-01  -3.6981599e-01  -3.1142404e-01   7.3579374e-01   7.4587112e-01
  -8.5984391e-01  -8.4448953e-01  -3.6981599e-01  -3.1142404e-01   7.3579374e-01   7.4587112e-01   1.3724385e+01  -4.9296366e-02  -7.4413803e-03  -8.4448953e-01  -8.1761916e-01  -3.1142404e-01  -2.6276380e-01   7.4587112e-01   7.5603333e-01
  -8.4448953e-01  -8.1761916e-01  -3.1142404e-01  -2.6276380e-01   7.4587112e-01   7.5603333e-01   1.5136764e+01  -1.1566026e-02  -2.3659268e-02  -8.1761916e-01  -7.8691042e-01  -2.6276380e-01  -2.1410387e-01   7.5603333e-01   7.6633651e-01
  -8.1761916e-01  -7.8691042e-01  -2.6276380e-01  -2.1410387e-01   7.5603333e-01   7.6633651e-01   1.4616732e+01  -1.1975936e-01  -2.2518963e-02  -7.8691042e-01  -7.4084647e-01  -2.1410387e-01  -1.8490773e-01   7.6633651e-01   7.7650345e-01
  -7.8691042e-01  -7.4084647e-01  -2.1410387e-01  -1.8490773e-01   7.6633651e-01   7.7650345e-01   9.9552838e+00  -2.1045383e-01   9.4740388e-02  -7.4084647e-01  -7.0629950e-01  -1.8490773e-01  -1.4598036e-01   7.7650345e-01   7.8637806e-01
  -7.4084647e-01  -7.0629950e-01  -1.8490773e-01  -1.4598036e-01   7.7650345e-01   7.8637806e-01   1.0901528e+01  -2.5210535e-01  -3.4408266e-02  -7.0629950e-01  -6.6023851e-01  -1.4598036e-01  -6.8123947e-02   7.8637806e-01   7.9664407e-01
  -7.0629950e-01  -6.6023851e-01  -1.4598036e-01  -6.8123947e-02   7.8637806e-01   7.9664407e-01   1.2287850e+01  -1.5779698e-01   7.3731008e-02  -6.6023851e-01  -6.2185060e-01  -6.8123947e-02  -9.7322716e-03   7.9664407e-01   8.0694982e-01
  -6.6023851e-01  -6.2185060e-01  -6.8123947e-02  -9.7322716e-03   7.9664407e-01   8.0694982e-01   1.2213879e+01  -2.0726215e-01  -1.4185982e-02  -6.2185060e-01  -6.0649665e-01  -9.7322716e-03   8.2722831e-02   8.0694982e-01   8.1714822e-01
  -6.2185060e-01  -6.0649665e-01  -9.7322716e-03   8.2722831e-02   8.0694982e-01   8.1714822e-01   1.1136060e+01  -1.8281977e-01  -3.5163147e-02  -6.0649665e-01  -5.8346507e-01   8.2722831e-02   1.6057811e-01   8.1714822e-01   8.2727568e-01
  -6.0649665e-01  -5.8346507e-01   8.2722831e-02   1.6057811e-01   8.1714822e-01   8.2727568e-01   1.2469394e+01  -1.8911136e-01  -9.1162230e-02  -5.8346507e-01  -5.8346477e-01   1.6057811e-01   2.0923793e-01   8.2727568e-01   8.3757353e-01
  -5.8346507e-01  -5.8346477e-01   1.6057811e-01   2.0923793e-01   8.2727568e-01   8.3757353e-01   1.2084382e+01  -1.0068637e-01   1.4654043e-01  -5.8346477e-01  -5.7578776e-01   2.0923793e-01   2.6762908e-01   8.3757353e-01   8.4775080e-01
  -5.8346477e-01  -5.7578776e-01   2.0923793e-01   2.6762908e-01   8.3757353e-01   8.4775080e-01   1.5040297e+01  -1.2294920e-01  -2.9453655e-02  -5.7578776e-01  -5.7578814e-01   2.6762908e-01   3.3088815e-01   8.4775080e-01   8.5816200e-01
  -5.7578776e-01  -5.7578814e-01   2.6762908e-01   3.3088815e-01   8.4775080e-01   8.5816200e-01   1.2523955e+01  -1.1990561e-01   3.2515230e-02  -5.7578814e-01  -5.8730387e-01   3.3088815e-01   4.2820790e-01   8.5816200e-01   8.6818870e-01
  -5.7578814e-01  -5.8730387e-01   3.3088815e-01   4.2820790e-01   8.5816200e-01   8.6818870e-01   1.1534739e+01  -1.5188848e-01   3.4076578e-02  -5.8730387e-01  -5.7962591e-01   4.2820790e-01   5.0119778e-01   8.6818870e-01   8.7832237e-01
  -5.8730387e-01  -5.7962591e-01   4.2820790e-01   5.0119778e-01   8.6818870e-01   8.7832237e-01   1.2777065e+01  -2.7391354e-01   6.4350537e-02  -5.7962591e-01  -5.5275663e-01   5.0119778e-01   5.6445616e-01   8.7832237e-01   8.8861320e-01
  -5.7962591e-01  -5.5275663e-01   5.0119778e-01   5.6445616e-01   8.7832237e-01   8.8861320e-01   1.2368977e+01  -7.1730080e-02   1.9708806e-02  -5.5275663e-01  -5.1053148e-01   5.6445616e-01   6.2771393e-01   8.8861320e-01   8.9878788e-01
  -5.5275663e-01  -5.1053148e-01   5.6445616e-01   6.2771393e-01   8.8861320e-01   8.9878788e-01   1.3739095e+01  -1.3454308e-01   4.7468610e-02  -5.1053148e-01  -4.6062956e-01   6.2771393e-01   6.5690970e-01   8.9878788e-01   9.0908848e-01
  -5.1053148e-01  -4.6062956e-01   6.2771393e-01   6.5690970e-01   8.9878788e-01   9.0908848e-01   1.3002308e+01  -1.1840726e-01   7.2730725e-02  -4.6062956e-01  -3.8769697e-01   6.5690970e-01   6.7150774e-01   9.0908848e-01   9.1923980e-01
  -4.6062956e-01  -3.8769697e-01   6.5690970e-01   6.7150774e-01   9.0908848e-01   9.1923980e-01   1.1152837e+01  -1.7706164e-01   7.9473028e-02  -3.8769697e-01  -3.3011805e-01   6.7150774e-01   6.7637359e-01   9.1923980e-01   9.2931297e-01
  -3.8769697e-01  -3.3011805e-01   6.7150774e-01   6.7637359e-01   9.1923980e-01   9.2931297e-01   1.4159121e+01  -2.0630279e-01  -1.1692491e-03  -3.3011805e-01  -2.9557063e-01   6.7637359e-01   6.8124133e-01   9.2931297e-01   9.3973057e-01
  -3.3011805e-01  -2.9557063e-01   6.7637359e-01   6.8124133e-01   9.2931297e-01   9.3973057e-01   1.2762979e+01  -1.7617551e-01   6.3691324e-03  -2.9557063e-01  -2.3799175e-01   6.8124133e-01   6.8124016e-01   9.3973057e-01   9.4983377e-01
  -2.9557063e-01  -2.3799175e-01   6.8124133e-01   6.8124016e-01   9.3973057e-01   9.4983377e-01   1.2402603e+01  -8.5599236e-02  -3.1987502e-02  -2.3799175e-01  -1.3818853e-01   6.8124016e-01   6.8124030e-01   9.4983377e-01   9.6001231e-01
  -2.3799175e-01  -1.3818853e-01   6.8124016e-01   6.8124030e-01   9.4983377e-01   9.6001231e-01   1.2019284e+01  -3.6720953e-02   1.5166933e-02  -1.3818853e-01  -6.1417219e-02   6.8124030e-01   6.8123976e-01   9.6001231e-01   9.7018867e-01
