   0.0000000e+00   0.0000000e+00   0.0000000e+00   0.0000000e+00   0.0000000e+00   0.0000000e+00  -1.0767011e-02  -4.4239510e-03  -7.2995501e-09   0.0000000e+00  -4.5221447e-01   0.0000000e+00  -1.8580594e-01   0.0000000e+00  -1.7223657e-07
   0.0000000e+00  -4.5221447e-01   0.0000000e+00  -1.8580594e-01   0.0000000e+00  -1.7223657e-07  -1.0005776e-02  -5.4951135e-03   7.4284819e-09  -4.5221447e-01  -4.2229018e-01  -1.8580594e-01  -2.2581130e-01  -1.7223657e-07   1.7527879e-07
  -4.5221447e-01  -4.2229018e-01  -1.8580594e-01  -2.2581130e-01  -1.7223657e-07   1.7527879e-07  -9.2098250e-03  -6.3646711e-03   7.4715428e-09  -4.2229018e-01  -3.8930106e-01  -2.2581130e-01  -2.6266261e-01   1.7527879e-07   1.7629483e-07
  -4.2229018e-01  -3.8930106e-01  -2.2581130e-01  -2.6266261e-01   1.7527879e-07   1.7629483e-07  -8.3535819e-03  -7.1516799e-03   2.2205360e-09  -3.8930106e-01  -3.5374494e-01  -2.6266261e-01  -2.9608051e-01   1.7629483e-07   5.2394670e-08
  -3.8930106e-01  -3.5374494e-01  -2.6266261e-01  -2.9608051e-01   1.7629483e-07   5.2394670e-08  -7.4484599e-03  -7.8499682e-03   7.3580208e-09  -3.5374494e-01  -3.1609811e-01  -2.9608051e-01  -3.2580041e-01   5.2394670e-08   1.7361622e-07
  -3.5374494e-01  -3.1609811e-01  -2.9608051e-01  -3.2580041e-01   5.2394670e-08   1.7361622e-07  -6.5052420e-03  -8.4538594e-03   7.1116299e-09  -3.1609811e-01  -2.7681044e-01  -3.2580041e-01  -3.5157874e-01   1.7361622e-07   1.6780250e-07
  -3.1609811e-01  -2.7681044e-01  -3.2580041e-01  -3.5157874e-01   1.7361622e-07   1.6780250e-07  -5.5340534e-03  -8.9584222e-03   5.1209941e-09  -2.7681044e-01  -2.3630459e-01  -3.5157874e-01  -3.7320332e-01   1.6780250e-07   1.2083244e-07
  -2.7681044e-01  -2.3630459e-01  -3.5157874e-01  -3.7320332e-01   1.6780250e-07   1.2083244e-07  -4.5443926e-03  -9.3596600e-03  -1.3524294e-09  -2.3630459e-01  -1.9497715e-01  -3.7320332e-01  -3.9050167e-01   1.2083244e-07  -3.1911255e-08
  -2.3630459e-01  -1.9497715e-01  -3.7320332e-01  -3.9050167e-01   1.2083244e-07  -3.1911255e-08  -3.5451405e-03  -9.6548212e-03  -7.4133427e-09  -1.9497715e-01  -1.5319924e-01  -3.9050167e-01  -4.0335384e-01  -3.1911255e-08  -1.7492157e-07
  -1.9497715e-01  -1.5319924e-01  -3.9050167e-01  -4.0335384e-01  -3.1911255e-08  -1.7492157e-07  -2.5447092e-03  -9.8424212e-03  -7.2386658e-09  -1.5319924e-01  -1.1132280e-01  -4.0335384e-01  -4.1169341e-01  -1.7492157e-07  -1.7079998e-07
  -1.5319924e-01  -1.1132280e-01  -4.0335384e-01  -4.1169341e-01  -1.7492157e-07  -1.7079998e-07  -1.5510333e-03  -9.9225401e-03  -7.3650162e-09  -1.1132280e-01  -6.9680317e-02  -4.1169341e-01  -4.1551989e-01  -1.7079998e-07  -1.7378128e-07
  -1.1132280e-01  -6.9680317e-02  -4.1169341e-01  -4.1551989e-01  -1.7079998e-07  -1.7378128e-07  -5.7167738e-04  -9.8967957e-03   7.1661167e-09  -6.9680317e-02  -2.8589535e-02  -4.1551989e-01  -4.1489753e-01  -1.7378128e-07   1.6908815e-07
  -6.9680317e-02  -2.8589535e-02  -4.1551989e-01  -4.1489753e-01  -1.7378128e-07   1.6908815e-07   3.8609542e-04   9.7533366e-03   8.2112156e-09  -2.8589535e-02   1.1643891e-02  -4.1489753e-01   4.0995519e-01   1.6908815e-07   1.9374778e-07
  -2.8589535e-02   1.1643891e-02  -4.1489753e-01   4.0995519e-01   1.6908815e-07   1.9374778e-07   1.1001064e-03   9.5478305e-03   3.0428119e-09   1.1643891e-02   5.0722113e-02   4.0995519e-01   4.0088057e-01   1.9374778e-07   7.1796685e-08
   1.1643891e-02   5.0722113e-02   4.0995519e-01   4.0088057e-01   1.9374778e-07   7.1796685e-08   1.9987164e-03   9.2493001e-03  -3.3002388e-09   5.0722113e-02   8.8363772e-02   4.0088057e-01   3.8791165e-01   7.1796685e-08  -7.7870804e-08
   5.0722113e-02   8.8363772e-02   4.0088057e-01   3.8791165e-01   7.1796685e-08  -7.7870804e-08   2.8574268e-03   8.8644395e-03   3.1508431e-09   8.8363772e-02   1.2428674e-01   3.8791165e-01   3.7133268e-01  -7.7870804e-08   7.4345736e-08
   8.8363772e-02   1.2428674e-01   3.8791165e-01   3.7133268e-01  -7.7870804e-08   7.4345736e-08   3.6696958e-03   8.4007024e-03  -1.2670567e-08   1.2428674e-01   1.5821929e-01   3.7133268e-01   3.5145987e-01   7.4345736e-08  -2.9896842e-07
   1.2428674e-01   1.5821929e-01   3.7133268e-01   3.5145987e-01   7.4345736e-08  -2.9896842e-07   4.4292195e-03   7.8660365e-03   3.0424967e-08   1.5821929e-01   1.8990039e-01   3.5145987e-01   3.2862992e-01  -2.9896842e-07   7.1789248e-07
   1.5821929e-01   1.8990039e-01   3.5145987e-01   3.2862992e-01  -2.9896842e-07   7.1789248e-07   5.1299560e-03   7.2686939e-03  -7.2702001e-09   1.8990039e-01   2.1907947e-01   3.2862992e-01   3.0319255e-01   7.1789248e-07  -1.7154405e-07
   1.8990039e-01   2.1907947e-01   3.2862992e-01   3.0319255e-01   7.1789248e-07  -1.7154405e-07   5.7661772e-03   6.6171041e-03  -6.6991101e-09   2.1907947e-01   2.4552066e-01   3.0319255e-01   2.7550409e-01  -1.7154405e-07  -1.5806889e-07
   2.1907947e-01   2.4552066e-01   3.0319255e-01   2.7550409e-01  -1.7154405e-07  -1.5806889e-07   6.3326344e-03   5.9196307e-03  -6.9257654e-09   2.4552066e-01   2.6900673e-01   2.7550409e-01   2.4591882e-01  -1.5806889e-07  -1.6341694e-07
   2.4552066e-01   2.6900673e-01   2.7550409e-01   2.4591882e-01  -1.5806889e-07  -1.6341694e-07   6.8246223e-03   5.1845777e-03   1.2758131e-09   2.6900673e-01   2.8934419e-01   2.4591882e-01   2.1478777e-01  -1.6341694e-07   3.0103456e-08
   2.6900673e-01   2.8934419e-01   2.4591882e-01   2.1478777e-01  -1.6341694e-07   3.0103456e-08   7.2380940e-03   4.4198705e-03   1.5767874e-08   2.8934419e-01   3.0636690e-01   2.1478777e-01   1.8244599e-01   3.0103456e-08   3.7205096e-07
   2.8934419e-01   3.0636690e-01   2.1478777e-01   1.8244599e-01   3.0103456e-08   3.7205096e-07   7.5698708e-03   3.6334708e-03   2.8222710e-08   3.0636690e-01   3.1994507e-01   1.8244599e-01   1.4922970e-01   3.7205096e-07   6.6592910e-07
   3.0636690e-01   3.1994507e-01   1.8244599e-01   1.4922970e-01   3.7205096e-07   6.6592910e-07   7.8176354e-03   2.8328858e-03  -6.4263671e-09   3.1994507e-01   3.2998512e-01   1.4922970e-01   1.1545558e-01   6.6592910e-07  -1.5163338e-07
   3.1994507e-01   3.2998512e-01   1.4922970e-01   1.1545558e-01   6.6592910e-07  -1.5163338e-07   7.9801385e-03   2.0254631e-03  -7.3465591e-09   3.2998512e-01   3.3643815e-01   1.1545558e-01   8.1432974e-02  -1.5163338e-07  -1.7334578e-07
   3.2998512e-01   3.3643815e-01   1.1545558e-01   8.1432974e-02  -1.5163338e-07  -1.7334578e-07   8.0572006e-03   1.2182718e-03   7.2866918e-10   3.3643815e-01   3.3929983e-01   8.1432974e-02   4.7459821e-02  -1.7334578e-07   1.7193318e-08
   3.3643815e-01   3.3929983e-01   8.1432974e-02   4.7459821e-02  -1.7334578e-07   1.7193318e-08   8.0497465e-03   4.1816818e-04  -1.0578339e-09   3.3929983e-01   3.3861236e-01   4.7459821e-02   1.3823984e-02   1.7193318e-08  -2.4960125e-08
   3.3929983e-01   3.3861236e-01   4.7459821e-02   1.3823984e-02   1.7193318e-08  -2.4960125e-08   7.9597816e-03  -3.6818291e-04   1.1807649e-08   3.3861236e-01   3.3446317e-01   1.3823984e-02  -1.9195197e-02  -2.4960125e-08   2.7860745e-07
   3.3861236e-01   3.3446317e-01   1.3823984e-02  -1.9195197e-02  -2.4960125e-08   2.7860745e-07   7.7903215e-03  -1.1343709e-03   2.8792672e-08   3.3446317e-01   3.2698198e-01  -1.9195197e-02  -5.1329288e-02   2.7860745e-07   6.7937765e-07
   3.3446317e-01   3.2698198e-01  -1.9195197e-02  -5.1329288e-02   2.7860745e-07   6.7937765e-07   7.5452492e-03  -1.8741145e-03  -1.0046259e-09   3.2698198e-01   3.1633485e-01  -5.1329288e-02  -8.2315977e-02   6.7937765e-07  -2.3704655e-08
   3.2698198e-01   3.1633485e-01  -5.1329288e-02  -8.2315977e-02   6.7937765e-07  -2.3704655e-08   7.2294173e-03  -2.5813879e-03   6.1570468e-09   3.1633485e-01   3.0272840e-01  -8.2315977e-02  -1.1190431e-01  -2.3704655e-08   1.4527863e-07
   3.1633485e-01   3.0272840e-01  -8.2315977e-02  -1.1190431e-01  -2.3704655e-08   1.4527863e-07   6.8481527e-03  -3.2503740e-03  -1.0956077e-08   3.0272840e-01   2.8638924e-01  -1.1190431e-01  -1.3985174e-01   1.4527863e-07  -2.5851418e-07
   3.0272840e-01   2.8638924e-01  -1.1190431e-01  -1.3985174e-01   1.4527863e-07  -2.5851418e-07   6.4073354e-03  -3.8755014e-03  -7.4440648e-09   2.8638924e-01   2.6756689e-01  -1.3985174e-01  -1.6592713e-01  -2.5851418e-07  -1.7564647e-07
   2.8638924e-01   2.6756689e-01  -1.3985174e-01  -1.6592713e-01  -2.5851418e-07  -1.7564647e-07   5.9132482e-03  -4.4515356e-03  -2.0873625e-09   2.6756689e-01   2.4652788e-01  -1.6592713e-01  -1.8991312e-01  -1.7564647e-07  -4.9252373e-08
   2.6756689e-01   2.4652788e-01  -1.6592713e-01  -1.8991312e-01  -1.7564647e-07  -4.9252373e-08   5.3725057e-03  -4.9736553e-03  -9.2437019e-09   2.4652788e-01   2.2355239e-01  -1.8991312e-01  -2.1161027e-01  -4.9252373e-08  -2.1810982e-07
   2.4652788e-01   2.2355239e-01  -1.8991312e-01  -2.1161027e-01  -4.9252373e-08  -2.1810982e-07   4.7916047e-03  -5.4373548e-03  -7.2292204e-09   2.2355239e-01   1.9891542e-01  -2.1161027e-01  -2.3083249e-01  -2.1810982e-07  -1.7057711e-07
   2.2355239e-01   1.9891542e-01  -2.1161027e-01  -2.3083249e-01  -2.1810982e-07  -1.7057711e-07   4.1773502e-03  -5.8387981e-03  -1.7956342e-09   1.9891542e-01   1.7290490e-01  -2.3083249e-01  -2.4742160e-01  -1.7057711e-07  -4.2368897e-08
   1.9891542e-01   1.7290490e-01  -2.3083249e-01  -2.4742160e-01  -1.7057711e-07  -4.2368897e-08   3.5363727e-03  -6.1746636e-03  -1.2344987e-10   1.7290490e-01   1.4580106e-01  -2.4742160e-01  -2.6124129e-01  -4.2368897e-08  -2.9128621e-09
   1.7290490e-01   1.4580106e-01  -2.4742160e-01  -2.6124129e-01  -4.2368897e-08  -2.9128621e-09   2.8753194e-03  -6.4423751e-03   1.7652192e-09   1.4580106e-01   1.1788454e-01  -2.6124129e-01  -2.7218648e-01  -2.9128621e-09   4.1651239e-08
   1.4580106e-01   1.1788454e-01  -2.6124129e-01  -2.7218648e-01  -2.9128621e-09   4.1651239e-08   2.2007143e-03  -6.6401057e-03   5.5355675e-09   1.1788454e-01   8.9430516e-02  -2.7218648e-01  -2.8018352e-01   4.1651239e-08   1.3061452e-07
   1.1788454e-01   8.9430516e-02  -2.7218648e-01  -2.8018352e-01   4.1651239e-08   1.3061452e-07   1.5189219e-03  -6.7668184e-03   1.2526373e-09   8.9430516e-02   6.0707127e-02  -2.8018352e-01  -2.8519189e-01   1.3061452e-07   2.9556611e-08
   8.9430516e-02   6.0707127e-02  -2.8018352e-01  -2.8519189e-01   1.3061452e-07   2.9556611e-08   8.3624494e-04  -6.8223911e-03  -1.4126438e-08   6.0707127e-02   3.1979480e-02  -2.8519189e-01  -2.8720942e-01   2.9556611e-08  -3.3332044e-07
   6.0707127e-02   3.1979480e-02  -2.8519189e-01  -2.8720942e-01   2.9556611e-08  -3.3332044e-07   1.5864002e-04  -6.8073747e-03  -8.3813311e-10   3.1979480e-02   3.4977584e-03  -2.8720942e-01  -2.8626216e-01  -3.3332044e-07  -1.9776175e-08
   3.1979480e-02   3.4977584e-03  -2.8720942e-01  -2.8626216e-01  -3.3332044e-07  -1.9776175e-08  -5.0777303e-04   6.7252980e-03   1.5469981e-09   3.4977584e-03  -2.4481081e-02  -2.8626216e-01   2.8242397e-01  -1.9776175e-08   3.6502202e-08
   3.4977584e-03  -2.4481081e-02  -2.8626216e-01   2.8242397e-01  -1.9776175e-08   3.6502202e-08  -1.3055333e-03   6.5600567e-03   5.3830259e-09  -2.4481081e-02  -5.1720095e-02   2.8242397e-01   2.7579216e-01   3.6502202e-08   1.2701522e-07
  -2.4481081e-02  -5.1720095e-02   2.8242397e-01   2.7579216e-01   3.6502202e-08   1.2701522e-07  -1.9291257e-03   6.3316203e-03  -7.4014748e-09  -5.1720095e-02  -7.7984079e-02   2.7579216e-01   2.6649800e-01   1.2701522e-07  -1.7464154e-07
  -5.1720095e-02  -7.7984079e-02   2.7579216e-01   2.6649800e-01   1.2701522e-07  -1.7464154e-07  -2.5234645e-03   6.0438256e-03   7.2255653e-09  -7.7984079e-02  -1.0304866e-01   2.6649800e-01   2.5470007e-01  -1.7464154e-07   1.7049087e-07
  -7.7984079e-02  -1.0304866e-01   2.6649800e-01   2.5470007e-01  -1.7464154e-07   1.7049087e-07  -3.0834717e-03   5.7010530e-03   3.7174759e-09  -1.0304866e-01  -1.2669905e-01   2.5470007e-01   2.4057981e-01   1.7049087e-07   8.7715724e-08
  -1.0304866e-01  -1.2669905e-01   2.5470007e-01   2.4057981e-01   1.7049087e-07   8.7715724e-08  -3.6043515e-03   5.3081261e-03  -2.1898868e-09  -1.2669905e-01  -1.4873159e-01   2.4057981e-01   2.2433751e-01   8.7715724e-08  -5.1671486e-08
  -1.2669905e-01  -1.4873159e-01   2.4057981e-01   2.2433751e-01   8.7715724e-08  -5.1671486e-08  -4.0816759e-03   4.8702572e-03   7.4503606e-09  -1.4873159e-01  -1.6895818e-01   2.2433751e-01   2.0618983e-01  -5.1671486e-08   1.7579503e-07
  -1.4873159e-01  -1.6895818e-01   2.2433751e-01   2.0618983e-01  -5.1671486e-08   1.7579503e-07  -4.5113140e-03   4.3928741e-03   2.1868684e-10  -1.6895818e-01  -1.8720300e-01   2.0618983e-01   1.8636261e-01   1.7579503e-07   5.1600265e-09
  -1.6895818e-01  -1.8720300e-01   2.0618983e-01   1.8636261e-01   1.7579503e-07   5.1600265e-09  -4.8896156e-03   3.8816098e-03  -7.2827614e-09  -1.8720300e-01  -2.0331014e-01   1.8636261e-01   1.6509059e-01   5.1600265e-09  -1.7184044e-07
  -1.8720300e-01  -2.0331014e-01   1.8636261e-01   1.6509059e-01   5.1600265e-09  -1.7184044e-07  -5.2134037e-03   3.3422016e-03  -2.6858215e-10  -2.0331014e-01  -2.1714364e-01   1.6509059e-01   1.4261297e-01  -1.7184044e-07  -6.3373315e-09
  -2.0331014e-01  -2.1714364e-01   1.6509059e-01   1.4261297e-01  -1.7184044e-07  -6.3373315e-09  -5.4800656e-03   2.7804391e-03   2.3315773e-09  -2.1714364e-01  -2.2859116e-01   1.4261297e-01   1.1917136e-01  -6.3373315e-09   5.5014746e-08
  -2.1714364e-01  -2.2859116e-01   1.4261297e-01   1.1917136e-01  -6.3373315e-09   5.5014746e-08  -5.6875487e-03   2.2020918e-03  -5.3480450e-09  -2.2859116e-01  -2.3756378e-01   1.1917136e-01   9.5006919e-02   5.5014746e-08  -1.2618983e-07
  -2.2859116e-01  -2.3756378e-01   1.1917136e-01   9.5006919e-02   5.5014746e-08  -1.2618983e-07  -5.8344850e-03   1.6128983e-03   7.3424001e-09  -2.3756378e-01  -2.4400138e-01   9.5006919e-02   7.0359706e-02  -1.2618983e-07   1.7324764e-07
  -2.3756378e-01  -2.4400138e-01   9.5006919e-02   7.0359706e-02  -1.2618983e-07   1.7324764e-07  -5.9201763e-03   1.0185256e-03  -6.8723769e-09  -2.4400138e-01  -2.4787205e-01   7.0359706e-02   4.5466937e-02   1.7324764e-07  -1.6215721e-07
  -2.4400138e-01  -2.4787205e-01   7.0359706e-02   4.5466937e-02   1.7324764e-07  -1.6215721e-07  -5.9446226e-03   4.2453090e-04   9.8239256e-10  -2.4787205e-01  -2.4917310e-01   4.5466937e-02   2.0561879e-02  -1.6215721e-07   2.3180049e-08
  -2.4787205e-01  -2.4917310e-01   4.5466937e-02   2.0561879e-02  -1.6215721e-07   2.3180049e-08  -5.9084813e-03  -1.6362230e-04   8.6381726e-10  -2.4917310e-01  -2.4792962e-01   2.0561879e-02  -4.1262536e-03   2.3180049e-08   2.0382205e-08
  -2.4917310e-01  -2.4792962e-01   2.0561879e-02  -4.1262536e-03   2.3180049e-08   2.0382205e-08  -5.8132988e-03  -7.4067151e-04  -6.1511179e-09  -2.4792962e-01  -2.4420402e-01  -4.1262536e-03  -2.8376023e-02   2.0382205e-08  -1.4513874e-07
  -2.4792962e-01  -2.4420402e-01  -4.1262536e-03  -2.8376023e-02   2.0382205e-08  -1.4513874e-07  -5.6609353e-03  -1.3014527e-03   4.8588971e-09  -2.4420402e-01  -2.3807199e-01  -2.8376023e-02  -5.1969856e-02  -1.4513874e-07   1.1464813e-07
  -2.4420402e-01  -2.3807199e-01  -2.8376023e-02  -5.1969856e-02  -1.4513874e-07   1.1464813e-07  -5.4541288e-03  -1.8410101e-03  -5.4130313e-09  -2.3807199e-01  -2.2964611e-01  -5.1969856e-02  -7.4698891e-02   1.1464813e-07  -1.2772321e-07
  -2.3807199e-01  -2.2964611e-01  -5.1969856e-02  -7.4698891e-02   1.1464813e-07  -1.2772321e-07  -5.1960584e-03  -2.3545972e-03  -7.3968022e-09  -2.2964611e-01  -2.1905764e-01  -7.4698891e-02  -9.6362361e-02  -1.2772321e-07  -1.7453129e-07
  -2.2964611e-01  -2.1905764e-01  -7.4698891e-02  -9.6362361e-02  -1.2772321e-07  -1.7453129e-07  -4.8903796e-03  -2.8376830e-03  -4.0973589e-10  -2.1905764e-01  -2.0645787e-01  -9.6362361e-02  -1.1676864e-01  -1.7453129e-07  -9.6679255e-09
  -2.1905764e-01  -2.0645787e-01  -9.6362361e-02  -1.1676864e-01  -1.7453129e-07  -9.6679255e-09  -4.5411863e-03  -3.2860400e-03  -1.5213433e-09  -2.0645787e-01  -1.9201662e-01  -1.1676864e-01  -1.3573851e-01  -9.6679255e-09  -3.5896865e-08
  -2.0645787e-01  -1.9201662e-01  -1.1676864e-01  -1.3573851e-01  -9.6679255e-09  -3.5896865e-08  -4.1528926e-03  -3.6958006e-03   6.7800870e-09  -1.9201662e-01  -1.7591733e-01  -1.3573851e-01  -1.5310760e-01  -3.5896865e-08   1.5997958e-07
  -1.9201662e-01  -1.7591733e-01  -1.3573851e-01  -1.5310760e-01  -3.5896865e-08   1.5997958e-07  -3.7301113e-03  -4.0633030e-03   4.8907456e-10  -1.7591733e-01  -1.5835190e-01  -1.5310760e-01  -1.6872014e-01   1.5997958e-07   1.1539962e-08
  -1.7591733e-01  -1.5835190e-01  -1.5310760e-01  -1.6872014e-01   1.5997958e-07   1.1539962e-08  -3.2777088e-03  -4.3853993e-03   2.2229555e-10  -1.5835190e-01  -1.3952306e-01  -1.6872014e-01  -1.8244173e-01   1.1539962e-08   5.2451759e-09
  -1.5835190e-01  -1.3952306e-01  -1.6872014e-01  -1.8244173e-01   1.1539962e-08   5.2451759e-09  -2.8006673e-03  -4.6593685e-03   4.9254482e-09  -1.3952306e-01  -1.1963853e-01  -1.8244173e-01  -1.9415593e-01   5.2451759e-09   1.1621844e-07
  -1.3952306e-01  -1.1963853e-01  -1.8244173e-01  -1.9415593e-01   5.2451759e-09   1.1621844e-07  -2.3040440e-03  -4.8829742e-03  -7.2774976e-09  -1.1963853e-01  -9.8909430e-02  -1.9415593e-01  -2.0376651e-01   1.1621844e-07  -1.7171624e-07
  -1.1963853e-01  -9.8909430e-02  -1.9415593e-01  -2.0376651e-01   1.1621844e-07  -1.7171624e-07  -1.7929281e-03  -5.0545225e-03   7.1852338e-09  -9.8909430e-02  -7.7548515e-02  -2.0376651e-01  -2.1119995e-01  -1.7171624e-07   1.6953922e-07
  -9.8909430e-02  -7.7548515e-02  -2.0376651e-01  -2.1119995e-01  -1.7171624e-07   1.6953922e-07  -1.2724094e-03  -5.1728645e-03  -7.3413508e-09  -7.7548515e-02  -5.5768590e-02  -2.1119995e-01  -2.1640574e-01   1.6953922e-07  -1.7322288e-07
  -7.7548515e-02  -5.5768590e-02  -2.1119995e-01  -2.1640574e-01   1.6953922e-07  -1.7322288e-07  -7.4753141e-04  -5.2374530e-03  -7.3841436e-09  -5.5768590e-02  -3.3781140e-02  -2.1640574e-01  -2.1935845e-01  -1.7322288e-07  -1.7423260e-07
  -5.5768590e-02  -3.3781140e-02  -2.1640574e-01  -2.1935845e-01  -1.7322288e-07  -1.7423260e-07  -2.2327929e-04  -5.2483344e-03   7.2398530e-09  -3.3781140e-02  -1.1795090e-02  -2.1935845e-01  -2.2005777e-01  -1.7423260e-07   1.7082799e-07
  -3.3781140e-02  -1.1795090e-02  -2.1935845e-01  -2.2005777e-01  -1.7423260e-07   1.7082799e-07   2.9544391e-04   5.1999638e-03   6.6416699e-09  -1.1795090e-02   9.9836367e-03  -2.2005777e-01   2.1852846e-01   1.7082799e-07   1.5671356e-07
  -1.1795090e-02   9.9836367e-03  -2.2005777e-01   2.1852846e-01   1.7082799e-07   1.5671356e-07   6.8921891e-04   5.1173879e-03   2.5947556e-09   9.9836367e-03   3.1355351e-02   2.1852846e-01   2.1482027e-01   1.5671356e-07   6.1224569e-08
   9.9836367e-03   3.1355351e-02   2.1852846e-01   2.1482027e-01   1.5671356e-07   6.1224569e-08   1.1847356e-03   4.9845112e-03   1.9846577e-09   3.1355351e-02   5.2126206e-02   2.1482027e-01   2.0900394e-01   6.1224569e-08   4.6829002e-08
   3.1355351e-02   5.2126206e-02   2.1482027e-01   2.0900394e-01   6.1224569e-08   4.6829002e-08   1.6619420e-03   4.8036320e-03  -7.2493423e-09   5.2126206e-02   7.2104780e-02   2.0900394e-01   2.0117812e-01   4.6829002e-08  -1.7105190e-07
   5.2126206e-02   7.2104780e-02   2.0900394e-01   2.0117812e-01   4.6829002e-08  -1.7105190e-07   2.1165895e-03   4.5773387e-03   7.2548253e-09   7.2104780e-02   9.1113769e-02   2.0117812e-01   1.9145362e-01  -1.7105190e-07   1.7118127e-07
   7.2104780e-02   9.1113769e-02   2.0117812e-01   1.9145362e-01  -1.7105190e-07   1.7118127e-07   2.5445641e-03   4.3087516e-03   7.0551033e-09   9.1113769e-02   1.0898149e-01   1.9145362e-01   1.7996351e-01   1.7118127e-07   1.6646873e-07
   9.1113769e-02   1.0898149e-01   1.9145362e-01   1.7996351e-01   1.7118127e-07   1.6646873e-07   2.9420176e-03   4.0013255e-03  -1.0246766e-10   1.0898149e-01   1.2554791e-01   1.7996351e-01   1.6685471e-01   1.6646873e-07  -2.4177763e-09
   1.0898149e-01   1.2554791e-01   1.7996351e-01   1.6685471e-01   1.6646873e-07  -2.4177763e-09   3.3053921e-03   3.6588144e-03   3.7134349e-10   1.2554791e-01   1.4066521e-01   1.6685471e-01   1.5228667e-01  -2.4177763e-09   8.7620374e-09
   1.2554791e-01   1.4066521e-01   1.6685471e-01   1.5228667e-01  -2.4177763e-09   8.7620374e-09   3.6314501e-03   3.2852877e-03  -1.7296882e-09   1.4066521e-01   1.5419910e-01   1.5228667e-01   1.3643196e-01   8.7620374e-09  -4.0812867e-08
   1.4066521e-01   1.5419910e-01   1.5228667e-01   1.3643196e-01   8.7620374e-09  -4.0812867e-08   3.9173375e-03   2.8848684e-03   7.4154115e-09   1.5419910e-01   1.6603166e-01   1.3643196e-01   1.1946519e-01  -4.0812867e-08   1.7497038e-07
   1.5419910e-01   1.6603166e-01   1.3643196e-01   1.1946519e-01  -4.0812867e-08   1.7497038e-07   4.1605926e-03   2.4619582e-03  -6.8478033e-09   1.6603166e-01   1.7606138e-01   1.1946519e-01   1.0157260e-01   1.7497038e-07  -1.6157738e-07
   1.6603166e-01   1.7606138e-01   1.1946519e-01   1.0157260e-01   1.7497038e-07  -1.6157738e-07   4.3591996e-03   2.0210015e-03  -6.6880764e-09   1.7606138e-01   1.8420573e-01   1.0157260e-01   8.2941845e-02  -1.6157738e-07  -1.5780854e-07
   1.7606138e-01   1.8420573e-01   1.0157260e-01   8.2941845e-02  -1.6157738e-07  -1.5780854e-07   4.5116191e-03   1.5665094e-03  -6.3581269e-09   1.8420573e-01   1.9040203e-01   8.2941845e-02   6.3763423e-02  -1.5780854e-07  -1.5002322e-07
   1.8420573e-01   1.9040203e-01   8.2941845e-02   6.3763423e-02  -1.5780854e-07  -1.5002322e-07   4.6168099e-03   1.1030191e-03  -6.5410879e-09   1.9040203e-01   1.9460870e-01   6.3763423e-02   4.4228550e-02  -1.5002322e-07  -1.5434028e-07
   1.9040203e-01   1.9460870e-01   6.3763423e-02   4.4228550e-02  -1.5002322e-07  -1.5434028e-07   4.6742317e-03   6.3505617e-04  -1.8296709e-09   1.9460870e-01   1.9680514e-01   4.4228550e-02   2.4527748e-02  -1.5434028e-07  -4.3172011e-08
   1.9460870e-01   1.9680514e-01   4.4228550e-02   2.4527748e-02  -1.5434028e-07  -4.3172011e-08   4.6839343e-03   1.6711980e-04   7.2864470e-09   1.9680514e-01   1.9699554e-01   2.4527748e-02   4.8502323e-03  -4.3172011e-08   1.7192740e-07
   1.9680514e-01   1.9699554e-01   2.4527748e-02   4.8502323e-03  -4.3172011e-08   1.7192740e-07   4.6463871e-03  -2.9635779e-04  -2.4592683e-10   1.9699554e-01   1.9520171e-01   4.8502323e-03  -1.4617892e-02   1.7192740e-07  -5.8027679e-09
   1.9699554e-01   1.9520171e-01   4.8502323e-03  -1.4617892e-02   1.7192740e-07  -5.8027679e-09   4.5626342e-03  -7.5106748e-04   7.8797026e-10   1.9520171e-01   1.9146955e-01  -1.4617892e-02  -3.3695958e-02  -5.8027679e-09   1.8592557e-08
   1.9520171e-01   1.9146955e-01  -1.4617892e-02  -3.3695958e-02  -5.8027679e-09   1.8592557e-08   4.4342729e-03  -1.1928009e-03  -1.4723180e-08   1.9146955e-01   1.8586813e-01  -3.3695958e-02  -5.2207630e-02   1.8592557e-08  -3.4740087e-07
   1.9146955e-01   1.8586813e-01  -3.3695958e-02  -5.2207630e-02   1.8592557e-08  -3.4740087e-07   4.2630924e-03  -1.6174421e-03   4.4497504e-09   1.8586813e-01   1.7847454e-01  -5.2207630e-02  -6.9980886e-02  -3.4740087e-07   1.0499411e-07
   1.8586813e-01   1.7847454e-01  -5.2207630e-02  -6.9980886e-02  -3.4740087e-07   1.0499411e-07   4.0516384e-03  -2.0211460e-03   3.4808629e-09   1.7847454e-01   1.6939763e-01  -6.9980886e-02  -8.6854908e-02   1.0499411e-07   8.2132721e-08
   1.7847454e-01   1.6939763e-01  -6.9980886e-02  -8.6854908e-02   1.0499411e-07   8.2132721e-08   3.8026510e-03  -2.4002186e-03   4.2339794e-09   1.6939763e-01   1.5875421e-01  -8.6854908e-02  -1.0267593e-01   8.2132721e-08   9.9902884e-08
   1.6939763e-01   1.5875421e-01  -8.6854908e-02  -1.0267593e-01   8.2132721e-08   9.9902884e-08   3.5191317e-03  -2.7511789e-03  -7.4319129e-09   1.5875421e-01   1.4667205e-01  -1.0267593e-01  -1.1729897e-01   9.9902884e-08  -1.7535974e-07
   1.5875421e-01   1.4667205e-01  -1.0267593e-01  -1.1729897e-01   9.9902884e-08  -1.7535974e-07   3.2045341e-03  -3.0708914e-03   7.0891952e-09   1.4667205e-01   1.3329778e-01  -1.1729897e-01  -1.3059379e-01  -1.7535974e-07   1.6727314e-07
   1.4667205e-01   1.3329778e-01  -1.1729897e-01  -1.3059379e-01  -1.7535974e-07   1.6727314e-07   2.8624244e-03  -3.3564795e-03  -1.8464455e-09   1.3329778e-01   1.1878270e-01  -1.3059379e-01  -1.4244106e-01   1.6727314e-07  -4.3567816e-08
   1.3329778e-01   1.1878270e-01  -1.3059379e-01  -1.4244106e-01   1.6727314e-07  -4.3567816e-08   2.4965744e-03  -3.6054084e-03  -2.1645202e-09   1.1878270e-01   1.0328642e-01  -1.4244106e-01  -1.5273614e-01  -4.3567816e-08  -5.1072949e-08
   1.1878270e-01   1.0328642e-01  -1.4244106e-01  -1.5273614e-01  -4.3567816e-08  -5.1072949e-08   2.1109428e-03  -3.8155556e-03  -7.4166116e-09   1.0328642e-01   8.6976437e-02  -1.5273614e-01  -1.6139156e-01  -5.1072949e-08  -1.7499870e-07
   1.0328642e-01   8.6976437e-02  -1.5273614e-01  -1.6139156e-01  -5.1072949e-08  -1.7499870e-07   1.7095240e-03  -3.9851558e-03  -3.2760470e-09   8.6976437e-02   7.0021449e-02  -1.6139156e-01  -1.6833504e-01  -1.7499870e-07  -7.7299986e-08
   8.6976437e-02   7.0021449e-02  -1.6139156e-01  -1.6833504e-01  -1.7499870e-07  -7.7299986e-08   1.2963542e-03  -4.1128501e-03  -1.6213753e-09   7.0021449e-02   5.2591816e-02  -1.6833504e-01  -1.7351135e-01  -7.7299986e-08  -3.8257171e-08
   7.0021449e-02   5.2591816e-02  -1.6833504e-01  -1.7351135e-01  -7.7299986e-08  -3.8257171e-08   8.7571174e-04  -4.1979008e-03   3.7626386e-10   5.2591816e-02   3.4867793e-02  -1.7351135e-01  -1.7689140e-01  -3.8257171e-08   8.8781361e-09
   5.2591816e-02   3.4867793e-02  -1.7351135e-01  -1.7689140e-01  -3.8257171e-08   8.8781361e-09   4.5160802e-04  -4.2398145e-03  -7.2887355e-09   3.4867793e-02   1.7018195e-02  -1.7689140e-01  -1.7845645e-01   8.8781361e-09  -1.7198140e-07
   3.4867793e-02   1.7018195e-02  -1.7689140e-01  -1.7845645e-01   8.8781361e-09  -1.7198140e-07   2.8152597e-05   4.2476003e-03   7.1077021e-09   1.7018195e-02  -7.8420496e-04  -1.7845645e-01   1.7821167e-01  -1.7198140e-07   1.6770982e-07
   1.7018195e-02  -7.8420496e-04  -1.7845645e-01   1.7821167e-01  -1.7198140e-07   1.6770982e-07  -4.8416431e-04   4.1945567e-03   7.8025987e-09  -7.8420496e-04  -1.8371032e-02   1.7821167e-01   1.7618002e-01   1.6770982e-07   1.8410626e-07
  -7.8420496e-04  -1.8371032e-02   1.7821167e-01   1.7618002e-01   1.6770982e-07   1.8410626e-07  -8.9324260e-04   4.1000697e-03   6.7236573e-09  -1.8371032e-02  -3.5574711e-02   1.7618002e-01   1.7240538e-01   1.8410626e-07   1.5864809e-07
  -1.8371032e-02  -3.5574711e-02   1.7618002e-01   1.7240538e-01   1.8410626e-07   1.5864809e-07  -1.2889349e-03   3.9656371e-03  -1.8655567e-10  -3.5574711e-02  -5.2235381e-02   1.7240538e-01   1.6694879e-01   1.5864809e-07  -4.4018754e-09
  -3.5574711e-02  -5.2235381e-02   1.7240538e-01   1.6694879e-01   1.5864809e-07  -4.4018754e-09  -1.6675683e-03   3.7931457e-03  -8.2607809e-10  -5.2235381e-02  -6.8198091e-02   1.6694879e-01   1.5988775e-01  -4.4018754e-09  -1.9491730e-08
  -5.2235381e-02  -6.8198091e-02   1.6694879e-01   1.5988775e-01  -4.4018754e-09  -1.9491730e-08  -2.0256481e-03   3.5848573e-03  -7.3912839e-09  -6.8198091e-02  -8.3315254e-02   1.5988775e-01   1.5131555e-01  -1.9491730e-08  -1.7440108e-07
  -6.8198091e-02  -8.3315254e-02   1.5988775e-01   1.5131555e-01  -1.9491730e-08  -1.7440108e-07  -2.3598903e-03   3.3433625e-03  -4.7907098e-10  -8.3315254e-02  -9.7447876e-02   1.5131555e-01   1.4133937e-01  -1.7440108e-07  -1.1303922e-08
  -8.3315254e-02  -9.7447876e-02   1.5131555e-01   1.4133937e-01  -1.7440108e-07  -1.1303922e-08  -2.6672526e-03   3.0715487e-03  -7.3951829e-09  -9.7447876e-02  -1.1046705e-01   1.4133937e-01   1.3007892e-01  -1.1303922e-08  -1.7449308e-07
  -9.7447876e-02  -1.1046705e-01   1.4133937e-01   1.3007892e-01  -1.1303922e-08  -1.7449308e-07  -2.9449449e-03   2.7725379e-03   1.6020115e-09  -1.1046705e-01  -1.2225420e-01   1.3007892e-01   1.1766395e-01  -1.7449308e-07   3.7800271e-08
  -1.1046705e-01  -1.2225420e-01   1.3007892e-01   1.1766395e-01  -1.7449308e-07   3.7800271e-08  -3.1904711e-03   2.4496673e-03   7.4055118e-09  -1.2225420e-01  -1.3270313e-01   1.1766395e-01   1.0423327e-01   3.7800271e-08   1.7473680e-07
  -1.2225420e-01  -1.3270313e-01   1.1766395e-01   1.0423327e-01   3.7800271e-08   1.7473680e-07  -3.4016655e-03   2.1064390e-03   7.8854296e-10  -1.3270313e-01  -1.4172131e-01   1.0423327e-01   8.9932810e-02   1.7473680e-07   1.8606070e-08
  -1.3270313e-01  -1.4172131e-01   1.0423327e-01   8.9932810e-02   1.7473680e-07   1.8606070e-08  -3.5767459e-03   1.7464956e-03  -1.9568758e-10  -1.4172131e-01  -1.4923227e-01   8.9932810e-02   7.4914580e-02   1.8606070e-08  -4.6173475e-09
  -1.4172131e-01  -1.4923227e-01   8.9932810e-02   7.4914580e-02   1.8606070e-08  -4.6173475e-09  -3.7142545e-03   1.3735498e-03   7.0621497e-09  -1.4923227e-01  -1.5517313e-01   7.4914580e-02   5.9333633e-02  -4.6173475e-09   1.6663499e-07
  -1.4923227e-01  -1.5517313e-01   7.4914580e-02   5.9333633e-02  -4.6173475e-09   1.6663499e-07  -3.8131465e-03   9.9138076e-04   7.3387209e-09  -1.5517313e-01  -1.5949830e-01   5.9333633e-02   4.3347980e-02   1.6663499e-07   1.7316083e-07
  -1.5517313e-01  -1.5949830e-01   5.9333633e-02   4.3347980e-02   1.6663499e-07   1.7316083e-07  -3.8727959e-03   6.0379216e-04  -3.8755360e-10  -1.5949830e-01  -1.6217974e-01   4.3347980e-02   2.7116920e-02   1.7316083e-07  -9.1445231e-09
  -1.5949830e-01  -1.6217974e-01   4.3347980e-02   2.7116920e-02   1.7316083e-07  -9.1445231e-09  -3.8929933e-03   2.1458181e-04   7.3739248e-09  -1.6217974e-01  -1.6320689e-01   2.7116920e-02   1.0799658e-02  -9.1445231e-09   1.7399148e-07
  -1.6217974e-01  -1.6320689e-01   2.7116920e-02   1.0799658e-02  -9.1445231e-09   1.7399148e-07  -3.8739423e-03  -1.7247138e-04  -6.9929109e-09  -1.6320689e-01  -1.6258657e-01   1.0799658e-02  -5.4452803e-03   1.7399148e-07  -1.6500127e-07
  -1.6320689e-01  -1.6258657e-01   1.0799658e-02  -5.4452803e-03   1.7399148e-07  -1.6500127e-07  -3.8162652e-03  -5.5369986e-04  -7.0067909e-09  -1.6258657e-01  -1.6034315e-01  -5.4452803e-03  -2.1463669e-02  -1.6500127e-07  -1.6532878e-07
  -1.6258657e-01  -1.6034315e-01  -5.4452803e-03  -2.1463669e-02  -1.6500127e-07  -1.6532878e-07  -3.7209857e-03  -9.2547462e-04  -7.1775818e-09  -1.6034315e-01  -1.5651793e-01  -2.1463669e-02  -3.7102932e-02  -1.6532878e-07  -1.6935867e-07
  -1.6034315e-01  -1.5651793e-01  -2.1463669e-02  -3.7102932e-02  -1.6532878e-07  -1.6935867e-07  -3.5895070e-03  -1.2842989e-03   3.8490565e-10  -1.5651793e-01  -1.5116817e-01  -3.7102932e-02  -5.2215704e-02  -1.6935867e-07   9.0820434e-09
  -1.5651793e-01  -1.5116817e-01  -3.7102932e-02  -5.2215704e-02  -1.6935867e-07   9.0820434e-09  -3.4236035e-03  -1.6268210e-03  -3.3396809e-10  -1.5116817e-01  -1.4436676e-01  -5.2215704e-02  -6.6660608e-02   9.0820434e-09  -7.8801461e-09
  -1.5116817e-01  -1.4436676e-01  -5.2215704e-02  -6.6660608e-02   9.0820434e-09  -7.8801461e-09  -3.2253727e-03  -1.9498643e-03  -7.1663692e-09  -1.4436676e-01  -1.3620025e-01  -6.6660608e-02  -8.0303377e-02  -7.8801461e-09  -1.6909410e-07
  -1.4436676e-01  -1.3620025e-01  -6.6660608e-02  -8.0303377e-02  -7.8801461e-09  -1.6909410e-07  -2.9971995e-03  -2.2504332e-03   7.0672928e-09  -1.3620025e-01  -1.2676733e-01  -8.0303377e-02  -9.3017252e-02  -1.6909410e-07   1.6675635e-07
  -1.3620025e-01  -1.2676733e-01  -8.0303377e-02  -9.3017252e-02  -1.6909410e-07   1.6675635e-07  -2.7417477e-03  -2.5257699e-03   7.0039072e-09  -1.2676733e-01  -1.1617844e-01  -9.3017252e-02  -1.0468538e-01   1.6675635e-07   1.6526073e-07
  -1.2676733e-01  -1.1617844e-01  -9.3017252e-02  -1.0468538e-01   1.6675635e-07   1.6526073e-07  -2.4618994e-03  -2.7733639e-03  -1.7360737e-10  -1.1617844e-01  -1.0455339e-01  -1.0468538e-01  -1.1520101e-01   1.6526073e-07  -4.0963536e-09
  -1.1617844e-01  -1.0455339e-01  -1.0468538e-01  -1.1520101e-01   1.6526073e-07  -4.0963536e-09  -2.1607338e-03  -2.9909760e-03  -7.5865338e-10  -1.0455339e-01  -9.2020335e-02  -1.1520101e-01  -1.2446881e-01  -4.0963536e-09  -1.7900810e-08
  -1.0455339e-01  -9.2020335e-02  -1.1520101e-01  -1.2446881e-01  -4.0963536e-09  -1.7900810e-08  -1.8414662e-03  -3.1767337e-03  -7.3613962e-09  -9.2020335e-02  -7.8713228e-02  -1.2446881e-01  -1.3240875e-01  -1.7900810e-08  -1.7369587e-07
  -9.2020335e-02  -7.8713228e-02  -1.2446881e-01  -1.3240875e-01  -1.7900810e-08  -1.7369587e-07  -1.5074497e-03  -3.3289981e-03   7.1200005e-09  -7.8713228e-02  -6.4772048e-02  -1.3240875e-01  -1.3895049e-01  -1.7369587e-07   1.6800001e-07
  -7.8713228e-02  -6.4772048e-02  -1.3240875e-01  -1.3895049e-01  -1.7369587e-07   1.6800001e-07  -1.1621290e-03  -3.4465122e-03  -3.0440460e-09  -6.4772048e-02  -5.0340636e-02  -1.3895049e-01  -1.4403973e-01   1.6800001e-07  -7.1825805e-08
  -6.4772048e-02  -5.0340636e-02  -1.3895049e-01  -1.4403973e-01   1.6800001e-07  -7.1825805e-08  -8.0897985e-04  -3.5284143e-03  -7.2955994e-10  -5.0340636e-02  -3.5564480e-02  -1.4403973e-01  -1.4763864e-01  -7.1825805e-08  -1.7214336e-08
  -5.0340636e-02  -3.5564480e-02  -1.4403973e-01  -1.4763864e-01  -7.1825805e-08  -1.7214336e-08  -4.5153288e-04  -3.5741758e-03  -7.4085594e-09  -3.5564480e-02  -2.0591361e-02  -1.4763864e-01  -1.4972346e-01  -1.7214336e-08  -1.7480871e-07
  -3.5564480e-02  -2.0591361e-02  -1.4763864e-01  -1.4972346e-01  -1.7214336e-08  -1.7480871e-07  -9.3264981e-05  -3.5837064e-03   7.0232247e-09  -2.0591361e-02  -5.5671022e-03  -1.4972346e-01  -1.5028875e-01  -1.7480871e-07   1.6571654e-07
  -2.0591361e-02  -5.5671022e-03  -1.4972346e-01  -1.5028875e-01  -1.7480871e-07   1.6571654e-07   2.6231889e-04   3.5543214e-03  -1.9268360e-09  -5.5671022e-03   9.3612309e-03  -1.5028875e-01   1.4934285e-01   1.6571654e-07  -4.5464669e-08
  -5.5671022e-03   9.3612309e-03  -1.5028875e-01   1.4934285e-01   1.6571654e-07  -4.5464669e-08   5.3346245e-04   3.5003435e-03  -1.0680312e-10   9.3612309e-03   2.4051186e-02   1.4934285e-01   1.4691126e-01  -4.5464669e-08  -2.5200735e-09
   9.3612309e-03   2.4051186e-02   1.4934285e-01   1.4691126e-01  -4.5464669e-08  -2.5200735e-09   8.7485147e-04   3.4118729e-03   3.1988961e-09   2.4051186e-02   3.8362724e-02   1.4691126e-01   1.4303362e-01  -2.5200735e-09   7.5479570e-08
   2.4051186e-02   3.8362724e-02   1.4691126e-01   1.4303362e-01  -2.5200735e-09   7.5479570e-08   1.2043457e-03   3.2902301e-03   8.0126564e-10   3.8362724e-02   5.2158739e-02   1.4303362e-01   1.3776691e-01   7.5479570e-08   1.8906268e-08
   3.8362724e-02   5.2158739e-02   1.4303362e-01   1.3776691e-01   7.5479570e-08   1.8906268e-08   1.5189347e-03   3.1368692e-03  -7.3645554e-09   5.2158739e-02   6.5313445e-02   1.3776691e-01   1.3117372e-01   1.8906268e-08  -1.7377041e-07
   5.2158739e-02   6.5313445e-02   1.3776691e-01   1.3117372e-01   1.8906268e-08  -1.7377041e-07   1.8155635e-03   2.9538455e-03  -7.2285069e-09   6.5313445e-02   7.7699219e-02   1.3117372e-01   1.2334175e-01  -1.7377041e-07  -1.7056027e-07
   6.5313445e-02   7.7699219e-02   1.3117372e-01   1.2334175e-01  -1.7377041e-07  -1.7056027e-07   2.0915016e-03   2.7432772e-03  -7.1621977e-09   7.7699219e-02   8.9202309e-02   1.2334175e-01   1.1436139e-01  -1.7056027e-07  -1.6899568e-07
   7.7699219e-02   8.9202309e-02   1.2334175e-01   1.1436139e-01  -1.7056027e-07  -1.6899568e-07   2.3441928e-03   2.5075729e-03  -5.2354063e-11   8.9202309e-02   9.9716374e-02   1.1436139e-01   1.0433504e-01  -1.6899568e-07  -1.2353206e-09
   8.9202309e-02   9.9716374e-02   1.1436139e-01   1.0433504e-01  -1.6899568e-07  -1.2353206e-09   2.5713104e-03   2.2493938e-03  -1.5774749e-09   9.9716374e-02   1.0914481e-01   1.0433504e-01   9.3375664e-02  -1.2353206e-09  -3.7221319e-08
   9.9716374e-02   1.0914481e-01   1.0433504e-01   9.3375664e-02  -1.2353206e-09  -3.7221319e-08   2.7707990e-03   1.9715165e-03  -6.1469379e-09   1.0914481e-01   1.1740256e-01   9.3375664e-02   8.1600912e-02  -3.7221319e-08  -1.4504011e-07
   1.0914481e-01   1.1740256e-01   9.3375664e-02   8.1600912e-02  -3.7221319e-08  -1.4504011e-07   2.9408848e-03   1.6769146e-03   3.8749717e-09   1.1740256e-01   1.2441641e-01   8.1600912e-02   6.9136624e-02  -1.4504011e-07   9.1431916e-08
   1.1740256e-01   1.2441641e-01   8.1600912e-02   6.9136624e-02  -1.4504011e-07   9.1431916e-08   3.0800430e-03   1.3685961e-03  -1.7353659e-09   1.2441641e-01   1.3012369e-01   6.9136624e-02   5.6109977e-02   9.1431916e-08  -4.0946836e-08
   1.2441641e-01   1.3012369e-01   6.9136624e-02   5.6109977e-02   9.1431916e-08  -4.0946836e-08   3.1872280e-03   1.0498449e-03  -6.8044701e-09   1.3012369e-01   1.3448191e-01   5.6109977e-02   4.2659519e-02  -4.0946836e-08  -1.6055491e-07
   1.3012369e-01   1.3448191e-01   5.6109977e-02   4.2659519e-02  -4.0946836e-08  -1.6055491e-07   3.2615307e-03   7.2377969e-04   5.0427487e-09   1.3448191e-01   1.3745440e-01   4.2659519e-02   2.8916739e-02  -1.6055491e-07   1.1898621e-07
   1.3448191e-01   1.3745440e-01   4.2659519e-02   2.8916739e-02  -1.6055491e-07   1.1898621e-07   3.3025196e-03   3.9367447e-04  -7.1890942e-09   1.3745440e-01   1.3902448e-01   2.8916739e-02   1.5019593e-02   1.1898621e-07  -1.6963031e-07
   1.3745440e-01   1.3902448e-01   2.8916739e-02   1.5019593e-02   1.1898621e-07  -1.6963031e-07   3.3100684e-03   6.2775449e-05   1.1007113e-10   1.3902448e-01   1.3918839e-01   1.5019593e-02   1.1045006e-03  -1.6963031e-07   2.5971840e-09
   1.3902448e-01   1.3918839e-01   1.5019593e-02   1.1045006e-03  -1.6963031e-07   2.5971840e-09   3.2844265e-03  -2.6568420e-04   2.5929918e-09   1.3918839e-01   1.3795808e-01   1.1045006e-03  -1.2692592e-02   2.5971840e-09   6.1182952e-08
   1.3918839e-01   1.3795808e-01   1.1045006e-03  -1.2692592e-02   2.5971840e-09   6.1182952e-08   3.2261504e-03  -5.8856476e-04   7.3612765e-09   1.3795808e-01   1.3535845e-01  -1.2692592e-02  -2.6240011e-02   6.1182952e-08   1.7369304e-07
   1.3795808e-01   1.3535845e-01  -1.2692592e-02  -2.6240011e-02   6.1182952e-08   1.7369304e-07   3.1361578e-03  -9.0275660e-04  -7.2301045e-09   1.3535845e-01   1.3142947e-01  -2.6240011e-02  -3.9407409e-02   1.7369304e-07  -1.7059797e-07
   1.3535845e-01   1.3142947e-01  -2.6240011e-02  -3.9407409e-02   1.7369304e-07  -1.7059797e-07   3.0156602e-03  -1.2052613e-03  -4.7142360e-10   1.3142947e-01   1.2622345e-01  -3.9407409e-02  -5.2069344e-02  -1.7059797e-07  -1.1123478e-08
   1.3142947e-01   1.2622345e-01  -3.9407409e-02  -5.2069344e-02  -1.7059797e-07  -1.1123478e-08   2.8662376e-03  -1.4932356e-03   3.5846087e-09   1.2622345e-01   1.1980818e-01  -5.2069344e-02  -6.4106879e-02  -1.1123478e-08   8.4580654e-08
   1.2622345e-01   1.1980818e-01  -5.2069344e-02  -6.4106879e-02  -1.1123478e-08   8.4580654e-08   2.6896349e-03  -1.7639439e-03   6.1254200e-09   1.1980818e-01   1.1225821e-01  -6.4106879e-02  -7.5405923e-02   8.4580654e-08   1.4453238e-07
   1.1980818e-01   1.1225821e-01  -6.4106879e-02  -7.5405923e-02   8.4580654e-08   1.4453238e-07   2.4879163e-03  -2.0148541e-03   7.3243784e-09   1.1225821e-01   1.0366152e-01  -7.5405923e-02  -8.5860946e-02   1.4453238e-07   1.7282241e-07
   1.1225821e-01   1.0366152e-01  -7.5405923e-02  -8.5860946e-02   1.4453238e-07   1.7282241e-07   2.2633722e-03  -2.2436394e-03  -7.3469710e-09   1.0366152e-01   9.4115455e-02  -8.5860946e-02  -9.5375191e-02   1.7282241e-07  -1.7335550e-07
   1.0366152e-01   9.4115455e-02  -8.5860946e-02  -9.5375191e-02   1.7282241e-07  -1.7335550e-07   2.0184695e-03  -2.4481900e-03   7.1094129e-09   9.4115455e-02   8.3724670e-02  -9.5375191e-02  -1.0386114e-01  -1.7335550e-07   1.6775019e-07
   9.4115455e-02   8.3724670e-02  -9.5375191e-02  -1.0386114e-01  -1.7335550e-07   1.6775019e-07   1.7558267e-03  -2.6266391e-03  -3.0646601e-10   8.3724670e-02   7.2600184e-02  -1.0386114e-01  -1.1124148e-01   1.6775019e-07  -7.2312205e-09
   8.3724670e-02   7.2600184e-02  -1.0386114e-01  -1.1124148e-01   1.6775019e-07  -7.2312205e-09   1.4782696e-03  -2.7774304e-03   1.5953248e-09   7.2600184e-02   6.0861442e-02  -1.1124148e-01  -1.1745213e-01  -7.2312205e-09   3.7642496e-08
   7.2600184e-02   6.0861442e-02  -1.1124148e-01  -1.1745213e-01  -7.2312205e-09   3.7642496e-08   1.1885501e-03  -2.8991716e-03  -7.3341925e-09   6.0861442e-02   4.8624783e-02  -1.1745213e-01  -1.2243590e-01   3.7642496e-08  -1.7305398e-07
   6.0861442e-02   4.8624783e-02  -1.1745213e-01  -1.2243590e-01   3.7642496e-08  -1.7305398e-07   8.8974034e-04  -2.9909461e-03  -7.3470629e-09   4.8624783e-02   3.6019834e-02  -1.2243590e-01  -1.2615559e-01  -1.7305398e-07  -1.7335766e-07
   4.8624783e-02   3.6019834e-02  -1.2243590e-01  -1.2615559e-01  -1.7305398e-07  -1.7335766e-07   5.8481684e-04  -3.0520444e-03   3.2805556e-09   3.6019834e-02   2.3172056e-02  -1.2615559e-01  -1.2858281e-01  -1.7335766e-07   7.7406367e-08
   3.6019834e-02   2.3172056e-02  -1.2615559e-01  -1.2858281e-01  -1.7335766e-07   7.7406367e-08   2.7677743e-04  -3.0820698e-03  -6.8119256e-11   2.3172056e-02   1.0207677e-02  -1.2858281e-01  -1.2970229e-01   7.7406367e-08  -1.6073083e-09
   2.3172056e-02   1.0207677e-02  -1.2858281e-01  -1.2970229e-01   7.7406367e-08  -1.6073083e-09  -3.1293973e-05   3.0863770e-03   2.7399177e-09   1.0207677e-02  -2.7436662e-03  -1.2970229e-01   1.2951535e-01  -1.6073083e-09   6.4649743e-08
   1.0207677e-02  -2.7436662e-03  -1.2970229e-01   1.2951535e-01  -1.6073083e-09   6.4649743e-08  -4.0441019e-04   3.0477224e-03   1.4618403e-09  -2.7436662e-03  -1.5557975e-02   1.2951535e-01   1.2803457e-01   6.4649743e-08   3.4492861e-08
  -2.7436662e-03  -1.5557975e-02   1.2951535e-01   1.2803457e-01   6.4649743e-08   3.4492861e-08  -7.0287590e-04   2.9789035e-03   7.3892509e-09  -1.5557975e-02  -2.8109850e-02   1.2803457e-01   1.2528539e-01   3.4492861e-08   1.7435311e-07
  -1.5557975e-02  -2.8109850e-02   1.2803457e-01   1.2528539e-01   3.4492861e-08   1.7435311e-07  -9.9191944e-04   2.8809203e-03   7.3512842e-09  -2.8109850e-02  -4.0279989e-02   1.2528539e-01   1.2130842e-01   1.7435311e-07   1.7345727e-07
  -2.8109850e-02  -4.0279989e-02   1.2528539e-01   1.2130842e-01   1.7435311e-07   1.7345727e-07  -1.2687592e-03   2.7550094e-03   2.0221429e-09  -4.0279989e-02  -5.1951083e-02   1.2130842e-01   1.1615427e-01   1.7345727e-07   4.7713485e-08
  -4.0279989e-02  -5.1951083e-02   1.2130842e-01   1.1615427e-01   1.7345727e-07   4.7713485e-08  -1.5308358e-03   2.6027469e-03   4.2526717e-09  -5.1951083e-02  -6.3015089e-02   1.1615427e-01   1.0988787e-01   4.7713485e-08   1.0034394e-07
  -5.1951083e-02  -6.3015089e-02   1.1615427e-01   1.0988787e-01   4.7713485e-08   1.0034394e-07  -1.7755852e-03   2.4258480e-03  -7.3340844e-09  -6.3015089e-02  -7.3363624e-02   1.0988787e-01   1.0258004e-01   1.0034394e-07  -1.7305143e-07
  -6.3015089e-02  -7.3363624e-02   1.0988787e-01   1.0258004e-01   1.0034394e-07  -1.7305143e-07  -2.0007788e-03   2.2263628e-03  -2.1158004e-09  -7.3363624e-02  -8.2902263e-02   1.0258004e-01   9.4315715e-02  -1.7305143e-07  -4.9923379e-08
  -7.3363624e-02  -8.2902263e-02   1.0258004e-01   9.4315715e-02  -1.7305143e-07  -4.9923379e-08  -2.2043043e-03   2.0064856e-03  -9.4964020e-10  -8.2902263e-02  -9.1541417e-02   9.4315715e-02   8.5185981e-02  -4.9923379e-08  -2.2407241e-08
  -8.2902263e-02  -9.1541417e-02   9.4315715e-02   8.5185981e-02  -4.9923379e-08  -2.2407241e-08  -2.3843085e-03   1.7686053e-03  -1.9023000e-09  -9.1541417e-02  -9.9202205e-02   8.5185981e-02   7.5290211e-02  -2.2407241e-08  -4.4885730e-08
  -9.1541417e-02  -9.9202205e-02   8.5185981e-02   7.5290211e-02  -2.2407241e-08  -4.4885730e-08  -2.5391198e-03   1.5152304e-03  -7.3928439e-09  -9.9202205e-02  -1.0581333e-01   7.5290211e-02   6.4732890e-02  -4.4885730e-08  -1.7443789e-07
  -9.9202205e-02  -1.0581333e-01   7.5290211e-02   6.4732890e-02  -4.4885730e-08  -1.7443789e-07  -2.6674058e-03   1.2490255e-03  -7.2811817e-09  -1.0581333e-01  -1.1131768e-01   6.4732890e-02   5.3625147e-02  -1.7443789e-07  -1.7180316e-07
  -1.0581333e-01  -1.1131768e-01   6.4732890e-02   5.3625147e-02  -1.7443789e-07  -1.7180316e-07  -2.7680559e-03   9.7272187e-04   7.2676041e-09  -1.1131768e-01  -1.1566739e-01   5.3625147e-02   4.2081054e-02  -1.7180316e-07   1.7148279e-07
  -1.1131768e-01  -1.1566739e-01   5.3625147e-02   4.2081054e-02  -1.7180316e-07   1.7148279e-07  -2.8402584e-03   6.8912375e-04  -7.2593466e-09  -1.1566739e-01  -1.1882713e-01   4.2081054e-02   3.0217837e-02   1.7148279e-07  -1.7128795e-07
  -1.1566739e-01  -1.1882713e-01   4.2081054e-02   3.0217837e-02   1.7148279e-07  -1.7128795e-07  -2.8834675e-03   4.0106701e-04  -8.6733379e-10  -1.1882713e-01  -1.2077263e-01   3.0217837e-02   1.8154305e-02  -1.7128795e-07  -2.0465179e-08
  -1.1882713e-01  -1.2077263e-01   3.0217837e-02   1.8154305e-02  -1.7128795e-07  -2.0465179e-08  -2.8975642e-03   1.1142238e-04  -9.6345152e-10  -1.2077263e-01  -1.2149764e-01   1.8154305e-02   6.0106564e-03  -2.0465179e-08  -2.2733126e-08
  -1.2077263e-01  -1.2149764e-01   1.8154305e-02   6.0106564e-03  -2.0465179e-08  -2.2733126e-08  -2.8825509e-03  -1.7696641e-04  -2.0988584e-10  -1.2149764e-01  -1.2100090e-01   6.0106564e-03  -6.0936830e-03  -2.2733126e-08  -4.9523624e-09
  -1.2149764e-01  -1.2100090e-01   6.0106564e-03  -6.0936830e-03  -2.2733126e-08  -4.9523624e-09  -2.8388129e-03  -4.6131159e-04  -5.7237164e-09  -1.2100090e-01  -1.1929729e-01  -6.0936830e-03  -1.8041656e-02  -4.9523624e-09  -1.3505398e-07
  -1.2100090e-01  -1.1929729e-01  -6.0936830e-03  -1.8041656e-02  -4.9523624e-09  -1.3505398e-07  -2.7671192e-03  -7.3887166e-04   1.5412132e-09  -1.1929729e-01  -1.1641783e-01  -1.8041656e-02  -2.9717941e-02  -1.3505398e-07   3.6365705e-08
  -1.1929729e-01  -1.1641783e-01  -1.8041656e-02  -2.9717941e-02  -1.3505398e-07   3.6365705e-08  -2.6682581e-03  -1.0069190e-03  -1.1251966e-09  -1.1641783e-01  -1.1239433e-01  -2.9717941e-02  -4.1007677e-02   3.6365705e-08  -2.6549582e-08
  -1.1641783e-01  -1.1239433e-01  -2.9717941e-02  -4.1007677e-02   3.6365705e-08  -2.6549582e-08  -2.5436091e-03  -1.2629384e-03  -6.4562730e-10  -1.1239433e-01  -1.0728349e-01  -4.1007677e-02  -5.1804826e-02  -2.6549582e-08  -1.5233903e-08
  -1.1239433e-01  -1.0728349e-01  -4.1007677e-02  -5.1804826e-02  -2.6549582e-08  -1.5233903e-08  -2.3946392e-03  -1.5045134e-03  -1.2894734e-09  -1.0728349e-01  -1.0114574e-01  -5.1804826e-02  -6.2007297e-02  -1.5233903e-08  -3.0425776e-08
  -1.0728349e-01  -1.0114574e-01  -5.1804826e-02  -6.2007297e-02  -1.5233903e-08  -3.0425776e-08  -2.2230177e-03  -1.7293270e-03  -7.2012457e-09  -1.0114574e-01  -9.4050063e-02  -6.2007297e-02  -7.1517106e-02  -3.0425776e-08  -1.6991703e-07
  -1.0114574e-01  -9.4050063e-02  -6.2007297e-02  -7.1517106e-02  -3.0425776e-08  -1.6991703e-07  -2.0306876e-03  -1.9353484e-03   3.1223600e-09  -9.4050063e-02  -8.6077007e-02  -7.1517106e-02  -8.0248187e-02  -1.6991703e-07   7.3673663e-08
  -9.4050063e-02  -8.6077007e-02  -7.1517106e-02  -8.0248187e-02  -1.6991703e-07   7.3673663e-08  -1.8197157e-03  -2.1204566e-03   1.8997624e-09  -8.6077007e-02  -7.7312389e-02  -8.0248187e-02  -8.8110612e-02   7.3673663e-08   4.4825855e-08
  -8.6077007e-02  -7.7312389e-02  -8.0248187e-02  -8.8110612e-02   7.3673663e-08   4.4825855e-08  -1.5924000e-03  -2.2831460e-03  -7.3004464e-09  -7.7312389e-02  -6.7851775e-02  -8.8110612e-02  -9.5040153e-02   4.4825855e-08  -1.7225772e-07
  -7.7312389e-02  -6.7851775e-02  -8.8110612e-02  -9.5040153e-02   4.4825855e-08  -1.7225772e-07  -1.3511225e-03  -2.4218805e-03   7.3307014e-09  -6.7851775e-02  -5.7794502e-02  -9.5040153e-02  -1.0097125e-01  -1.7225772e-07   1.7297161e-07
  -6.7851775e-02  -5.7794502e-02  -9.5040153e-02  -1.0097125e-01  -1.7225772e-07   1.7297161e-07  -1.0983889e-03  -2.5354290e-03  -7.2904941e-09  -5.7794502e-02  -4.7245025e-02  -1.0097125e-01  -1.0585113e-01   1.7297161e-07  -1.7202289e-07
  -5.7794502e-02  -4.7245025e-02  -1.0097125e-01  -1.0585113e-01   1.7297161e-07  -1.7202289e-07  -8.3678429e-04  -2.6228251e-03  -7.3078295e-09  -4.7245025e-02  -3.6311434e-02  -1.0585113e-01  -1.0963801e-01  -1.7202289e-07  -1.7243193e-07
  -4.7245025e-02  -3.6311434e-02  -1.0585113e-01  -1.0963801e-01  -1.7202289e-07  -1.7243193e-07  -5.6896227e-04  -2.6833620e-03  -9.6323851e-10  -3.6311434e-02  -2.5104641e-02  -1.0963801e-01  -1.1230105e-01  -1.7243193e-07  -2.2728100e-08
