   0.0000000e+00  -2.2204460e-16   0.0000000e+00
  -5.3742802e-02  -4.8661800e-03   1.0204082e-02
  -9.9808061e-02  -1.4598540e-02   2.0408163e-02
  -1.5355086e-01  -2.9197080e-02   3.0612245e-02
  -2.2264875e-01  -6.8126521e-02   4.0816327e-02
  -2.6487524e-01  -1.2165450e-01   5.1020408e-02
  -2.9558541e-01  -1.9464720e-01   6.1224490e-02
  -3.0710173e-01  -2.8223844e-01   7.1428571e-02
  -3.1094050e-01  -3.6982968e-01   8.1632653e-02
  -3.1861804e-01  -4.4768856e-01   9.1836735e-02
  -3.1861804e-01  -5.3527981e-01   1.0204082e-01
  -2.9558541e-01  -6.1313869e-01   1.1224490e-01
  -2.5335893e-01  -6.8126521e-01   1.2244898e-01
  -2.2648752e-01  -7.2019465e-01   1.3265306e-01
  -2.0345489e-01  -7.4452555e-01   1.4285714e-01
  -1.6890595e-01  -7.6399027e-01   1.5306122e-01
  -1.2667946e-01  -7.8345499e-01   1.6326531e-01
  -8.0614203e-02  -7.9805353e-01   1.7346939e-01
  -4.9904031e-02  -7.9805353e-01   1.8367347e-01
   7.6775432e-03  -8.0778589e-01   1.9387755e-01
   6.5259117e-02  -8.1265207e-01   2.0408163e-01
   1.3051823e-01  -8.0778589e-01   2.1428571e-01
   1.8426104e-01  -7.8345499e-01   2.2448980e-01
   2.3416507e-01  -7.3479319e-01   2.3469388e-01
   2.6871401e-01  -6.6666667e-01   2.4489796e-01
   2.9174664e-01  -5.9854015e-01   2.5510204e-01
   3.0326296e-01  -5.2068127e-01   2.6530612e-01
   3.1094050e-01  -4.6715328e-01   2.7551020e-01
   3.1094050e-01  -3.8929440e-01   2.8571429e-01
   3.1477927e-01  -3.1630170e-01   2.9591837e-01
   3.1477927e-01  -2.3844282e-01   3.0612245e-01
   3.0710173e-01  -1.6545012e-01   3.1632653e-01
   2.9942418e-01  -6.8126521e-02   3.2653061e-01
   2.9942418e-01   4.8661800e-03   3.3673469e-01
   2.9174664e-01   6.8126521e-02   3.4693878e-01
   2.8023033e-01   1.3138686e-01   3.5714286e-01
   2.6871401e-01   2.2384428e-01   3.6734694e-01
   2.6103647e-01   2.8223844e-01   3.7755102e-01
   2.4568138e-01   3.2603406e-01   3.8775510e-01
   2.2648752e-01   3.9902676e-01   3.9795918e-01
   1.9577735e-01   4.4768856e-01   4.0816327e-01
   1.6506718e-01   4.9148418e-01   4.1836735e-01
   1.2284069e-01   4.9148418e-01   4.2857143e-01
   7.2936660e-02   4.9148418e-01   4.3877551e-01
   3.8387716e-02   4.5742092e-01   4.4897959e-01
   3.8387716e-03   4.1362530e-01   4.5918367e-01
  -2.6871401e-02   3.7469586e-01   4.6938776e-01
  -5.3742802e-02   3.5036496e-01   4.7959184e-01
  -8.8291747e-02   3.1143552e-01   4.8979592e-01
  -1.2284069e-01   2.8710462e-01   5.0000000e-01
  -1.5355086e-01   2.5304136e-01   5.1020408e-01
  -1.9193858e-01   2.1411192e-01   5.2040816e-01
  -2.2648752e-01   1.7518248e-01   5.3061224e-01
  -2.6103647e-01   1.3138686e-01   5.4081633e-01
  -2.8790787e-01   8.2725061e-02   5.5102041e-01
  -3.1861804e-01   4.3795620e-02   5.6122449e-01
  -3.4932821e-01  -2.4330900e-02   5.7142857e-01
  -3.7236084e-01  -7.7858881e-02   5.8163265e-01
  -4.0690979e-01  -1.3138686e-01   5.9183673e-01
  -4.3761996e-01  -1.9951338e-01   6.0204082e-01
  -4.7600768e-01  -2.6277372e-01   6.1224490e-01
  -5.0287908e-01  -3.2116788e-01   6.2244898e-01
  -5.5278311e-01  -3.7956204e-01   6.3265306e-01
  -5.8349328e-01  -4.3795620e-01   6.4285714e-01
  -6.1036468e-01  -4.7688564e-01   6.5306122e-01
  -6.3723608e-01  -5.2068127e-01   6.6326531e-01
  -6.8714012e-01  -5.4501217e-01   6.7346939e-01
  -7.4088292e-01  -5.6934307e-01   6.8367347e-01
  -7.7543186e-01  -6.0827251e-01   6.9387755e-01
  -8.1765835e-01  -5.9854015e-01   7.0408163e-01
  -8.5220729e-01  -5.1581509e-01   7.1428571e-01
  -8.6372361e-01  -4.2335766e-01   7.2448980e-01
  -8.5988484e-01  -3.6982968e-01   7.3469388e-01
  -8.4452975e-01  -3.1143552e-01   7.4489796e-01
  -8.1765835e-01  -2.6277372e-01   7.5510204e-01
  -7.8694818e-01  -2.1411192e-01   7.6530612e-01
  -7.4088292e-01  -1.8491484e-01   7.7551020e-01
  -7.0633397e-01  -1.4598540e-01   7.8571429e-01
  -6.6026871e-01  -6.8126521e-02   7.9591837e-01
  -6.2188100e-01  -9.7323601e-03   8.0612245e-01
  -6.0652591e-01   8.2725061e-02   8.1632653e-01
  -5.8349328e-01   1.6058394e-01   8.2653061e-01
  -5.8349328e-01   2.0924574e-01   8.3673469e-01
  -5.7581574e-01   2.6763990e-01   8.4693878e-01
  -5.7581574e-01   3.3090024e-01   8.5714286e-01
  -5.8733205e-01   4.2822384e-01   8.6734694e-01
  -5.7965451e-01   5.0121655e-01   8.7755102e-01
  -5.5278311e-01   5.6447689e-01   8.8775510e-01
  -5.1055662e-01   6.2773723e-01   8.9795918e-01
  -4.6065259e-01   6.5693431e-01   9.0816327e-01
  -3.8771593e-01   6.7153285e-01   9.1836735e-01
  -3.3013436e-01   6.7639903e-01   9.2857143e-01
  -2.9558541e-01   6.8126521e-01   9.3877551e-01
  -2.3800384e-01   6.8126521e-01   9.4897959e-01
  -1.3819578e-01   6.8126521e-01   9.5918367e-01
  -6.1420345e-02   6.8126521e-01   9.6938776e-01
  -7.6775432e-03   6.7153285e-01   9.7959184e-01
   4.6065259e-02   6.6666667e-01   9.8979592e-01
   1.1516315e-01   6.4720195e-01   1.0000000e+00
