   0.0000000e+00   0.0000000e+00   0.0000000e+00   0.0000000e+00   1.3345027e+00   2.7286003e+00   0.0000000e+00   1.3345027e+00   0.0000000e+00   3.0014603e+00
   0.0000000e+00   1.3345027e+00   0.0000000e+00   3.0014603e+00   8.7235599e-01   1.5231501e+00   4.0035080e-01   8.7272141e-01   6.0029206e-01   1.6754638e+00
   4.0035080e-01   8.7272141e-01   6.0029206e-01   1.6754638e+00   8.4042826e-01   1.4548324e+00   3.9995606e-01   8.7364909e-01   5.9998813e-01   1.6765091e+00
   3.9995606e-01   8.7364909e-01   5.9998813e-01   1.6765091e+00   8.4008688e-01   1.4548971e+00   3.9999964e-01   8.7356392e-01   6.0000000e-01   1.6764194e+00
   3.9999964e-01   8.7356392e-01   6.0000000e-01   1.6764194e+00   8.3972501e-01   1.4549413e+00   4.0000000e-01   8.7356322e-01   5.9998975e-01   1.6764687e+00
   4.0000000e-01   8.7356322e-01   5.9998975e-01   1.6764687e+00   8.3937495e-01   1.4549631e+00   4.0000000e-01   8.7356316e-01   5.9999298e-01   1.6764760e+00
   4.0000000e-01   8.7356316e-01   5.9999298e-01   1.6764760e+00   8.3902459e-01   1.4549734e+00   3.9999998e-01   8.7356324e-01   5.9999653e-01   1.6764737e+00
   3.9999998e-01   8.7356324e-01   5.9999653e-01   1.6764737e+00   8.3867430e-01   1.4549827e+00   4.0000000e-01   8.7356327e-01   5.9999836e-01   1.6764684e+00
   4.0000000e-01   8.7356327e-01   5.9999836e-01   1.6764684e+00   8.3832415e-01   1.4549961e+00   4.0000001e-01   8.7356318e-01   5.9999850e-01   1.6764647e+00
   4.0000001e-01   8.7356318e-01   5.9999850e-01   1.6764647e+00   8.3797438e-01   1.4550141e+00   4.0000000e-01   8.7356311e-01   5.9999786e-01   1.6764631e+00
   4.0000000e-01   8.7356311e-01   5.9999786e-01   1.6764631e+00   8.3762527e-01   1.4550358e+00   3.9999997e-01   8.7356331e-01   5.9999711e-01   1.6764626e+00
   3.9999997e-01   8.7356331e-01   5.9999711e-01   1.6764626e+00   8.3727625e-01   1.4550601e+00   4.0000001e-01   8.7356322e-01   5.9999653e-01   1.6764623e+00
   4.0000001e-01   8.7356322e-01   5.9999653e-01   1.6764623e+00   8.3692771e-01   1.4550865e+00   4.0000000e-01   8.7356325e-01   5.9999610e-01   1.6764620e+00
   4.0000000e-01   8.7356325e-01   5.9999610e-01   1.6764620e+00   8.3657943e-01   1.4551151e+00   4.0000001e-01   8.7356318e-01   5.9999574e-01   1.6764614e+00
   4.0000001e-01   8.7356318e-01   5.9999574e-01   1.6764614e+00   8.3623162e-01   1.4551458e+00   4.0000000e-01   8.7356321e-01   5.9999539e-01   1.6764607e+00
   4.0000000e-01   8.7356321e-01   5.9999539e-01   1.6764607e+00   8.3588419e-01   1.4551789e+00   3.9999999e-01   8.7356325e-01   5.9999503e-01   1.6764600e+00
   3.9999999e-01   8.7356325e-01   5.9999503e-01   1.6764600e+00   8.3553707e-01   1.4552142e+00   4.0000001e-01   8.7356321e-01   5.9999465e-01   1.6764593e+00
   4.0000001e-01   8.7356321e-01   5.9999465e-01   1.6764593e+00   8.3519037e-01   1.4552519e+00   4.0000000e-01   8.7356322e-01   5.9999427e-01   1.6764586e+00
   4.0000000e-01   8.7356322e-01   5.9999427e-01   1.6764586e+00   8.3484408e-01   1.4552920e+00   4.0000000e-01   8.7356325e-01   5.9999388e-01   1.6764579e+00
   4.0000000e-01   8.7356325e-01   5.9999388e-01   1.6764579e+00   8.3449817e-01   1.4553343e+00   4.0000001e-01   8.7356325e-01   5.9999349e-01   1.6764572e+00
   4.0000001e-01   8.7356325e-01   5.9999349e-01   1.6764572e+00   8.3415269e-01   1.4553790e+00   4.0000002e-01   8.7356330e-01   5.9999310e-01   1.6764565e+00
   4.0000002e-01   8.7356330e-01   5.9999310e-01   1.6764565e+00   8.3380746e-01   1.4554260e+00   4.0000003e-01   8.7356316e-01   5.9999271e-01   1.6764558e+00
   4.0000003e-01   8.7356316e-01   5.9999271e-01   1.6764558e+00   8.3346283e-01   1.4554753e+00   4.0000000e-01   8.7356324e-01   5.9999232e-01   1.6764551e+00
   4.0000000e-01   8.7356324e-01   5.9999232e-01   1.6764551e+00   8.3311860e-01   1.4555269e+00   4.0000001e-01   8.7356328e-01   5.9999193e-01   1.6764544e+00
   4.0000001e-01   8.7356328e-01   5.9999193e-01   1.6764544e+00   8.3277464e-01   1.4555808e+00   4.0000002e-01   8.7356317e-01   5.9999154e-01   1.6764538e+00
   4.0000002e-01   8.7356317e-01   5.9999154e-01   1.6764538e+00   8.3243124e-01   1.4556370e+00   4.0000000e-01   8.7356320e-01   5.9999114e-01   1.6764531e+00
   4.0000000e-01   8.7356320e-01   5.9999114e-01   1.6764531e+00   8.3208828e-01   1.4556956e+00   4.0000000e-01   8.7356323e-01   5.9999075e-01   1.6764524e+00
   4.0000000e-01   8.7356323e-01   5.9999075e-01   1.6764524e+00   8.3174568e-01   1.4557564e+00   4.0000000e-01   8.7356318e-01   5.9999035e-01   1.6764516e+00
   4.0000000e-01   8.7356318e-01   5.9999035e-01   1.6764516e+00   8.3140362e-01   1.4558196e+00   3.9999999e-01   8.7356322e-01   5.9998995e-01   1.6764509e+00
   3.9999999e-01   8.7356322e-01   5.9998995e-01   1.6764509e+00   8.3106196e-01   1.4558851e+00   3.9999999e-01   8.7356323e-01   5.9998955e-01   1.6764502e+00
   3.9999999e-01   8.7356323e-01   5.9998955e-01   1.6764502e+00   8.3072078e-01   1.4559529e+00   4.0000000e-01   8.7356324e-01   5.9998915e-01   1.6764495e+00
   4.0000000e-01   8.7356324e-01   5.9998915e-01   1.6764495e+00   8.3038002e-01   1.4560230e+00   4.0000001e-01   8.7356323e-01   5.9998875e-01   1.6764488e+00
   4.0000001e-01   8.7356323e-01   5.9998875e-01   1.6764488e+00   8.3003965e-01   1.4560954e+00   4.0000001e-01   8.7356314e-01   5.9998834e-01   1.6764481e+00
   4.0000001e-01   8.7356314e-01   5.9998834e-01   1.6764481e+00   8.2969998e-01   1.4561701e+00   3.9999998e-01   8.7356327e-01   5.9998794e-01   1.6764474e+00
   3.9999998e-01   8.7356327e-01   5.9998794e-01   1.6764474e+00   8.2936056e-01   1.4562471e+00   4.0000000e-01   8.7356318e-01   5.9998753e-01   1.6764467e+00
   4.0000000e-01   8.7356318e-01   5.9998753e-01   1.6764467e+00   8.2902176e-01   1.4563265e+00   3.9999999e-01   8.7356323e-01   5.9998712e-01   1.6764459e+00
   3.9999999e-01   8.7356323e-01   5.9998712e-01   1.6764459e+00   8.2868338e-01   1.4564081e+00   4.0000000e-01   8.7356321e-01   5.9998672e-01   1.6764452e+00
   4.0000000e-01   8.7356321e-01   5.9998672e-01   1.6764452e+00   8.2834552e-01   1.4564921e+00   3.9999999e-01   8.7356323e-01   5.9998630e-01   1.6764445e+00
   3.9999999e-01   8.7356323e-01   5.9998630e-01   1.6764445e+00   8.2800817e-01   1.4565783e+00   4.0000000e-01   8.7356325e-01   5.9998589e-01   1.6764438e+00
   4.0000000e-01   8.7356325e-01   5.9998589e-01   1.6764438e+00   8.2767119e-01   1.4566669e+00   4.0000001e-01   8.7356315e-01   5.9998548e-01   1.6764430e+00
   4.0000001e-01   8.7356315e-01   5.9998548e-01   1.6764430e+00   8.2733485e-01   1.4567578e+00   3.9999999e-01   8.7356318e-01   5.9998507e-01   1.6764423e+00
   3.9999999e-01   8.7356318e-01   5.9998507e-01   1.6764423e+00   8.2699911e-01   1.4568509e+00   3.9999998e-01   8.7356329e-01   5.9998465e-01   1.6764416e+00
   3.9999998e-01   8.7356329e-01   5.9998465e-01   1.6764416e+00   8.2666368e-01   1.4569464e+00   4.0000001e-01   8.7356320e-01   5.9998423e-01   1.6764408e+00
   4.0000001e-01   8.7356320e-01   5.9998423e-01   1.6764408e+00   8.2632893e-01   1.4570442e+00   4.0000000e-01   8.7356328e-01   5.9998382e-01   1.6764401e+00
   4.0000000e-01   8.7356328e-01   5.9998382e-01   1.6764401e+00   8.2599455e-01   1.4571443e+00   4.0000002e-01   8.7356319e-01   5.9998340e-01   1.6764393e+00
   4.0000002e-01   8.7356319e-01   5.9998340e-01   1.6764393e+00   8.2566079e-01   1.4572466e+00   4.0000000e-01   8.7356319e-01   5.9998298e-01   1.6764386e+00
   4.0000000e-01   8.7356319e-01   5.9998298e-01   1.6764386e+00   8.2532761e-01   1.4573513e+00   3.9999999e-01   8.7356324e-01   5.9998255e-01   1.6764378e+00
   3.9999999e-01   8.7356324e-01   5.9998255e-01   1.6764378e+00   8.2499486e-01   1.4574583e+00   4.0000000e-01   8.7356318e-01   5.9998213e-01   1.6764371e+00
   4.0000000e-01   8.7356318e-01   5.9998213e-01   1.6764371e+00   8.2466274e-01   1.4575676e+00   3.9999999e-01   8.7356320e-01   5.9998171e-01   1.6764363e+00
   3.9999999e-01   8.7356320e-01   5.9998171e-01   1.6764363e+00   8.2433118e-01   1.4576791e+00   3.9999999e-01   8.7356323e-01   5.9998128e-01   1.6764356e+00
   3.9999999e-01   8.7356323e-01   5.9998128e-01   1.6764356e+00   8.2400018e-01   1.4577930e+00   4.0000000e-01   8.7356327e-01   5.9998085e-01   1.6764348e+00
   4.0000000e-01   8.7356327e-01   5.9998085e-01   1.6764348e+00   8.2366960e-01   1.4579092e+00   4.0000001e-01   8.7356316e-01   5.9998042e-01   1.6764341e+00
   4.0000001e-01   8.7356316e-01   5.9998042e-01   1.6764341e+00   8.2333976e-01   1.4580276e+00   3.9999999e-01   8.7356324e-01   5.9998000e-01   1.6764333e+00
   3.9999999e-01   8.7356324e-01   5.9998000e-01   1.6764333e+00   8.2301035e-01   1.4581484e+00   4.0000000e-01   8.7356317e-01   5.9997956e-01   1.6764325e+00
   4.0000000e-01   8.7356317e-01   5.9997956e-01   1.6764325e+00   8.2268163e-01   1.4582714e+00   3.9999999e-01   8.7356321e-01   5.9997913e-01   1.6764318e+00
   3.9999999e-01   8.7356321e-01   5.9997913e-01   1.6764318e+00   8.2235344e-01   1.4583968e+00   3.9999999e-01   8.7356321e-01   5.9997870e-01   1.6764310e+00
   3.9999999e-01   8.7356321e-01   5.9997870e-01   1.6764310e+00   8.2202587e-01   1.4585244e+00   3.9999999e-01   8.7356325e-01   5.9997826e-01   1.6764302e+00
   3.9999999e-01   8.7356325e-01   5.9997826e-01   1.6764302e+00   8.2169877e-01   1.4586543e+00   4.0000001e-01   8.7356316e-01   5.9997783e-01   1.6764295e+00
   4.0000001e-01   8.7356316e-01   5.9997783e-01   1.6764295e+00   8.2137241e-01   1.4587865e+00   3.9999999e-01   8.7356323e-01   5.9997739e-01   1.6764287e+00
   3.9999999e-01   8.7356323e-01   5.9997739e-01   1.6764287e+00   8.2104662e-01   1.4589210e+00   4.0000000e-01   8.7356327e-01   5.9997695e-01   1.6764279e+00
   4.0000000e-01   8.7356327e-01   5.9997695e-01   1.6764279e+00   8.2072131e-01   1.4590578e+00   4.0000001e-01   8.7356318e-01   5.9997651e-01   1.6764271e+00
   4.0000001e-01   8.7356318e-01   5.9997651e-01   1.6764271e+00   8.2039674e-01   1.4591969e+00   4.0000000e-01   8.7356324e-01   5.9997607e-01   1.6764263e+00
   4.0000000e-01   8.7356324e-01   5.9997607e-01   1.6764263e+00   8.2007270e-01   1.4593382e+00   4.0000000e-01   8.7356320e-01   5.9997563e-01   1.6764256e+00
   4.0000000e-01   8.7356320e-01   5.9997563e-01   1.6764256e+00   8.1974935e-01   1.4594818e+00   4.0000000e-01   8.7356325e-01   5.9997518e-01   1.6764248e+00
   4.0000000e-01   8.7356325e-01   5.9997518e-01   1.6764248e+00   8.1942652e-01   1.4596278e+00   4.0000001e-01   8.7356318e-01   5.9997474e-01   1.6764240e+00
   4.0000001e-01   8.7356318e-01   5.9997474e-01   1.6764240e+00   8.1910448e-01   1.4597759e+00   3.9999999e-01   8.7356329e-01   5.9997429e-01   1.6764232e+00
   3.9999999e-01   8.7356329e-01   5.9997429e-01   1.6764232e+00   8.1878286e-01   1.4599264e+00   4.0000002e-01   8.7356318e-01   5.9997384e-01   1.6764224e+00
   4.0000002e-01   8.7356318e-01   5.9997384e-01   1.6764224e+00   8.1846201e-01   1.4600792e+00   4.0000000e-01   8.7356323e-01   5.9997339e-01   1.6764216e+00
   4.0000000e-01   8.7356323e-01   5.9997339e-01   1.6764216e+00   8.1814181e-01   1.4602342e+00   4.0000000e-01   8.7356327e-01   5.9997294e-01   1.6764208e+00
   4.0000000e-01   8.7356327e-01   5.9997294e-01   1.6764208e+00   8.1782211e-01   1.4603915e+00   4.0000002e-01   8.7356317e-01   5.9997249e-01   1.6764200e+00
   4.0000002e-01   8.7356317e-01   5.9997249e-01   1.6764200e+00   8.1750321e-01   1.4605511e+00   4.0000000e-01   8.7356323e-01   5.9997204e-01   1.6764192e+00
   4.0000000e-01   8.7356323e-01   5.9997204e-01   1.6764192e+00   8.1718491e-01   1.4607129e+00   4.0000000e-01   8.7356324e-01   5.9997158e-01   1.6764184e+00
   4.0000000e-01   8.7356324e-01   5.9997158e-01   1.6764184e+00   8.1686723e-01   1.4608770e+00   4.0000001e-01   8.7356320e-01   5.9997112e-01   1.6764176e+00
   4.0000001e-01   8.7356320e-01   5.9997112e-01   1.6764176e+00   8.1655023e-01   1.4610434e+00   4.0000000e-01   8.7356319e-01   5.9997067e-01   1.6764168e+00
   4.0000000e-01   8.7356319e-01   5.9997067e-01   1.6764168e+00   8.1623397e-01   1.4612121e+00   3.9999999e-01   8.7356326e-01   5.9997021e-01   1.6764160e+00
   3.9999999e-01   8.7356326e-01   5.9997021e-01   1.6764160e+00   8.1591826e-01   1.4613830e+00   4.0000001e-01   8.7356320e-01   5.9996975e-01   1.6764152e+00
   4.0000001e-01   8.7356320e-01   5.9996975e-01   1.6764152e+00   8.1560326e-01   1.4615562e+00   4.0000000e-01   8.7356319e-01   5.9996929e-01   1.6764143e+00
   4.0000000e-01   8.7356319e-01   5.9996929e-01   1.6764143e+00   8.1528900e-01   1.4617316e+00   3.9999999e-01   8.7356323e-01   5.9996883e-01   1.6764135e+00
   3.9999999e-01   8.7356323e-01   5.9996883e-01   1.6764135e+00   8.1413166e-01   2.3761442e+00   4.0000000e-01   8.7269245e-01   5.9996836e-01   2.6772346e+00
   4.0000000e-01   8.7269245e-01   5.9996836e-01   2.6772346e+00   8.2945630e-01   1.8352245e+00   3.9973877e-01   8.7363041e-01   8.0013227e-01   2.0483934e+00
   3.9973877e-01   8.7363041e-01   8.0013227e-01   2.0483934e+00   8.2256614e-01   1.7763906e+00   3.9986487e-01   8.7383073e-01   8.0000127e-01   2.0487767e+00
   3.9986487e-01   8.7383073e-01   8.0000127e-01   2.0487767e+00   8.2198400e-01   1.7765498e+00   3.9999992e-01   8.7356336e-01   8.0000000e-01   2.0486359e+00
   3.9999992e-01   8.7356336e-01   8.0000000e-01   2.0486359e+00   8.2165042e-01   1.7767814e+00   4.0000000e-01   8.7356320e-01   7.9997109e-01   2.0486558e+00
   4.0000000e-01   8.7356320e-01   7.9997109e-01   2.0486558e+00   8.2133743e-01   1.7770363e+00   3.9999999e-01   8.7356324e-01   7.9995787e-01   2.0486736e+00
   3.9999999e-01   8.7356324e-01   7.9995787e-01   2.0486736e+00   8.2102516e-01   1.7772878e+00   4.0000000e-01   8.7356323e-01   7.9995355e-01   2.0486890e+00
   4.0000000e-01   8.7356323e-01   7.9995355e-01   2.0486890e+00   8.2071360e-01   1.7775310e+00   4.0000000e-01   8.7356320e-01   7.9995407e-01   2.0486947e+00
   4.0000000e-01   8.7356320e-01   7.9995407e-01   2.0486947e+00   8.2040267e-01   1.7777695e+00   4.0000000e-01   8.7356319e-01   7.9995552e-01   2.0486943e+00
   4.0000000e-01   8.7356319e-01   7.9995552e-01   2.0486943e+00   8.2009233e-01   1.7780080e+00   3.9999999e-01   8.7356312e-01   7.9995630e-01   2.0486916e+00
   3.9999999e-01   8.7356312e-01   7.9995630e-01   2.0486916e+00   8.1978283e-01   1.7782493e+00   3.9999997e-01   8.7356321e-01   7.9995622e-01   2.0486889e+00
   3.9999997e-01   8.7356321e-01   7.9995622e-01   2.0486889e+00   8.1947402e-01   1.7784943e+00   3.9999998e-01   8.7356325e-01   7.9995563e-01   2.0486869e+00
   3.9999998e-01   8.7356325e-01   7.9995563e-01   2.0486869e+00   8.1916580e-01   1.7787426e+00   4.0000000e-01   8.7356313e-01   7.9995489e-01   2.0486855e+00
   4.0000000e-01   8.7356313e-01   7.9995489e-01   2.0486855e+00   8.1885854e-01   1.7789940e+00   3.9999997e-01   8.7356325e-01   7.9995417e-01   2.0486844e+00
   3.9999997e-01   8.7356325e-01   7.9995417e-01   2.0486844e+00   8.1855195e-01   1.7792482e+00   3.9999999e-01   8.7356327e-01   7.9995353e-01   2.0486834e+00
   3.9999999e-01   8.7356327e-01   7.9995353e-01   2.0486834e+00   8.1824606e-01   1.7795050e+00   4.0000001e-01   8.7356324e-01   7.9995293e-01   2.0486823e+00
   4.0000001e-01   8.7356324e-01   7.9995293e-01   2.0486823e+00   8.1794089e-01   1.7797645e+00   4.0000001e-01   8.7356317e-01   7.9995236e-01   2.0486811e+00
   4.0000001e-01   8.7356317e-01   7.9995236e-01   2.0486811e+00   8.1763638e-01   1.7800266e+00   3.9999999e-01   8.7356301e-01   7.9995178e-01   2.0486799e+00
   3.9999999e-01   8.7356301e-01   7.9995178e-01   2.0486799e+00   8.1733308e-01   1.7802915e+00   3.9999993e-01   8.7356331e-01   7.9995119e-01   2.0486787e+00
   3.9999993e-01   8.7356331e-01   7.9995119e-01   2.0486787e+00   8.1703019e-01   1.7805590e+00   3.9999999e-01   8.7356323e-01   7.9995060e-01   2.0486775e+00
   3.9999999e-01   8.7356323e-01   7.9995060e-01   2.0486775e+00   1.7805590e+00   1.7805590e+00   4.0000000e-01   1.8758577e+00   7.9995001e-01   2.0483812e+00
   4.0000000e-01   1.8758577e+00   7.9995001e-01   2.0483812e+00   1.1713898e+00   1.8112293e+00   7.0068834e-01   1.2356897e+00   7.9989040e-01   2.0491065e+00
   7.0068834e-01   1.2356897e+00   7.9989040e-01   2.0491065e+00   1.1246960e+00   1.8030674e+00   6.9999997e-01   1.2370979e+00   8.0000000e-01   2.0564443e+00
   6.9999997e-01   1.2370979e+00   8.0000000e-01   2.0564443e+00   1.1247427e+00   1.7973895e+00   6.9998842e-01   1.2371419e+00   8.0153276e-01   2.0495650e+00
   6.9998842e-01   1.2371419e+00   8.0153276e-01   2.0495650e+00   1.1241149e+00   1.7952580e+00   6.9999432e-01   1.2371457e+00   8.0106822e-01   2.0476131e+00
   6.9999432e-01   1.2371457e+00   8.0106822e-01   2.0476131e+00   1.1236200e+00   1.7954007e+00   6.9999920e-01   1.2371381e+00   8.0040174e-01   2.0474509e+00
   6.9999920e-01   1.2371381e+00   8.0040174e-01   2.0474509e+00   1.1231920e+00   1.7963167e+00   7.0000000e-01   1.2371360e+00   7.9997305e-01   2.0479944e+00
   7.0000000e-01   1.2371360e+00   7.9997305e-01   2.0479944e+00   1.1227968e+00   1.7971719e+00   6.9999985e-01   1.2371364e+00   7.9982674e-01   2.0484856e+00
   6.9999985e-01   1.2371364e+00   7.9982674e-01   2.0484856e+00   1.1224047e+00   1.7977387e+00   6.9999987e-01   1.2371365e+00   7.9983795e-01   2.0487245e+00
   6.9999987e-01   1.2371365e+00   7.9983795e-01   2.0487245e+00   1.1220068e+00   1.7980869e+00   6.9999993e-01   1.2371365e+00   7.9989240e-01   2.0487696e+00
   6.9999993e-01   1.2371365e+00   7.9989240e-01   2.0487696e+00   1.1216037e+00   1.7983443e+00   6.9999995e-01   1.2371364e+00   7.9993380e-01   2.0487322e+00
   6.9999995e-01   1.2371364e+00   7.9993380e-01   2.0487322e+00   1.1211987e+00   1.7985957e+00   6.9999996e-01   1.2371365e+00   7.9995095e-01   2.0486865e+00
   6.9999996e-01   1.2371365e+00   7.9995095e-01   2.0486865e+00   1.1207941e+00   1.7988715e+00   6.9999998e-01   1.2371364e+00   7.9995202e-01   2.0486595e+00
   6.9999998e-01   1.2371364e+00   7.9995202e-01   2.0486595e+00   1.1203911e+00   1.7991708e+00   6.9999998e-01   1.2371364e+00   7.9994727e-01   2.0486507e+00
   6.9999998e-01   1.2371364e+00   7.9994727e-01   2.0486507e+00   1.1199899e+00   1.7994833e+00   6.9999998e-01   1.2371365e+00   7.9994268e-01   2.0486512e+00
   6.9999998e-01   1.2371365e+00   7.9994268e-01   2.0486512e+00   1.1195899e+00   1.7998009e+00   7.0000001e-01   1.2371364e+00   7.9994004e-01   2.0486537e+00
   7.0000001e-01   1.2371364e+00   7.9994004e-01   2.0486537e+00   1.1191913e+00   1.8001197e+00   6.9999999e-01   1.2371364e+00   7.9993898e-01   2.0486551e+00
   6.9999999e-01   1.2371364e+00   7.9993898e-01   2.0486551e+00   1.1187939e+00   1.8004393e+00   6.9999997e-01   1.2371365e+00   7.9993862e-01   2.0486548e+00
   6.9999997e-01   1.2371365e+00   7.9993862e-01   2.0486548e+00   1.1183976e+00   1.8007606e+00   6.9999998e-01   1.2371365e+00   7.9993835e-01   2.0486536e+00
   6.9999998e-01   1.2371365e+00   7.9993835e-01   2.0486536e+00   1.1180023e+00   1.8010841e+00   6.9999998e-01   1.2371364e+00   7.9993794e-01   2.0486520e+00
   6.9999998e-01   1.2371364e+00   7.9993794e-01   2.0486520e+00   1.1176082e+00   1.8014103e+00   6.9999998e-01   1.2371364e+00   7.9993738e-01   2.0486505e+00
   6.9999998e-01   1.2371364e+00   7.9993738e-01   2.0486505e+00   1.1172153e+00   1.8017394e+00   6.9999996e-01   1.2371364e+00   7.9993675e-01   2.0486491e+00
   6.9999996e-01   1.2371364e+00   7.9993675e-01   2.0486491e+00   1.1168236e+00   1.8020713e+00   6.9999996e-01   1.2371365e+00   7.9993608e-01   2.0486478e+00
   6.9999996e-01   1.2371365e+00   7.9993608e-01   2.0486478e+00   1.1164330e+00   1.8024059e+00   6.9999999e-01   1.2371364e+00   7.9993543e-01   2.0486465e+00
   6.9999999e-01   1.2371364e+00   7.9993543e-01   2.0486465e+00   1.1160436e+00   1.8027432e+00   6.9999998e-01   1.2371364e+00   7.9993479e-01   2.0486452e+00
   6.9999998e-01   1.2371364e+00   7.9993479e-01   2.0486452e+00   1.1156554e+00   1.8030831e+00   6.9999998e-01   1.2371364e+00   7.9993415e-01   2.0486439e+00
   6.9999998e-01   1.2371364e+00   7.9993415e-01   2.0486439e+00   1.1152684e+00   1.8034257e+00   6.9999997e-01   1.2371365e+00   7.9993352e-01   2.0486427e+00
   6.9999997e-01   1.2371365e+00   7.9993352e-01   2.0486427e+00   1.1148825e+00   1.8037709e+00   6.9999999e-01   1.2371364e+00   7.9993288e-01   2.0486414e+00
   6.9999999e-01   1.2371364e+00   7.9993288e-01   2.0486414e+00   1.1144979e+00   1.8041188e+00   6.9999998e-01   1.2371365e+00   7.9993225e-01   2.0486401e+00
   6.9999998e-01   1.2371365e+00   7.9993225e-01   2.0486401e+00   1.1141145e+00   1.8044693e+00   6.9999999e-01   1.2371365e+00   7.9993161e-01   2.0486387e+00
   6.9999999e-01   1.2371365e+00   7.9993161e-01   2.0486387e+00   1.1116619e+00   1.3447886e+00   6.9999999e-01   1.2349604e+00   7.9993097e-01   1.5490557e+00
   6.9999999e-01   1.2349604e+00   7.9993097e-01   1.5490557e+00   1.0939594e+00   1.6003584e+00   6.9934716e-01   1.2382938e+00   7.0001397e-01   1.8557698e+00
   6.9934716e-01   1.2382938e+00   7.0001397e-01   1.8557698e+00   1.1044341e+00   1.6396095e+00   6.9993545e-01   1.2372716e+00   7.0002183e-01   1.8556359e+00
   6.9993545e-01   1.2372716e+00   7.0002183e-01   1.8556359e+00   1.1037758e+00   1.6398013e+00   6.9999985e-01   1.2371368e+00   7.0000000e-01   1.8555145e+00
   6.9999985e-01   1.2371368e+00   7.0000000e-01   1.8555145e+00   1.1033787e+00   1.6401218e+00   7.0000002e-01   1.2371364e+00   6.9996197e-01   1.8555062e+00
   7.0000002e-01   1.2371364e+00   6.9996197e-01   1.8555062e+00   1.1030047e+00   1.6404916e+00   6.9999998e-01   1.2371364e+00   6.9993632e-01   1.8555375e+00
   6.9999998e-01   1.2371364e+00   6.9993632e-01   1.8555375e+00   1.1026338e+00   1.6408618e+00   6.9999997e-01   1.2371364e+00   6.9992641e-01   1.8555677e+00
   6.9999997e-01   1.2371364e+00   6.9992641e-01   1.8555677e+00   1.1022642e+00   1.6412172e+00   6.9999997e-01   1.2371364e+00   6.9992619e-01   1.8555826e+00
   6.9999997e-01   1.2371364e+00   6.9992619e-01   1.8555826e+00   1.1018954e+00   1.6415608e+00   6.9999996e-01   1.2371364e+00   6.9992902e-01   1.8555848e+00
   6.9999996e-01   1.2371364e+00   6.9992902e-01   1.8555848e+00   1.1015275e+00   1.6419003e+00   6.9999996e-01   1.2371365e+00   6.9993126e-01   1.8555813e+00
   6.9999996e-01   1.2371365e+00   6.9993126e-01   1.8555813e+00   1.1011604e+00   1.6422414e+00   6.9999998e-01   1.2371364e+00   6.9993197e-01   1.8555769e+00
   6.9999998e-01   1.2371364e+00   6.9993197e-01   1.8555769e+00   1.1007946e+00   1.6425862e+00   6.9999996e-01   1.2371364e+00   6.9993154e-01   1.8555738e+00
   6.9999996e-01   1.2371364e+00   6.9993154e-01   1.8555738e+00   1.1004301e+00   1.6429350e+00   6.9999997e-01   1.2371365e+00   6.9993066e-01   1.8555721e+00
   6.9999997e-01   1.2371365e+00   6.9993066e-01   1.8555721e+00   1.1000667e+00   1.6432869e+00   6.9999999e-01   1.2371364e+00   6.9992975e-01   1.8555711e+00
   6.9999999e-01   1.2371364e+00   6.9992975e-01   1.8555711e+00   1.0997048e+00   1.6436414e+00   6.9999997e-01   1.2371365e+00   6.9992899e-01   1.8555703e+00
   6.9999997e-01   1.2371365e+00   6.9992899e-01   1.8555703e+00   1.0993441e+00   1.6439982e+00   6.9999998e-01   1.2371364e+00   6.9992834e-01   1.8555694e+00
   6.9999998e-01   1.2371364e+00   6.9992834e-01   1.8555694e+00   1.0989847e+00   1.6443572e+00   6.9999997e-01   1.2371365e+00   6.9992776e-01   1.8555684e+00
   6.9999997e-01   1.2371365e+00   6.9992776e-01   1.8555684e+00   1.0986265e+00   1.6447184e+00   6.9999998e-01   1.2371365e+00   6.9992719e-01   1.8555673e+00
   6.9999998e-01   1.2371365e+00   6.9992719e-01   1.8555673e+00   1.0982695e+00   1.6450819e+00   6.9999998e-01   1.2371363e+00   6.9992661e-01   1.8555662e+00
   6.9999998e-01   1.2371363e+00   6.9992661e-01   1.8555662e+00   1.0979139e+00   1.6454478e+00   6.9999995e-01   1.2371364e+00   6.9992601e-01   1.8555650e+00
   6.9999995e-01   1.2371364e+00   6.9992601e-01   1.8555650e+00   4.6749880e-01   1.6458160e+00   6.9999996e-01   5.7046989e-01   6.9992541e-01   1.8555639e+00
   6.9999996e-01   5.7046989e-01   6.9992541e-01   1.8555639e+00   8.5671777e-01   1.6379309e+00   5.0000000e-01   9.9996698e-01   6.9992480e-01   1.8640060e+00
   5.0000000e-01   9.9996698e-01   6.9992480e-01   1.8640060e+00   9.0491230e-01   1.6353659e+00   4.9999010e-01   1.0000174e+00   7.0161285e-01   1.8532491e+00
   4.9999010e-01   1.0000174e+00   7.0161285e-01   1.8532491e+00   9.0435998e-01   1.6354540e+00   4.9999889e-01   1.0000023e+00   7.0052557e-01   1.8539573e+00
   4.9999889e-01   1.0000023e+00   7.0052557e-01   1.8539573e+00   9.0407481e-01   1.6366484e+00   4.9999999e-01   9.9999915e-01   6.9998191e-01   1.8545339e+00
   4.9999999e-01   9.9999915e-01   6.9998191e-01   1.8545339e+00   9.0379752e-01   1.6378428e+00   4.9999974e-01   9.9999974e-01   6.9975443e-01   1.8552491e+00
   4.9999974e-01   9.9999974e-01   6.9975443e-01   1.8552491e+00   9.0352779e-01   1.6386662e+00   4.9999976e-01   1.0000001e+00   6.9975401e-01   1.8556309e+00
   4.9999976e-01   1.0000001e+00   6.9975401e-01   1.8556309e+00   9.0325253e-01   1.6391608e+00   4.9999988e-01   1.0000001e+00   6.9983011e-01   1.8557294e+00
   4.9999988e-01   1.0000001e+00   6.9983011e-01   1.8557294e+00   9.0297198e-01   1.6394921e+00   4.9999995e-01   1.0000001e+00   6.9989780e-01   1.8556840e+00
   4.9999995e-01   1.0000001e+00   6.9989780e-01   1.8556840e+00   9.0268885e-01   1.6397929e+00   4.9999999e-01   9.9999999e-01   6.9993141e-01   1.8556091e+00
   4.9999999e-01   9.9999999e-01   6.9993141e-01   1.8556091e+00   9.0240578e-01   1.6401238e+00   4.9999999e-01   9.9999994e-01   6.9993763e-01   1.8555576e+00
   4.9999999e-01   9.9999994e-01   6.9993763e-01   1.8555576e+00   9.0212422e-01   1.6404932e+00   4.9999997e-01   9.9999998e-01   6.9993126e-01   1.8555372e+00
   4.9999997e-01   9.9999998e-01   6.9993126e-01   1.8555372e+00   9.0184436e-01   1.6408875e+00   4.9999998e-01   9.9999997e-01   6.9992314e-01   1.8555362e+00
   4.9999998e-01   9.9999997e-01   6.9992314e-01   1.8555362e+00   9.0156609e-01   1.6412916e+00   4.9999998e-01   9.9999999e-01   6.9991783e-01   1.8555419e+00
   4.9999998e-01   9.9999999e-01   6.9991783e-01   1.8555419e+00   9.0128902e-01   1.6416970e+00   4.9999998e-01   9.9999991e-01   6.9991562e-01   1.8555468e+00
   4.9999998e-01   9.9999991e-01   6.9991562e-01   1.8555468e+00   9.0101321e-01   1.6421012e+00   4.9999996e-01   9.9999999e-01   6.9991522e-01   1.8555487e+00
   4.9999996e-01   9.9999999e-01   6.9991522e-01   1.8555487e+00   9.0073837e-01   1.6425048e+00   4.9999997e-01   9.9999997e-01   6.9991534e-01   1.8555482e+00
   4.9999997e-01   9.9999997e-01   6.9991534e-01   1.8555482e+00   9.0046456e-01   1.6429093e+00   4.9999998e-01   9.9999995e-01   6.9991532e-01   1.8555466e+00
   4.9999998e-01   9.9999995e-01   6.9991532e-01   1.8555466e+00   9.0019197e-01   1.6433160e+00   4.9999997e-01   1.0000001e+00   6.9991497e-01   1.8555447e+00
   4.9999997e-01   1.0000001e+00   6.9991497e-01   1.8555447e+00   8.9992027e-01   1.6437252e+00   5.0000000e-01   9.9999994e-01   6.9991439e-01   1.8555432e+00
   5.0000000e-01   9.9999994e-01   6.9991439e-01   1.8555432e+00   8.9964976e-01   1.6441369e+00   4.9999998e-01   9.9999990e-01   6.9991371e-01   1.8555419e+00
   4.9999998e-01   9.9999990e-01   6.9991371e-01   1.8555419e+00   8.9938055e-01   1.6445511e+00   4.9999996e-01   1.0000000e+00   6.9991302e-01   1.8555407e+00
   4.9999996e-01   1.0000000e+00   6.9991302e-01   1.8555407e+00   8.9911217e-01   1.6449677e+00   4.9999998e-01   9.9999984e-01   6.9991236e-01   1.8555397e+00
   4.9999998e-01   9.9999984e-01   6.9991236e-01   1.8555397e+00   8.9884523e-01   1.6453864e+00   4.9999994e-01   1.0000000e+00   6.9991172e-01   1.8555386e+00
   4.9999994e-01   1.0000000e+00   6.9991172e-01   1.8555386e+00   8.9857927e-01   1.6458074e+00   4.9999997e-01   9.9999999e-01   6.9991110e-01   1.8555374e+00
   4.9999997e-01   9.9999999e-01   6.9991110e-01   1.8555374e+00   8.9831438e-01   1.6462305e+00   4.9999997e-01   9.9999992e-01   6.9991049e-01   1.8555363e+00
   4.9999997e-01   9.9999992e-01   6.9991049e-01   1.8555363e+00   8.9805075e-01   1.6466559e+00   4.9999996e-01   9.9999998e-01   6.9990987e-01   1.8555351e+00
   4.9999996e-01   9.9999998e-01   6.9990987e-01   1.8555351e+00   8.9778823e-01   1.6470835e+00   4.9999997e-01   1.0000000e+00   6.9990924e-01   1.8555340e+00
   4.9999997e-01   1.0000000e+00   6.9990924e-01   1.8555340e+00   8.9752673e-01   1.6475133e+00   4.9999998e-01   9.9999990e-01   6.9990862e-01   1.8555328e+00
   4.9999998e-01   9.9999990e-01   6.9990862e-01   1.8555328e+00   8.9726656e-01   1.6479454e+00   4.9999996e-01   1.0000000e+00   6.9990799e-01   1.8555316e+00
   4.9999996e-01   1.0000000e+00   6.9990799e-01   1.8555316e+00   8.9564896e-01   7.1650466e-01   4.9999997e-01   9.9854936e-01   6.9990736e-01   8.5519269e-01
   4.9999997e-01   9.9854936e-01   6.9990736e-01   8.5519269e-01   8.6464548e-01   1.2454386e+00   4.9956479e-01   1.0012501e+00   4.9983918e-01   1.5010547e+00
   4.9956479e-01   1.0012501e+00   4.9983918e-01   1.5010547e+00   8.8384087e-01   1.3460718e+00   5.0009653e-01   9.9973504e-01   5.0010802e-01   1.4996516e+00
   5.0009653e-01   9.9973504e-01   5.0010802e-01   1.4996516e+00   8.8368112e-01   1.3463481e+00   4.9998229e-01   1.0000377e+00   4.9999945e-01   1.4997036e+00
   4.9998229e-01   1.0000377e+00   4.9999945e-01   1.4997036e+00   8.8342617e-01   1.3467698e+00   4.9999997e-01   9.9999991e-01   4.9994036e-01   1.4997350e+00
   4.9999997e-01   9.9999991e-01   4.9994036e-01   1.4997350e+00   8.8317227e-01   1.3472157e+00   4.9999996e-01   9.9999991e-01   4.9990884e-01   1.4998090e+00
   4.9999996e-01   9.9999991e-01   4.9990884e-01   1.4998090e+00   8.8292587e-01   1.3476340e+00   4.9999994e-01   9.9999992e-01   4.9990345e-01   1.4998553e+00
   4.9999994e-01   9.9999992e-01   4.9990345e-01   1.4998553e+00   8.8268004e-01   1.3480197e+00   4.9999994e-01   1.0000000e+00   4.9990927e-01   1.4998715e+00
   4.9999994e-01   1.0000000e+00   4.9990927e-01   1.4998715e+00   8.8243429e-01   1.3483864e+00   4.9999997e-01   9.9999995e-01   4.9991622e-01   1.4998691e+00
   4.9999997e-01   9.9999995e-01   4.9991622e-01   1.4998691e+00   8.8218914e-01   1.3487485e+00   4.9999997e-01   9.9999998e-01   4.9992020e-01   1.4998608e+00
   4.9999997e-01   9.9999998e-01   4.9992020e-01   1.4998608e+00   8.8194488e-01   1.3491139e+00   4.9999997e-01   9.9999997e-01   4.9992108e-01   1.4998537e+00
   4.9999997e-01   9.9999997e-01   4.9992108e-01   1.4998537e+00   8.8170181e-01   1.3494848e+00   4.9999997e-01   9.9999999e-01   4.9992023e-01   1.4998498e+00
   4.9999997e-01   9.9999999e-01   4.9992023e-01   1.4998498e+00   8.8145994e-01   1.3498602e+00   4.9999998e-01   9.9999994e-01   4.9991891e-01   1.4998484e+00
   4.9999998e-01   9.9999994e-01   4.9991891e-01   1.4998484e+00   8.8121932e-01   1.3502386e+00   4.9999997e-01   9.9999991e-01   4.9991778e-01   1.4998481e+00
   4.9999997e-01   9.9999991e-01   4.9991778e-01   1.4998481e+00   8.8097991e-01   1.3506188e+00   4.9999995e-01   9.9999988e-01   4.9991700e-01   1.4998479e+00
   4.9999995e-01   9.9999988e-01   4.9991700e-01   1.4998479e+00   8.8074183e-01   1.3510005e+00   4.9999993e-01   1.0000000e+00   4.9991645e-01   1.4998474e+00
   4.9999993e-01   1.0000000e+00   4.9991645e-01   1.4998474e+00   8.8050471e-01   1.3513835e+00   4.9999996e-01   9.9999992e-01   4.9991601e-01   1.4998466e+00
   4.9999996e-01   9.9999992e-01   4.9991601e-01   1.4998466e+00   8.8026880e-01   1.3517681e+00   4.9999995e-01   9.9999990e-01   4.9991556e-01   1.4998456e+00
   4.9999995e-01   9.9999990e-01   4.9991556e-01   1.4998456e+00   8.8003416e-01   1.3521544e+00   4.9999994e-01   9.9999998e-01   4.9991509e-01   1.4998446e+00
   4.9999994e-01   9.9999998e-01   4.9991509e-01   1.4998446e+00   8.7980061e-01   1.3525425e+00   4.9999996e-01   9.9999996e-01   4.9991458e-01   1.4998436e+00
   4.9999996e-01   9.9999996e-01   4.9991458e-01   1.4998436e+00  -6.7262356e-01  -9.8854238e-01   4.9999996e-01  -6.6666803e-01   4.9991405e-01  -9.9975953e-01
   4.9999996e-01  -6.6666803e-01   4.9991405e-01  -9.9975953e-01  -8.5445390e-02  -8.6502571e-02  -4.3686996e-07   1.0317347e-03  -6.9121098e-06   4.5050556e-04
