   0.0000000e+00   0.0000000e+00   0.0000000e+00   0.0000000e+00   4.9088496e-01  -3.5957290e-02  -9.6979583e-03   4.9088496e+00  -3.1783389e-03  -1.7978645e-01
  -9.6979583e-03   4.9088496e+00  -3.1783389e-03  -1.7978645e-01   2.4813262e-01  -3.4416326e-02   1.4756365e+00   2.5857282e+00  -4.1595357e-02  -1.7638237e-01
   1.4756365e+00   2.5857282e+00  -4.1595357e-02  -1.7638237e-01   2.2070203e-01  -2.7521499e-02   1.4657686e+00   2.5894649e+00  -4.6143052e-02  -1.4430728e-01
   1.4657686e+00   2.5894649e+00  -4.6143052e-02  -1.4430728e-01   2.3083878e-01  -7.3255382e-02   1.4612878e+00   2.6026777e+00   1.2645751e-02  -3.9348066e-01
   1.4612878e+00   2.6026777e+00   1.2645751e-02  -3.9348066e-01   2.4980875e-01  -4.5215922e-02   1.4470364e+00   2.6728727e+00  -7.3932275e-02  -2.4859662e-01
   1.4470364e+00   2.6728727e+00  -7.3932275e-02  -2.4859662e-01   2.4582732e-01  -4.6395269e-02   1.4779023e+00   2.5954056e+00  -3.3253627e-02  -2.6029262e-01
   1.4779023e+00   2.5954056e+00  -3.3253627e-02  -2.6029262e-01   2.3027210e-01  -3.3762866e-02   1.4775222e+00   2.5503962e+00  -5.5557793e-02  -1.9383754e-01
   1.4775222e+00   2.5503962e+00  -5.5557793e-02  -1.9383754e-01   2.2874190e-01  -3.0272158e-02   1.4435945e+00   2.6518924e+00  -4.3732201e-02  -1.7726441e-01
   1.4435945e+00   2.6518924e+00  -4.3732201e-02  -1.7726441e-01   2.2229711e-01  -3.1889867e-02   1.4732939e+00   2.5913052e+00  -3.9813966e-02  -1.9073223e-01
   1.4732939e+00   2.5913052e+00  -3.9813966e-02  -1.9073223e-01   2.2880391e-01  -3.8658058e-02   1.4605485e+00   2.6151609e+00  -3.4593554e-02  -2.3590151e-01
   1.4605485e+00   2.6151609e+00  -3.4593554e-02  -2.3590151e-01   2.3517747e-01  -5.9745640e-02   1.4763691e+00   2.5579693e+00  -1.7011775e-02  -3.7177298e-01
   1.4763691e+00   2.5579693e+00  -1.7011775e-02  -3.7177298e-01   2.5051250e-01  -4.3339623e-02   1.4422426e+00   2.6636174e+00  -7.6466548e-02  -2.7480263e-01
   1.4422426e+00   2.6636174e+00  -7.6466548e-02  -2.7480263e-01   2.4395873e-01  -3.5857708e-02   1.4668958e+00   2.6285406e+00  -6.5071094e-02  -2.3094713e-01
   1.4668958e+00   2.6285406e+00  -6.5071094e-02  -2.3094713e-01   2.3874191e-01  -4.6492615e-02   1.4461919e+00   2.7076687e+00  -4.7270830e-02  -3.0504271e-01
   1.4461919e+00   2.7076687e+00  -4.7270830e-02  -3.0504271e-01   2.2208458e-01  -5.0346827e-02   1.4895261e+00   2.5790392e+00  -6.6220411e-02  -3.3619885e-01
   1.4895261e+00   2.5790392e+00  -6.6220411e-02  -3.3619885e-01   2.1817941e-01  -7.9015012e-02   1.4783772e+00   2.5383212e+00  -6.0673677e-02  -5.3621388e-01
   1.4783772e+00   2.5383212e+00  -6.0673677e-02  -5.3621388e-01   2.3271448e-01  -1.0696760e-01   1.4565985e+00   2.5762311e+00  -9.7799971e-02  -7.3767791e-01
   1.4565985e+00   2.5762311e+00  -9.7799971e-02  -7.3767791e-01   2.4690504e-01  -1.4679370e-01   1.4512821e+00   2.6093986e+00  -1.0676298e-01  -1.0274601e+00
   1.4512821e+00   2.6093986e+00  -1.0676298e-01  -1.0274601e+00   2.4523795e-01  -1.5971504e-01   1.4586472e+00   2.5975871e+00  -1.9888417e-01  -1.1344543e+00
   1.4586472e+00   2.5975871e+00  -1.9888417e-01  -1.1344543e+00   2.3239507e-01  -2.3914709e-01   1.4523526e+00   2.5758439e+00  -1.8292883e-01  -1.7209823e+00
   1.4523526e+00   2.5758439e+00  -1.8292883e-01  -1.7209823e+00   2.1716017e-01  -3.3790934e-01   1.4548732e+00   2.4691570e+00  -3.2569351e-01  -2.4676816e+00
   1.4548732e+00   2.4691570e+00  -3.2569351e-01  -2.4676816e+00   2.1233050e-01  -4.3371794e-01   1.4328014e+00   2.3713684e+00  -4.0691833e-01  -3.2059418e+00
   1.4328014e+00   2.3713684e+00  -4.0691833e-01  -3.2059418e+00   2.2392813e-01  -5.3191929e-01   1.3834309e+00   2.3585760e+00  -4.9367201e-01  -3.9820424e+00
   1.3834309e+00   2.3585760e+00  -4.9367201e-01  -3.9820424e+00   2.2282593e-01  -6.3031978e-01   1.3618252e+00   2.2184281e+00  -6.0582066e-01  -4.7773320e+00
   1.3618252e+00   2.2184281e+00  -6.0582066e-01  -4.7773320e+00   2.0907830e-01  -7.1128408e-01   1.3170340e+00   2.0598206e+00  -6.8229990e-01  -5.4543999e+00
   1.3170340e+00   2.0598206e+00  -6.8229990e-01  -5.4543999e+00   1.9294471e-01  -7.7175323e-01   1.2448045e+00   1.9655969e+00  -7.7458719e-01  -5.9861616e+00
   1.2448045e+00   1.9655969e+00  -7.7458719e-01  -5.9861616e+00   1.7206792e-01  -8.0626019e-01   1.1873715e+00   1.8238064e+00  -8.1729077e-01  -6.3216728e+00
   1.1873715e+00   1.8238064e+00  -8.1729077e-01  -6.3216728e+00   1.4187725e-01  -8.2351731e-01   1.1481136e+00   1.5179759e+00  -8.6470281e-01  -6.5251785e+00
   1.1481136e+00   1.5179759e+00  -8.6470281e-01  -6.5251785e+00   1.3784731e-01  -8.1742260e-01   1.0357042e+00   1.4254135e+00  -8.8553998e-01  -6.5413912e+00
   1.0357042e+00   1.4254135e+00  -8.8553998e-01  -6.5413912e+00   1.2720804e-01  -7.9941449e-01   9.6287352e-01   1.2528867e+00  -8.6561338e-01  -6.4585225e+00
   9.6287352e-01   1.2528867e+00  -8.6561338e-01  -6.4585225e+00   1.2558548e-01  -7.7137133e-01   8.6144038e-01   1.2144020e+00  -8.6519382e-01  -6.2899614e+00
   8.6144038e-01   1.2144020e+00  -8.6519382e-01  -6.2899614e+00   1.0181174e-01  -7.2846647e-01   7.9759966e-01   1.0148931e+00  -8.1886145e-01  -5.9917222e+00
   7.9759966e-01   1.0148931e+00  -8.1886145e-01  -5.9917222e+00   8.5786382e-02  -6.7314026e-01   7.0456156e-01   8.9799669e-01  -8.1048191e-01  -5.5832645e+00
   7.0456156e-01   8.9799669e-01  -8.1048191e-01  -5.5832645e+00   7.5710254e-02  -6.1328060e-01   6.1472763e-01   8.0971248e-01  -7.0919725e-01  -5.1251334e+00
   6.1472763e-01   8.0971248e-01  -7.0919725e-01  -5.1251334e+00   7.9153270e-02  -5.6276350e-01   5.1531578e-01   8.2576603e-01  -6.9197768e-01  -4.7405887e+00
   5.1531578e-01   8.2576603e-01  -6.9197768e-01  -4.7405887e+00   5.3182155e-02  -4.9560393e-01   4.7372027e-01   5.3121558e-01  -6.0860274e-01  -4.2027038e+00
   4.7372027e-01   5.3121558e-01  -6.0860274e-01  -4.2027038e+00   5.0937234e-02  -4.3305548e-01   3.5538513e-01   4.9573140e-01  -5.6611639e-01  -3.6969386e+00
   3.5538513e-01   4.9573140e-01  -5.6611639e-01  -3.6969386e+00   4.8792895e-02  -3.7142889e-01   2.5435205e-01   4.8051970e-01  -5.0123459e-01  -3.1883078e+00
   2.5435205e-01   4.8051970e-01  -5.0123459e-01  -3.1883078e+00   2.6203823e-02  -3.2436164e-01   2.1188901e-01   2.7147566e-01  -4.4151232e-01  -2.7996732e+00
   2.1188901e-01   2.7147566e-01  -4.4151232e-01  -2.7996732e+00   1.8504024e-02  -2.9132331e-01   1.2079883e-01   1.9888734e-01  -4.0303011e-01  -2.5286163e+00
   1.2079883e-01   1.9888734e-01  -4.0303011e-01  -2.5286163e+00  -4.9541208e-05  -2.7169103e-01   8.0898295e-02   1.4072169e-03  -3.5938188e-01  -2.3712378e+00
   8.0898295e-02   1.4072169e-03  -3.5938188e-01  -2.3712378e+00  -6.5268628e-03  -2.5917081e-01  -1.4564555e-02  -6.3781689e-02  -3.6778340e-01  -2.2766352e+00
  -1.4564555e-02  -6.3781689e-02  -3.6778340e-01  -2.2766352e+00  -3.6789338e-02  -2.5535941e-01  -7.3999497e-03  -3.5100071e-01  -3.2597766e-01  -2.2531436e+00
  -7.3999497e-03  -3.5100071e-01  -3.2597766e-01  -2.2531436e+00  -5.3297630e-02  -2.5967334e-01  -1.1246326e-01  -5.1080181e-01  -3.6304147e-01  -2.3086738e+00
  -1.1246326e-01  -5.1080181e-01  -3.6304147e-01  -2.3086738e+00  -7.3935266e-02  -2.6617193e-01  -1.4438223e-01  -7.3812567e-01  -3.5306004e-01  -2.3762527e+00
  -1.4438223e-01  -7.3812567e-01  -3.5306004e-01  -2.3762527e+00  -9.3569245e-02  -2.8714866e-01  -2.2123301e-01  -9.7265227e-01  -3.6602763e-01  -2.5804086e+00
  -2.2123301e-01  -9.7265227e-01  -3.6602763e-01  -2.5804086e+00  -1.2732767e-01  -3.1477233e-01  -2.2899596e-01  -1.3250870e+00  -4.0578454e-01  -2.8454111e+00
  -2.2899596e-01  -1.3250870e+00  -4.0578454e-01  -2.8454111e+00  -1.7663375e-01  -3.5659705e-01  -3.6378806e-01  -1.7724912e+00  -4.3408007e-01  -3.2403965e+00
  -3.6378806e-01  -1.7724912e+00  -4.3408007e-01  -3.2403965e+00  -2.4228831e-01  -4.1574597e-01  -4.0690637e-01  -2.3208898e+00  -4.9436064e-01  -3.7989189e+00
  -4.0690637e-01  -2.3208898e+00  -4.9436064e-01  -3.7989189e+00  -3.1909907e-01  -4.8159343e-01  -5.6889565e-01  -3.0309590e+00  -5.6733947e-01  -4.4217168e+00
  -5.6889565e-01  -3.0309590e+00  -5.6733947e-01  -4.4217168e+00  -3.8423918e-01  -5.4139172e-01  -6.6942947e-01  -3.7812179e+00  -6.4812618e-01  -4.9925203e+00
  -6.6942947e-01  -3.7812179e+00  -6.4812618e-01  -4.9925203e+00  -4.3359028e-01  -5.7861842e-01  -8.3195641e-01  -4.4701790e+00  -6.9048197e-01  -5.3567828e+00
  -8.3195641e-01  -4.4701790e+00  -6.9048197e-01  -5.3567828e+00  -4.8218211e-01  -5.8792693e-01  -9.3591924e-01  -5.0458878e+00  -7.5531482e-01  -5.4633206e+00
  -9.3591924e-01  -5.0458878e+00  -7.5531482e-01  -5.4633206e+00  -5.4964734e-01  -5.5950170e-01  -1.0568527e+00  -5.5898830e+00  -7.3839360e-01  -5.2158309e+00
  -1.0568527e+00  -5.5898830e+00  -7.3839360e-01  -5.2158309e+00  -6.2836208e-01  -5.0082295e-01  -1.1508636e+00  -6.0894433e+00  -6.9942569e-01  -4.6838427e+00
  -1.1508636e+00  -6.0894433e+00  -6.9942569e-01  -4.6838427e+00  -6.8619703e-01  -3.9962140e-01  -1.2642921e+00  -6.4970666e+00  -6.2467801e-01  -3.7481203e+00
  -1.2642921e+00  -6.4970666e+00  -6.2467801e-01  -3.7481203e+00  -6.9951773e-01  -2.6455999e-01  -1.3403316e+00  -6.7850339e+00  -4.5600511e-01  -2.4873133e+00
  -1.3403316e+00  -6.7850339e+00  -4.5600511e-01  -2.4873133e+00  -6.8182165e-01  -1.0800877e-01  -1.4038688e+00  -6.9332875e+00  -3.4012496e-01  -1.0172477e+00
  -1.4038688e+00  -6.9332875e+00  -3.4012496e-01  -1.0172477e+00  -6.6723906e-01   4.0203858e-02  -1.4177265e+00  -6.9643888e+00  -9.4502318e-02   3.8329229e-01
  -1.4177265e+00  -6.9643888e+00  -9.4502318e-02   3.8329229e-01  -6.7276860e-01   1.1646629e-01  -1.4224639e+00  -6.9013993e+00   7.7656738e-02   1.1069095e+00
  -1.4224639e+00  -6.9013993e+00   7.7656738e-02   1.1069095e+00  -6.9024422e-01   1.3472874e-01  -1.4071700e+00  -6.7566641e+00   2.4730584e-01   1.2835074e+00
  -1.4071700e+00  -6.7566641e+00   2.4730584e-01   1.2835074e+00  -6.9980987e-01   1.8205639e-01  -1.3446405e+00  -6.6191046e+00   3.0910344e-01   1.7394590e+00
  -1.3446405e+00  -6.6191046e+00   3.0910344e-01   1.7394590e+00  -6.6870819e-01   1.8714259e-01  -1.3309389e+00  -6.4022139e+00   4.2674775e-01   1.7926783e+00
  -1.3309389e+00  -6.4022139e+00   4.2674775e-01   1.7926783e+00  -6.0766550e-01   1.7843248e-01  -1.2906049e+00  -6.0884720e+00   5.1598582e-01   1.7148816e+00
  -1.2906049e+00  -6.0884720e+00   5.1598582e-01   1.7148816e+00  -5.5645119e-01   1.9142933e-01  -1.2073258e+00  -5.7801330e+00   5.4375319e-01   1.8455573e+00
  -1.2073258e+00  -5.7801330e+00   5.4375319e-01   1.8455573e+00  -5.3137881e-01   1.7136431e-01  -1.1355031e+00  -5.4952213e+00   6.0076441e-01   1.6572065e+00
  -1.1355031e+00  -5.4952213e+00   6.0076441e-01   1.6572065e+00  -5.2132966e-01   1.7842958e-01  -1.0908881e+00  -5.1687899e+00   5.8894728e-01   1.7310700e+00
  -1.0908881e+00  -5.1687899e+00   5.8894728e-01   1.7310700e+00  -5.0348297e-01   1.5973041e-01  -1.0267132e+00  -4.7811455e+00   6.0322201e-01   1.5540355e+00
  -1.0267132e+00  -4.7811455e+00   6.0322201e-01   1.5540355e+00  -4.6678643e-01   1.4950007e-01  -9.3182303e-01  -4.4187216e+00   5.8016764e-01   1.4600338e+00
  -9.3182303e-01  -4.4187216e+00   5.8016764e-01   1.4600338e+00  -4.1818755e-01   1.4652052e-01  -8.5193477e-01  -4.1201120e+00   5.3909878e-01   1.4344304e+00
  -8.5193477e-01  -4.1201120e+00   5.3909878e-01   1.4344304e+00  -3.7153354e-01   1.2830423e-01  -8.1247319e-01  -3.8233867e+00   5.1421125e-01   1.2594338e+00
  -8.1247319e-01  -3.8233867e+00   5.1421125e-01   1.2594338e+00  -3.3148079e-01   1.2367706e-01  -7.5632922e-01  -3.4346481e+00   4.4890570e-01   1.2170378e+00
  -7.5632922e-01  -3.4346481e+00   4.4890570e-01   1.2170378e+00  -3.0622632e-01   9.5850723e-02  -6.6545237e-01  -3.0616205e+00   4.1086064e-01   9.4658392e-01
  -6.6545237e-01  -3.0616205e+00   4.1086064e-01   9.4658392e-01  -2.9249841e-01   8.5362252e-02  -5.9355608e-01  -2.7872925e+00   3.3331361e-01   8.4641062e-01
  -5.9355608e-01  -2.7872925e+00   3.3331361e-01   8.4641062e-01  -2.7215156e-01   7.4673150e-02  -5.7112876e-01  -2.5507489e+00   2.6298950e-01   7.4000815e-01
  -5.7112876e-01  -2.5507489e+00   2.6298950e-01   7.4000815e-01  -2.3591374e-01   3.4473623e-02  -5.1397742e-01  -2.2732402e+00   2.1640363e-01   3.4506837e-01
  -5.1397742e-01  -2.2732402e+00   2.1640363e-01   3.4506837e-01  -2.0603828e-01   6.7185046e-03  -4.7471733e-01  -2.0769924e+00   1.1917523e-01   7.2863706e-02
  -4.7471733e-01  -2.0769924e+00   1.1917523e-01   7.2863706e-02  -1.9405178e-01  -2.3724626e-02  -4.2957782e-01  -1.9952434e+00   2.8086913e-02  -2.2974135e-01
  -4.2957782e-01  -1.9952434e+00   2.8086913e-02  -2.2974135e-01  -1.9915773e-01  -7.0412973e-02  -4.5850084e-01  -2.0061046e+00  -3.1566814e-02  -6.9000841e-01
  -4.5850084e-01  -2.0061046e+00  -3.1566814e-02  -6.9000841e-01  -2.1849743e-01  -1.2083232e-01  -4.3603332e-01  -2.0982440e+00  -1.2729558e-01  -1.1853223e+00
  -4.3603332e-01  -2.0982440e+00  -1.2729558e-01  -1.1853223e+00  -2.5770916e-01  -1.7691968e-01  -4.4210715e-01  -2.4211625e+00  -2.2417454e-01  -1.7350600e+00
  -4.4210715e-01  -2.4211625e+00  -2.2417454e-01  -1.7350600e+00  -2.9933433e-01  -2.4517878e-01  -5.4586874e-01  -2.8793716e+00  -2.9158315e-01  -2.4048118e+00
  -5.4586874e-01  -2.8793716e+00  -2.9158315e-01  -2.4048118e+00  -3.3231657e-01  -3.1566025e-01  -6.4451727e-01  -3.3555546e+00  -4.1113366e-01  -3.0996110e+00
  -6.4451727e-01  -3.3555546e+00  -4.1113366e-01  -3.0996110e+00  -3.6501056e-01  -3.6654908e-01  -7.0042503e-01  -3.8079864e+00  -4.6454489e-01  -3.6010175e+00
  -7.0042503e-01  -3.8079864e+00  -4.6454489e-01  -3.6010175e+00  -4.1324968e-01  -4.0584831e-01  -8.1962173e-01  -4.2668886e+00  -5.3783368e-01  -3.9910708e+00
  -8.1962173e-01  -4.2668886e+00  -5.3783368e-01  -3.9910708e+00  -4.7497793e-01  -4.2473393e-01  -8.8289150e-01  -4.6889994e+00  -5.7566801e-01  -4.1795278e+00
  -8.8289150e-01  -4.6889994e+00  -5.7566801e-01  -4.1795278e+00  -5.4228638e-01  -4.2703057e-01  -9.7162541e-01  -5.1533627e+00  -5.8582902e-01  -4.2051027e+00
  -9.7162541e-01  -5.1533627e+00  -5.8582902e-01  -4.2051027e+00  -5.8744086e-01  -4.0794881e-01  -1.0531967e+00  -5.6123133e+00  -5.8490402e-01  -4.0200748e+00
  -1.0531967e+00  -5.6123133e+00  -5.8490402e-01  -4.0200748e+00  -6.0262462e-01  -3.5929990e-01  -1.1534633e+00  -6.0142755e+00  -5.4860085e-01  -3.5425474e+00
  -1.1534633e+00  -6.0142755e+00  -5.4860085e-01  -3.5425474e+00  -6.0977252e-01  -2.7807549e-01  -1.2264723e+00  -6.3333508e+00  -4.9289791e-01  -2.7427593e+00
  -1.2264723e+00  -6.3333508e+00  -4.9289791e-01  -2.7427593e+00  -6.2754924e-01  -1.7130157e-01  -1.3084509e+00  -6.5252300e+00  -3.6040886e-01  -1.6893493e+00
  -1.3084509e+00  -6.5252300e+00  -3.6040886e-01  -1.6893493e+00  -6.6448717e-01  -8.3328870e-02  -1.3194391e+00  -6.6433166e+00  -2.3021549e-01  -8.2187724e-01
  -1.3194391e+00  -6.6433166e+00  -2.3021549e-01  -8.2187724e-01  -6.9511627e-01  -1.1782869e-02  -1.3720358e+00  -6.6422931e+00  -1.1281707e-01  -1.1554149e-01
  -1.3720358e+00  -6.6422931e+00  -1.1281707e-01  -1.1554149e-01  -7.0142695e-01   4.6670173e-02  -1.3306967e+00  -6.6399966e+00  -3.2734290e-03   4.6255228e-01
  -1.3306967e+00  -6.6399966e+00  -3.2734290e-03   4.6255228e-01  -6.7019819e-01   9.7174862e-02  -1.3450699e+00  -6.5807117e+00   9.1886308e-02   9.6299019e-01
  -1.3450699e+00  -6.5807117e+00   9.1886308e-02   9.6299019e-01  -6.2508908e-01   1.1900572e-01  -1.3326192e+00  -6.4244504e+00   2.1027080e-01   1.1800290e+00
  -1.3326192e+00  -6.4244504e+00   2.1027080e-01   1.1800290e+00  -5.9885462e-01   1.5114247e-01  -1.2868718e+00  -6.2424309e+00   2.6904305e-01   1.5000606e+00
  -1.2868718e+00  -6.2424309e+00   2.6904305e-01   1.5000606e+00  -5.9914951e-01   1.5161365e-01  -1.2320832e+00  -6.0660574e+00   3.6127383e-01   1.5060096e+00
  -1.2320832e+00  -6.0660574e+00   3.6127383e-01   1.5060096e+00  -6.0458583e-01   1.6708741e-01  -1.2046551e+00  -5.8347630e+00   3.9396008e-01   1.6616625e+00
  -1.2046551e+00  -5.8347630e+00   3.9396008e-01   1.6616625e+00  -5.9136853e-01   1.3441650e-01  -1.1428144e+00  -5.5800068e+00   4.7502424e-01   1.3386643e+00
  -1.1428144e+00  -5.5800068e+00   4.7502424e-01   1.3386643e+00  -5.4569839e-01   1.5844480e-01  -1.1149776e+00  -5.2805833e+00   4.3717713e-01   1.5802477e+00
  -1.1149776e+00  -5.2805833e+00   4.3717713e-01   1.5802477e+00  -4.9050848e-01   1.2556599e-01  -1.0393974e+00  -4.9765712e+00   4.8626048e-01   1.2535215e+00
  -1.0393974e+00  -4.9765712e+00   4.8626048e-01   1.2535215e+00  -4.5363425e-01   1.4788250e-01  -9.7420447e-01  -4.7228063e+00   4.2471593e-01   1.4781841e+00
  -9.7420447e-01  -4.7228063e+00   4.2471593e-01   1.4781841e+00  -4.3472908e-01   1.0430286e-01  -9.3042466e-01  -4.4457348e+00   4.6118002e-01   1.0438372e+00
  -9.3042466e-01  -4.4457348e+00   4.6118002e-01   1.0438372e+00  -4.2635193e-01   1.1180448e-01  -8.6744571e-01  -4.1557268e+00   3.8505213e-01   1.1212721e+00
  -8.6744571e-01  -4.1557268e+00   3.8505213e-01   1.1212721e+00  -4.1140970e-01   9.7712341e-02  -8.2604216e-01  -3.8762098e+00   3.5315790e-01   9.7933368e-01
  -8.2604216e-01  -3.8762098e+00   3.5315790e-01   9.7933368e-01  -3.7912580e-01   8.5778472e-02  -7.6742395e-01  -3.6135361e+00   3.0519456e-01   8.6058402e-01
  -7.6742395e-01  -3.6135361e+00   3.0519456e-01   8.6058402e-01  -3.3951807e-01   6.1515664e-02  -7.0362927e-01  -3.3870001e+00   2.5424326e-01   6.1830291e-01
  -7.0362927e-01  -3.3870001e+00   2.5424326e-01   6.1830291e-01  -3.1073159e-01   4.0029446e-02  -6.7466448e-01  -3.2129880e+00   1.7897839e-01   4.0333685e-01
  -6.7466448e-01  -3.2129880e+00   1.7897839e-01   4.0333685e-01  -2.9822905e-01  -2.3055692e-03  -6.4764481e-01  -3.0645604e+00   1.3100267e-01  -2.0274466e-02
  -6.4764481e-01  -3.0645604e+00   1.3100267e-01  -2.0274466e-02  -3.0330746e-01  -3.0368422e-02  -6.1865656e-01  -2.9860691e+00   3.1285639e-02  -3.0086081e-01
  -6.1865656e-01  -2.9860691e+00   3.1285639e-02  -3.0086081e-01  -3.1836371e-01  -6.8753745e-02  -6.3817093e-01  -3.0077736e+00  -8.6487502e-02  -6.8478082e-01
  -6.3817093e-01  -3.0077736e+00  -8.6487502e-02  -6.8478082e-01  -3.3815115e-01  -1.4233569e-01  -6.1699044e-01  -3.1923333e+00  -1.3185090e-01  -1.4174281e+00
  -6.1699044e-01  -3.1923333e+00  -1.3185090e-01  -1.4174281e+00  -3.6857997e-01  -2.2010105e-01  -6.7925272e-01  -3.6390890e+00  -2.6400149e-01  -2.1920155e+00
  -6.7925272e-01  -3.6390890e+00  -2.6400149e-01  -2.1920155e+00  -4.0799181e-01  -2.8629152e-01  -7.7466260e-01  -4.2159169e+00  -3.7515199e-01  -2.8497955e+00
  -7.7466260e-01  -4.2159169e+00  -3.7515199e-01  -2.8497955e+00  -4.4619323e-01  -3.1772598e-01  -8.8281629e-01  -4.6506593e+00  -4.5738628e-01  -3.1620608e+00
  -8.8281629e-01  -4.6506593e+00  -4.5738628e-01  -3.1620608e+00  -4.9517675e-01  -3.2668107e-01  -9.4963544e-01  -4.9866274e+00  -4.6397005e-01  -3.2506879e+00
  -9.4963544e-01  -4.9866274e+00  -4.6397005e-01  -3.2506879e+00  -5.5043150e-01  -3.2777902e-01  -1.0252441e+00  -5.2898925e+00  -4.6619712e-01  -3.2626118e+00
  -1.0252441e+00  -5.2898925e+00  -4.6619712e-01  -3.2626118e+00  -5.9106359e-01  -3.1043412e-01  -1.0677560e+00  -5.5940575e+00  -4.7881872e-01  -3.0905174e+00
  -1.0677560e+00  -5.5940575e+00  -4.7881872e-01  -3.0905174e+00  -5.9916262e-01  -2.7003782e-01  -1.1546633e+00  -5.8532630e+00  -4.3940878e-01  -2.6880260e+00
  -1.1546633e+00  -5.8532630e+00  -4.3940878e-01  -2.6880260e+00  -5.9658210e-01  -2.1666862e-01  -1.1691147e+00  -6.1077734e+00  -3.8038345e-01  -2.1569225e+00
  -1.1691147e+00  -6.1077734e+00  -3.8038345e-01  -2.1569225e+00  -6.0032772e-01  -1.5504908e-01  -1.2591924e+00  -6.2713739e+00  -2.9315086e-01  -1.5435791e+00
  -1.2591924e+00  -6.2713739e+00  -2.9315086e-01  -1.5435791e+00  -6.2673160e-01  -8.0104514e-02  -1.2548268e+00  -6.3865486e+00  -2.3671418e-01  -7.9731255e-01
  -1.2548268e+00  -6.3865486e+00  -2.3671418e-01  -7.9731255e-01  -6.5629998e-01  -1.8068701e-02  -1.3226588e+00  -6.3750156e+00  -1.1056289e-01  -1.7902880e-01
  -1.3226588e+00  -6.3750156e+00  -1.1056289e-01  -1.7902880e-01  -6.7420972e-01   2.6449959e-02  -1.2737389e+00  -6.3644786e+00  -2.0794857e-02   2.6424541e-01
  -1.2737389e+00  -6.3644786e+00  -2.0794857e-02   2.6424541e-01  -6.5675774e-01   5.9817901e-02  -1.2901064e+00  -6.3262608e+00   6.4464699e-02   5.9703649e-01
  -1.2901064e+00  -6.3262608e+00   6.4464699e-02   5.9703649e-01  -6.1805479e-01   8.7289570e-02  -1.2642660e+00  -6.2423045e+00   1.3539892e-01   8.7139229e-01
  -1.2642660e+00  -6.2423045e+00   1.3539892e-01   8.7139229e-01  -5.8368050e-01   1.2330629e-01  -1.2661928e+00  -6.0814281e+00   1.7726542e-01   1.2313460e+00
  -1.2661928e+00  -6.0814281e+00   1.7726542e-01   1.2313460e+00  -5.7457190e-01   1.0924809e-01  -1.2079866e+00  -5.9123068e+00   2.8813059e-01   1.0914331e+00
  -1.2079866e+00  -5.9123068e+00   2.8813059e-01   1.0914331e+00  -5.8744234e-01   1.1960678e-01  -1.1570283e+00  -5.7784007e+00   3.0654274e-01   1.1963308e+00
  -1.1570283e+00  -5.7784007e+00   3.0654274e-01   1.1963308e+00  -5.8598151e-01   1.2496814e-01  -1.1651066e+00  -5.5500282e+00   3.3036797e-01   1.2503342e+00
  -1.1651066e+00  -5.5500282e+00   3.3036797e-01   1.2503342e+00  -5.5518340e-01   1.2484855e-01  -1.0955870e+00  -5.2859881e+00   3.4842327e-01   1.2498457e+00
  -1.0955870e+00  -5.2859881e+00   3.4842327e-01   1.2498457e+00  -5.0735241e-01   1.1522634e-01  -1.0514288e+00  -5.0477965e+00   3.6250736e-01   1.1545272e+00
  -1.0514288e+00  -5.0477965e+00   3.6250736e-01   1.1545272e+00  -4.6736900e-01   1.0001638e-01  -9.8727216e-01  -4.8371933e+00   3.6415014e-01   1.0034154e+00
  -9.8727216e-01  -4.8371933e+00   3.6415014e-01   1.0034154e+00  -4.4770951e-01   1.0927184e-01  -9.5779306e-01  -4.6372466e+00   3.1741897e-01   1.0964018e+00
  -9.5779306e-01  -4.6372466e+00   3.1741897e-01   1.0964018e+00  -4.4065410e-01   9.1817125e-02  -9.1854272e-01  -4.3874774e+00   3.1065262e-01   9.2118925e-01
  -9.1854272e-01  -4.3874774e+00   3.1065262e-01   9.2118925e-01  -4.3609338e-01   8.8868141e-02  -8.6274883e-01  -4.1487750e+00   2.5832689e-01   8.9209086e-01
  -8.6274883e-01  -4.1487750e+00   2.5832689e-01   8.9209086e-01  -4.1997732e-01   5.3853617e-02  -8.1462819e-01  -3.9628341e+00   2.5122031e-01   5.4134467e-01
  -8.1462819e-01  -3.9628341e+00   2.5122031e-01   5.4134467e-01  -3.9053805e-01   4.8530284e-02  -7.8113001e-01  -3.8219503e+00   1.6840600e-01   4.8838781e-01
  -7.8113001e-01  -3.8219503e+00   1.6840600e-01   4.8838781e-01  -3.5787960e-01   7.0907231e-03  -7.7200379e-01  -3.6649150e+00   1.3495413e-01   7.2562742e-02
  -7.7200379e-01  -3.6649150e+00   1.3495413e-01   7.2562742e-02  -3.4287356e-01  -3.0551122e-02  -7.2579367e-01  -3.5555543e+00   4.8720607e-02  -3.0402137e-01
  -7.2579367e-01  -3.5555543e+00   4.8720607e-02  -3.0402137e-01  -3.5756583e-01  -5.8173391e-02  -7.0377697e-01  -3.6022392e+00  -7.1680874e-02  -5.8106331e-01
  -7.0377697e-01  -3.6022392e+00  -7.1680874e-02  -5.8106331e-01  -3.8652159e-01  -1.0780532e-01  -7.6178008e-01  -3.7170274e+00  -1.0995702e-01  -1.0768175e+00
  -7.6178008e-01  -3.7170274e+00  -1.0995702e-01  -1.0768175e+00  -4.0731784e-01  -1.5400335e-01  -7.6689938e-01  -3.8335598e+00  -1.9715110e-01  -1.5380954e+00
  -7.6689938e-01  -3.8335598e+00  -1.9715110e-01  -1.5380954e+00  -4.2344621e-01  -1.9529344e-01  -7.7364465e-01  -4.0980092e+00  -2.6238177e-01  -1.9493934e+00
  -7.7364465e-01  -4.0980092e+00  -2.6238177e-01  -1.9493934e+00  -4.3402164e-01  -2.2918952e-01  -8.7052490e-01  -4.4140928e+00  -3.2058667e-01  -2.2871666e+00
  -8.7052490e-01  -4.4140928e+00  -3.2058667e-01  -2.2871666e+00  -4.5402877e-01  -2.5083871e-01  -8.8780058e-01  -4.7371485e+00  -3.6574831e-01  -2.5028115e+00
  -8.8780058e-01  -4.7371485e+00  -3.6574831e-01  -2.5028115e+00  -4.9990032e-01  -2.5407718e-01  -9.8859837e-01  -5.1248186e+00  -3.9716338e-01  -2.5347532e+00
  -9.8859837e-01  -5.1248186e+00  -3.9716338e-01  -2.5347532e+00  -5.6054756e-01  -2.3715973e-01  -1.0444338e+00  -5.4817744e+00  -3.7131551e-01  -2.3655983e+00
  -1.0444338e+00  -5.4817744e+00  -3.7131551e-01  -2.3655983e+00  -6.1350932e-01  -1.9609641e-01  -1.1247557e+00  -5.8064596e+00  -3.5782653e-01  -1.9561709e+00
  -1.1247557e+00  -5.8064596e+00  -3.5782653e-01  -1.9561709e+00  -6.3050613e-01  -1.2703484e-01  -1.1793648e+00  -6.0469793e+00  -2.7899020e-01  -1.2664296e+00
  -1.1793648e+00  -6.0469793e+00  -2.7899020e-01  -1.2664296e+00  -6.1230776e-01  -7.6615074e-02  -1.2325989e+00  -6.1495275e+00  -1.7222366e-01  -7.6382888e-01
  -1.2325989e+00  -6.1495275e+00  -1.7222366e-01  -7.6382888e-01  -5.9641761e-01  -2.8504556e-02  -1.2298361e+00  -6.2039687e+00  -1.2825434e-01  -2.8417812e-01
  -1.2298361e+00  -6.2039687e+00  -1.2825434e-01  -2.8417812e-01  -5.9595183e-01   1.1189919e-02  -1.2725318e+00  -6.1615989e+00  -4.0029392e-02   1.1224634e-01
  -1.2725318e+00  -6.1615989e+00  -4.0029392e-02   1.1224634e-01  -6.1725209e-01   3.8534812e-02  -1.2302503e+00  -6.1118674e+00   3.5969958e-02   3.8521317e-01
  -1.2302503e+00  -6.1118674e+00   3.5969958e-02   3.8521317e-01  -6.3650521e-01   6.4818758e-02  -1.2311474e+00  -6.0478109e+00   8.9497908e-02   6.4794083e-01
  -1.2311474e+00  -6.0478109e+00   8.9497908e-02   6.4794083e-01  -6.2509352e-01   8.4331897e-02  -1.2111669e+00  -5.9354529e+00   1.4571676e-01   8.4317629e-01
  -1.2111669e+00  -5.9354529e+00   1.4571676e-01   8.4317629e-01  -5.8322642e-01   9.4174535e-02  -1.1987289e+00  -5.7693792e+00   1.9843440e-01   9.4193130e-01
  -1.1987289e+00  -5.7693792e+00   1.9843440e-01   9.4193130e-01  -5.4507056e-01   1.1636722e-01  -1.1343161e+00  -5.6267876e+00   2.1157284e-01   1.1643165e+00
  -1.1343161e+00  -5.6267876e+00   2.1157284e-01   1.1643165e+00  -5.2416105e-01   8.9671574e-02  -1.1357084e+00  -5.4500649e+00   2.9238391e-01   8.9766758e-01
  -1.1357084e+00  -5.4500649e+00   2.9238391e-01   8.9766758e-01  -5.2331181e-01   1.0347753e-01  -1.0795195e+00  -5.2497074e+00   2.6418519e-01   1.0370347e+00
  -1.0795195e+00  -5.2497074e+00   2.6418519e-01   1.0370347e+00  -5.3046569e-01   9.6016670e-02  -1.0392560e+00  -5.0791236e+00   2.8036569e-01   9.6212642e-01
  -1.0392560e+00  -5.0791236e+00   2.8036569e-01   9.6212642e-01  -5.2019184e-01   9.5293494e-02  -1.0053860e+00  -4.9085791e+00   2.6713151e-01   9.5537480e-01
  -1.0053860e+00  -4.9085791e+00   2.6713151e-01   9.5537480e-01  -4.8546673e-01   8.0245628e-02  -9.6285113e-01  -4.7297585e+00   2.6595603e-01   8.0486585e-01
  -9.6285113e-01  -4.7297585e+00   2.6595603e-01   8.0486585e-01  -4.4567845e-01   8.7992133e-02  -9.3244026e-01  -4.5508734e+00   2.1144956e-01   8.8251520e-01
  -9.3244026e-01  -4.5508734e+00   2.1144956e-01   8.8251520e-01  -4.2179073e-01   5.1207558e-02  -8.8705481e-01  -4.3897544e+00   2.3232341e-01   5.1385593e-01
  -8.8705481e-01  -4.3897544e+00   2.3232341e-01   5.1385593e-01  -4.1777162e-01   5.4396881e-02  -8.7607212e-01  -4.2404492e+00   1.4925606e-01   5.4636518e-01
  -8.7607212e-01  -4.2404492e+00   1.4925606e-01   5.4636518e-01  -4.2150544e-01   2.1722844e-02  -8.3539342e-01  -4.0750685e+00   1.3084485e-01   2.1828834e-01
  -8.3539342e-01  -4.0750685e+00   1.3084485e-01   2.1828834e-01  -4.2216728e-01  -1.4805717e-03  -8.1272584e-01  -3.9716926e+00   5.2306099e-02  -1.3869485e-02
  -8.1272584e-01  -3.9716926e+00   5.2306099e-02  -1.3869485e-02  -4.0963497e-01  -4.0543128e-02  -7.9900762e-01  -3.9336794e+00   4.7152245e-03  -4.0518766e-01
  -7.9900762e-01  -3.9336794e+00   4.7152245e-03  -4.0518766e-01  -3.9382460e-01  -7.6543312e-02  -8.0261881e-01  -3.9681349e+00  -7.5023207e-02  -7.6527612e-01
  -8.0261881e-01  -3.9681349e+00  -7.5023207e-02  -7.6527612e-01  -3.9289369e-01  -1.0821531e-01  -7.9551271e-01  -4.0836285e+00  -1.4539549e-01  -1.0816306e+00
  -7.9551271e-01  -4.0836285e+00  -1.4539549e-01  -1.0816306e+00  -4.1524685e-01  -1.4093435e-01  -8.3598002e-01  -4.2660607e+00  -1.8811361e-01  -1.4079988e+00
  -8.3598002e-01  -4.2660607e+00  -1.8811361e-01  -1.4079988e+00  -4.5147768e-01  -1.6616228e-01  -8.8392805e-01  -4.4342501e+00  -2.5447844e-01  -1.6597146e+00
  -8.8392805e-01  -4.4342501e+00  -2.5447844e-01  -1.6597146e+00  -4.9251576e-01  -1.8516711e-01  -8.8698606e-01  -4.6612729e+00  -2.7930166e-01  -1.8486865e+00
  -8.8698606e-01  -4.6612729e+00  -2.7930166e-01  -1.8486865e+00  -5.1792061e-01  -1.9919849e-01  -9.6594885e-01  -4.9417421e+00  -3.0339167e-01  -1.9887728e+00
  -9.6594885e-01  -4.9417421e+00  -3.0339167e-01  -1.9887728e+00  -5.2139958e-01  -2.0230492e-01  -1.0050897e+00  -5.2007776e+00  -3.1087340e-01  -2.0197073e+00
  -1.0050897e+00  -5.2007776e+00  -3.1087340e-01  -2.0197073e+00  -5.2663378e-01  -1.8386722e-01  -1.0629992e+00  -5.4660725e+00  -3.3274318e-01  -1.8354922e+00
  -1.0629992e+00  -5.4660725e+00  -3.3274318e-01  -1.8354922e+00  -5.5006813e-01  -1.5402560e-01  -1.1041941e+00  -5.7091561e+00  -2.5273301e-01  -1.5369163e+00
  -1.1041941e+00  -5.7091561e+00  -2.5273301e-01  -1.5369163e+00  -5.8657122e-01  -1.1785085e-01  -1.1651826e+00  -5.8526053e+00  -2.5905592e-01  -1.1766375e+00
  -1.1651826e+00  -5.8526053e+00  -2.5905592e-01  -1.1766375e+00  -6.1981307e-01  -7.8966451e-02  -1.1902342e+00  -5.9128597e+00  -1.7178069e-01  -7.8780079e-01
  -1.1902342e+00  -5.9128597e+00  -1.7178069e-01  -7.8780079e-01  -6.2813851e-01  -4.6597615e-02  -1.1988848e+00  -5.9485808e+00  -1.1736932e-01  -4.6514489e-01
  -1.1988848e+00  -5.9485808e+00  -1.1736932e-01  -4.6514489e-01  -6.0850666e-01  -8.9058572e-04  -1.1940148e+00  -5.9816815e+00  -9.3068382e-02  -8.5427227e-03
  -1.1940148e+00  -5.9816815e+00  -9.3068382e-02  -8.5427227e-03  -5.7806513e-01   3.7174556e-02  -1.2172487e+00  -5.9467307e+00  -1.5962478e-02   3.7193279e-01
  -1.2172487e+00  -5.9467307e+00  -1.5962478e-02   3.7193279e-01  -5.6337650e-01   5.4831121e-02  -1.1962819e+00  -5.8682655e+00   6.5053109e-02   5.4826252e-01
  -1.1962819e+00  -5.8682655e+00   6.5053109e-02   5.4826252e-01  -5.7151548e-01   6.8594894e-02  -1.1790943e+00  -5.7741643e+00   1.1218140e-01   6.8599688e-01
  -1.1790943e+00  -5.7741643e+00   1.1218140e-01   6.8599688e-01  -5.8586438e-01   7.0115702e-02  -1.1613542e+00  -5.6423692e+00   1.6417988e-01   7.0144055e-01
  -1.1613542e+00  -5.6423692e+00   1.6417988e-01   7.0144055e-01  -5.8554421e-01   7.9943929e-02  -1.1189392e+00  -5.5230626e+00   1.7671513e-01   8.0014709e-01
  -1.1189392e+00  -5.5230626e+00   1.7671513e-01   8.0014709e-01  -5.5900631e-01   8.0772832e-02  -1.0908897e+00  -5.4182405e+00   2.0118526e-01   8.0859659e-01
  -1.0908897e+00  -5.4182405e+00   2.0118526e-01   8.0859659e-01  -5.1629050e-01   1.0114250e-01  -1.0938926e+00  -5.2493466e+00   1.8066980e-01   1.0126024e+00
  -1.0938926e+00  -5.2493466e+00   1.8066980e-01   1.0126024e+00  -4.8870894e-01   7.9224618e-02  -1.0288454e+00  -5.0904990e+00   2.3341351e-01   7.9324745e-01
  -1.0288454e+00  -5.0904990e+00   2.3341351e-01   7.9324745e-01  -4.8208983e-01   7.8353416e-02  -1.0267525e+00  -4.9259414e+00   2.0804928e-01   7.8538328e-01
  -1.0267525e+00  -4.9259414e+00   2.0804928e-01   7.8538328e-01  -4.8787184e-01   6.5312107e-02  -9.7255506e-01  -4.7514720e+00   2.0367214e-01   6.5468378e-01
  -9.7255506e-01  -4.7514720e+00   2.0367214e-01   6.5468378e-01  -4.9499571e-01   4.6623390e-02  -9.1281759e-01  -4.6684566e+00   1.9149737e-01   4.6786642e-01
  -9.1281759e-01  -4.6684566e+00   1.9149737e-01   4.6786642e-01  -4.7586898e-01   4.8322937e-02  -9.4896278e-01  -4.5554189e+00   1.3344409e-01   4.8473755e-01
  -9.4896278e-01  -4.5554189e+00   1.3344409e-01   4.8473755e-01  -4.4219844e-01   2.7071094e-02  -8.5748184e-01  -4.4295811e+00   1.1710189e-01   2.7147321e-01
  -8.5748184e-01  -4.4295811e+00   1.1710189e-01   2.7147321e-01  -4.1972567e-01   2.5261122e-03  -8.9701675e-01  -4.3589234e+00   7.5401072e-02   2.5899607e-02
  -8.9701675e-01  -4.3589234e+00   7.5401072e-02   2.5899607e-02  -4.1200725e-01  -1.4586497e-02  -8.6352389e-01  -4.2437926e+00   4.9224276e-03  -1.4558402e-01
  -8.6352389e-01  -4.2437926e+00   4.9224276e-03  -1.4558402e-01  -4.3038981e-01  -4.5072646e-02  -8.3359747e-01  -4.2475911e+00  -2.7057083e-02  -4.5070262e-01
