   0.0000000e+00   0.0000000e+00   0.0000000e+00   0.0000000e+00   1.3333279e-01   6.6662748e-01   0.0000000e+00   1.3333279e+00   0.0000000e+00   2.9998237e+00
   0.0000000e+00   1.3333279e+00   0.0000000e+00   2.9998237e+00   8.3829309e-02   3.6248673e-01   3.9999838e-01   8.7356305e-01   5.9996473e-01   1.6764917e+00
   3.9999838e-01   8.7356305e-01   5.9996473e-01   1.6764917e+00   8.0455361e-02   3.3694228e-01   3.9999898e-01   8.7356234e-01   5.9998133e-01   1.6764467e+00
   3.9999898e-01   8.7356234e-01   5.9998133e-01   1.6764467e+00   8.3523725e-02   3.2833393e-01   3.9999913e-01   8.7356145e-01   5.9998310e-01   1.6764452e+00
   3.9999913e-01   8.7356145e-01   5.9998310e-01   1.6764452e+00   8.7421092e-02   3.2018594e-01   3.9999895e-01   8.7356148e-01   5.9998395e-01   1.6764463e+00
   3.9999895e-01   8.7356148e-01   5.9998395e-01   1.6764463e+00   8.8349088e-02   3.1247024e-01   3.9999886e-01   8.7356159e-01   5.9998474e-01   1.6764474e+00
   3.9999886e-01   8.7356159e-01   5.9998474e-01   1.6764474e+00   8.5304894e-02   3.0516214e-01   3.9999883e-01   8.7356190e-01   5.9998547e-01   1.6764484e+00
   3.9999883e-01   8.7356190e-01   5.9998547e-01   1.6764484e+00   8.1437869e-02   2.9823861e-01   3.9999891e-01   8.7356116e-01   5.9998614e-01   1.6764494e+00
   3.9999891e-01   8.7356116e-01   5.9998614e-01   1.6764494e+00   8.0148974e-02   2.9167806e-01   3.9999873e-01   8.7356844e-01   5.9998676e-01   1.6764502e+00
   3.9999873e-01   8.7356844e-01   5.9998676e-01   1.6764502e+00   8.2414540e-02   2.8546030e-01   4.0000081e-01   8.7355821e-01   5.9998734e-01   1.6764510e+00
   4.0000081e-01   8.7355821e-01   5.9998734e-01   1.6764510e+00   8.6464994e-02   2.7956620e-01   3.9999898e-01   8.7356151e-01   5.9998787e-01   1.6764518e+00
   3.9999898e-01   8.7356151e-01   5.9998787e-01   1.6764518e+00   8.8540051e-02   2.7397808e-01   3.9999888e-01   8.7356153e-01   5.9998836e-01   1.6764525e+00
   3.9999888e-01   8.7356153e-01   5.9998836e-01   1.6764525e+00   8.6431977e-02   2.6867910e-01   3.9999883e-01   8.7356181e-01   5.9998882e-01   1.6764531e+00
   3.9999883e-01   8.7356181e-01   5.9998882e-01   1.6764531e+00   8.2380753e-02   2.6365353e-01   3.9999888e-01   8.7354491e-01   5.9998925e-01   1.6764537e+00
   3.9999888e-01   8.7354491e-01   5.9998925e-01   1.6764537e+00   8.0144984e-02   2.5888648e-01   3.9999384e-01   8.7357667e-01   5.9998964e-01   1.6764543e+00
   3.9999384e-01   8.7357667e-01   5.9998964e-01   1.6764543e+00   8.1464134e-02   2.5436428e-01   4.0000038e-01   8.7355844e-01   5.9999002e-01   1.6764548e+00
   4.0000038e-01   8.7355844e-01   5.9999002e-01   1.6764548e+00   8.5341626e-02   2.5007338e-01   3.9999879e-01   8.7356198e-01   5.9999036e-01   1.6764553e+00
   3.9999879e-01   8.7356198e-01   5.9999036e-01   1.6764553e+00   8.8360584e-02   2.4600171e-01   3.9999891e-01   8.7356149e-01   5.9999069e-01   1.6764557e+00
   3.9999891e-01   8.7356149e-01   5.9999069e-01   1.6764557e+00   8.7394740e-02   2.4213751e-01   3.9999883e-01   8.7356172e-01   5.9999099e-01   1.6764562e+00
   3.9999883e-01   8.7356172e-01   5.9999099e-01   1.6764562e+00   8.3487510e-02   2.3846980e-01   3.9999886e-01   8.7356200e-01   5.9999127e-01   1.6764566e+00
   3.9999886e-01   8.7356200e-01   5.9999127e-01   1.6764566e+00   8.0441334e-02   2.3498821e-01   3.9999895e-01   8.7356306e-01   5.9999153e-01   1.6764569e+00
   3.9999895e-01   8.7356306e-01   5.9999153e-01   1.6764569e+00   8.0735694e-02   2.3168295e-01   3.9999933e-01   8.7356137e-01   5.9999178e-01   1.6764573e+00
   3.9999933e-01   8.7356137e-01   5.9999178e-01   1.6764573e+00   8.4150347e-02   2.2854478e-01   3.9999905e-01   8.7356157e-01   5.9999200e-01   1.6764576e+00
   3.9999905e-01   8.7356157e-01   5.9999200e-01   1.6764576e+00   8.7829247e-02   2.2556499e-01   3.9999894e-01   8.7356148e-01   5.9999222e-01   1.6764579e+00
   3.9999894e-01   8.7356148e-01   5.9999222e-01   1.6764579e+00   8.8102297e-02   2.2273532e-01   3.9999885e-01   8.7356164e-01   5.9999242e-01   1.6764582e+00
   3.9999885e-01   8.7356164e-01   5.9999242e-01   1.6764582e+00   8.4673487e-02   2.2004799e-01   3.9999884e-01   8.7356194e-01   5.9999261e-01   1.6764585e+00
   3.9999884e-01   8.7356194e-01   5.9999261e-01   1.6764585e+00   8.1023894e-02   2.1749563e-01   3.9999893e-01   8.7356206e-01   5.9999279e-01   1.6764587e+00
   3.9999893e-01   8.7356206e-01   5.9999279e-01   1.6764587e+00   8.0274745e-02   2.1507128e-01   3.9999901e-01   8.7356427e-01   5.9999295e-01   1.6764590e+00
   3.9999901e-01   8.7356427e-01   5.9999295e-01   1.6764590e+00   8.2988884e-02   2.1276837e-01   3.9999973e-01   8.7356031e-01   5.9999311e-01   1.6764592e+00
   3.9999973e-01   8.7356031e-01   5.9999311e-01   1.6764592e+00   8.6999899e-02   2.1058063e-01   3.9999897e-01   8.7356149e-01   5.9999325e-01   1.6764594e+00
   3.9999897e-01   8.7356149e-01   5.9999325e-01   1.6764594e+00   8.8484385e-02   2.0850220e-01   3.9999887e-01   8.7356156e-01   5.9999339e-01   1.6764596e+00
   3.9999887e-01   8.7356156e-01   5.9999339e-01   1.6764596e+00   8.5847428e-02   2.0652749e-01   3.9999883e-01   8.7356186e-01   5.9999352e-01   1.6764598e+00
   3.9999883e-01   8.7356186e-01   5.9999352e-01   1.6764598e+00   8.1855883e-02   2.0465120e-01   3.9999890e-01   8.7355795e-01   5.9999364e-01   1.6764600e+00
   3.9999890e-01   8.7355795e-01   5.9999364e-01   1.6764600e+00   8.0108827e-02   2.0286833e-01   3.9999776e-01   8.7356956e-01   5.9999376e-01   1.6764602e+00
   3.9999776e-01   8.7356956e-01   5.9999376e-01   1.6764602e+00   8.1944513e-02   2.0117418e-01   4.0000057e-01   8.7355292e-01   5.9999387e-01   1.6764603e+00
   4.0000057e-01   8.7355292e-01   5.9999387e-01   1.6764603e+00   8.5953617e-02   1.9956414e-01   3.9999725e-01   8.7356498e-01   5.9999396e-01   1.6764605e+00
   3.9999725e-01   8.7356498e-01   5.9999396e-01   1.6764605e+00   8.8501860e-02   1.9803412e-01   3.9999889e-01   8.7356151e-01   5.9999406e-01   1.6764606e+00
   3.9999889e-01   8.7356151e-01   5.9999406e-01   1.6764606e+00   8.6909625e-02   1.9657995e-01   3.9999883e-01   8.7356177e-01   5.9999415e-01   1.6764607e+00
   3.9999883e-01   8.7356177e-01   5.9999415e-01   1.6764607e+00   8.2884944e-02   1.9519787e-01   3.9999887e-01   8.7356202e-01   5.9999424e-01   1.6764609e+00
   3.9999887e-01   8.7356202e-01   5.9999424e-01   1.6764609e+00   8.0246493e-02   1.9388423e-01   3.9999897e-01   8.7356587e-01   5.9999432e-01   1.6764610e+00
   3.9999897e-01   8.7356587e-01   5.9999432e-01   1.6764610e+00   8.1091797e-02   1.9263562e-01   4.0000018e-01   8.7355955e-01   5.9999440e-01   1.6764611e+00
   4.0000018e-01   8.7355955e-01   5.9999440e-01   1.6764611e+00   8.4785548e-02   1.9144872e-01   3.9999901e-01   8.7356159e-01   5.9999447e-01   1.6764612e+00
   3.9999901e-01   8.7356159e-01   5.9999447e-01   1.6764612e+00   8.8152810e-02   1.9032050e-01   3.9999892e-01   8.7356148e-01   5.9999453e-01   1.6764613e+00
   3.9999892e-01   8.7356148e-01   5.9999453e-01   1.6764613e+00   8.7763091e-02   1.8924800e-01   3.9999884e-01   8.7356168e-01   5.9999460e-01   1.6764614e+00
   3.9999884e-01   8.7356168e-01   5.9999460e-01   1.6764614e+00   8.4038783e-02   1.8822843e-01   3.9999885e-01   8.7356197e-01   5.9999466e-01   1.6764615e+00
   3.9999885e-01   8.7356197e-01   5.9999466e-01   1.6764615e+00   8.0680637e-02   1.8725916e-01   3.9999894e-01   8.7356240e-01   5.9999472e-01   1.6764616e+00
   3.9999894e-01   8.7356240e-01   5.9999472e-01   1.6764616e+00   8.0484317e-02   1.8633767e-01   3.9999913e-01   8.7356340e-01   5.9999477e-01   1.6764617e+00
   3.9999913e-01   8.7356340e-01   5.9999477e-01   1.6764617e+00   8.3596516e-02   1.8546160e-01   3.9999954e-01   8.7356064e-01   5.9999482e-01   1.6764617e+00
   3.9999954e-01   8.7356064e-01   5.9999482e-01   1.6764617e+00   8.7473189e-02   1.8462865e-01   3.9999895e-01   8.7356148e-01   5.9999487e-01   1.6764618e+00
   3.9999895e-01   8.7356148e-01   5.9999487e-01   1.6764618e+00   8.8325144e-02   1.8383672e-01   3.9999886e-01   8.7356160e-01   5.9999492e-01   1.6764619e+00
   3.9999886e-01   8.7356160e-01   5.9999492e-01   1.6764619e+00   8.5231287e-02   1.8308376e-01   3.9999883e-01   8.7356190e-01   5.9999496e-01   1.6764619e+00
   3.9999883e-01   8.7356190e-01   5.9999496e-01   1.6764619e+00   8.1385710e-02   1.8236783e-01   3.9999891e-01   8.7356094e-01   5.9999500e-01   1.6764620e+00
   3.9999891e-01   8.7356094e-01   5.9999500e-01   1.6764620e+00   8.0160006e-02   1.8168710e-01   3.9999867e-01   8.7357441e-01   5.9999504e-01   1.6764621e+00
   3.9999867e-01   8.7357441e-01   5.9999504e-01   1.6764621e+00   8.2479671e-02   1.8103985e-01   4.0000257e-01   8.7355473e-01   5.9999508e-01   1.6764621e+00
   4.0000257e-01   8.7355473e-01   5.9999508e-01   1.6764621e+00   8.6530672e-02   1.8042432e-01   3.9999898e-01   8.7356151e-01   5.9999511e-01   1.6764622e+00
   3.9999898e-01   8.7356151e-01   5.9999511e-01   1.6764622e+00   8.8538987e-02   1.7983908e-01   3.9999888e-01   8.7356153e-01   5.9999514e-01   1.6764622e+00
   3.9999888e-01   8.7356153e-01   5.9999514e-01   1.6764622e+00   8.6365348e-02   1.7928255e-01   3.9999883e-01   8.7356182e-01   5.9999518e-01   1.6764623e+00
   3.9999883e-01   8.7356182e-01   5.9999518e-01   1.6764623e+00   8.2317965e-02   1.7875334e-01   3.9999888e-01   8.7356204e-01   5.9999520e-01   1.6764623e+00
   3.9999888e-01   8.7356204e-01   5.9999520e-01   1.6764623e+00   8.0134980e-02   1.7825009e-01   3.9999898e-01   8.7356201e-01   5.9999523e-01   1.6764624e+00
   3.9999898e-01   8.7356201e-01   5.9999523e-01   1.6764624e+00   8.1517420e-02   1.7777152e-01   3.9999903e-01   8.7355713e-01   5.9999526e-01   1.6764624e+00
   3.9999903e-01   8.7355713e-01   5.9999526e-01   1.6764624e+00   8.5415168e-02   1.7731641e-01   3.9999760e-01   8.7356433e-01   5.9999528e-01   1.6764624e+00
   3.9999760e-01   8.7356433e-01   5.9999528e-01   1.6764624e+00   8.8382540e-02   1.7688364e-01   3.9999891e-01   8.7356149e-01   5.9999531e-01   1.6764625e+00
   3.9999891e-01   8.7356149e-01   5.9999531e-01   1.6764625e+00   8.7341189e-02   1.7647205e-01   3.9999883e-01   8.7356173e-01   5.9999533e-01   1.6764625e+00
   3.9999883e-01   8.7356173e-01   5.9999533e-01   1.6764625e+00   8.3415171e-02   1.7608063e-01   3.9999886e-01   8.7356200e-01   5.9999535e-01   1.6764625e+00
   3.9999886e-01   8.7356200e-01   5.9999535e-01   1.6764625e+00   8.0414939e-02   1.7570839e-01   3.9999896e-01   8.7357160e-01   5.9999537e-01   1.6764626e+00
   3.9999896e-01   8.7357160e-01   5.9999537e-01   1.6764626e+00   8.0773364e-02   1.7535441e-01   4.0000189e-01   8.7355670e-01   5.9999540e-01   1.6764626e+00
   4.0000189e-01   8.7355670e-01   5.9999540e-01   1.6764626e+00   8.4224862e-02   1.7501769e-01   3.9999917e-01   8.7356132e-01   5.9999541e-01   1.6764626e+00
   3.9999917e-01   8.7356132e-01   5.9999541e-01   1.6764626e+00   8.7871923e-02   1.7469751e-01   3.9999894e-01   8.7356148e-01   5.9999543e-01   1.6764626e+00
   3.9999894e-01   8.7356148e-01   5.9999543e-01   1.6764626e+00   8.8067025e-02   1.7439299e-01   3.9999885e-01   8.7356164e-01   5.9999545e-01   1.6764627e+00
   3.9999885e-01   8.7356164e-01   5.9999545e-01   1.6764627e+00   8.4598698e-02   1.7410337e-01   3.9999884e-01   8.7356194e-01   5.9999546e-01   1.6764627e+00
   3.9999884e-01   8.7356194e-01   5.9999546e-01   1.6764627e+00   8.0979706e-02   1.7382792e-01   3.9999893e-01   8.7356206e-01   5.9999548e-01   1.6764627e+00
   3.9999893e-01   8.7356206e-01   5.9999548e-01   1.6764627e+00   8.0294922e-02   1.7356595e-01   3.9999901e-01   8.7356194e-01   5.9999549e-01   1.6764627e+00
   3.9999901e-01   8.7356194e-01   5.9999549e-01   1.6764627e+00   8.3059022e-02   1.7331679e-01   3.9999903e-01   8.7356169e-01   5.9999550e-01   1.6764628e+00
   3.9999903e-01   8.7356169e-01   5.9999550e-01   1.6764628e+00   8.7059075e-02   1.7307982e-01   3.9999896e-01   8.7356149e-01   5.9999552e-01   1.6764628e+00
   3.9999896e-01   8.7356149e-01   5.9999552e-01   1.6764628e+00   8.8470968e-02   1.7285443e-01   3.9999887e-01   8.7356157e-01   5.9999553e-01   1.6764628e+00
   3.9999887e-01   8.7356157e-01   5.9999553e-01   1.6764628e+00   8.5776281e-02   1.7264007e-01   3.9999883e-01   8.7356186e-01   5.9999554e-01   1.6764628e+00
   3.9999883e-01   8.7356186e-01   5.9999554e-01   1.6764628e+00   8.1797858e-02   1.7243618e-01   3.9999890e-01   8.7356205e-01   5.9999555e-01   1.6764628e+00
   3.9999890e-01   8.7356205e-01   5.9999555e-01   1.6764628e+00   8.0109612e-02   1.7224226e-01   3.9999899e-01   8.7356199e-01   5.9999556e-01   1.6764628e+00
   3.9999899e-01   8.7356199e-01   5.9999556e-01   1.6764628e+00   8.2005685e-02   2.7956477e-01   3.9999903e-01   8.7356173e-01   5.9999557e-01   2.6764491e+00
   3.9999903e-01   8.7356173e-01   5.9999557e-01   2.6764491e+00   8.7577802e-02   2.1578089e-01   3.9999898e-01   8.7356008e-01   7.9999283e-01   2.0487740e+00
   3.9999898e-01   8.7356008e-01   7.9999283e-01   2.0487740e+00   8.9373584e-02   2.0860281e-01   3.9999845e-01   8.7356235e-01   7.9999444e-01   2.0487703e+00
   3.9999845e-01   8.7356235e-01   7.9999444e-01   2.0487703e+00   8.7694030e-02   2.0840989e-01   3.9999882e-01   8.7356176e-01   7.9999466e-01   2.0487697e+00
   3.9999882e-01   8.7356176e-01   7.9999466e-01   2.0487697e+00   8.3622529e-02   2.0822650e-01   3.9999886e-01   8.7356201e-01   7.9999467e-01   2.0487697e+00
   3.9999886e-01   8.7356201e-01   7.9999467e-01   2.0487697e+00   8.1009827e-02   2.0805209e-01   3.9999896e-01   8.7356202e-01   7.9999468e-01   2.0487697e+00
   3.9999896e-01   8.7356202e-01   7.9999468e-01   2.0487697e+00   8.1928503e-02   2.0788620e-01   3.9999902e-01   8.7355986e-01   7.9999469e-01   2.0487698e+00
   3.9999902e-01   8.7355986e-01   7.9999469e-01   2.0487698e+00   8.5686613e-02   2.0772840e-01   3.9999841e-01   8.7356273e-01   7.9999469e-01   2.0487698e+00
   3.9999841e-01   8.7356273e-01   7.9999469e-01   2.0487698e+00   8.9043529e-02   2.0757832e-01   3.9999891e-01   8.7356146e-01   7.9999470e-01   2.0487698e+00
   3.9999891e-01   8.7356146e-01   7.9999470e-01   2.0487698e+00   8.8571631e-02   2.0743557e-01   3.9999883e-01   8.7356167e-01   7.9999471e-01   2.0487698e+00
   3.9999883e-01   8.7356167e-01   7.9999471e-01   2.0487698e+00   8.4782116e-02   2.0729978e-01   3.9999884e-01   8.7356196e-01   7.9999472e-01   2.0487698e+00
   3.9999884e-01   8.7356196e-01   7.9999472e-01   2.0487698e+00   8.1430392e-02   2.0717063e-01   3.9999893e-01   8.7356204e-01   7.9999472e-01   2.0487698e+00
   3.9999893e-01   8.7356204e-01   7.9999472e-01   2.0487698e+00   8.1298152e-02   2.0704779e-01   3.9999901e-01   8.7356189e-01   7.9999473e-01   2.0487698e+00
   3.9999901e-01   8.7356189e-01   7.9999473e-01   2.0487698e+00   8.4484424e-02   2.0693094e-01   3.9999902e-01   8.7356164e-01   7.9999474e-01   2.0487699e+00
   3.9999902e-01   8.7356164e-01   7.9999474e-01   2.0487699e+00   8.8376443e-02   2.0681980e-01   3.9999894e-01   8.7356146e-01   7.9999474e-01   2.0487699e+00
   3.9999894e-01   8.7356146e-01   7.9999474e-01   2.0487699e+00   8.9159555e-02   2.0671408e-01   3.9999884e-01   8.7356159e-01   7.9999475e-01   2.0487699e+00
   3.9999884e-01   8.7356159e-01   7.9999475e-01   2.0487699e+00   8.5986586e-02   2.0661352e-01   3.9999882e-01   8.7356189e-01   7.9999475e-01   2.0487699e+00
   3.9999882e-01   8.7356189e-01   7.9999475e-01   2.0487699e+00   8.2126488e-02   2.0651788e-01   3.9999890e-01   8.7356205e-01   7.9999476e-01   2.0487699e+00
   3.9999890e-01   8.7356205e-01   7.9999476e-01   2.0487699e+00   8.0951049e-02   2.0642690e-01   3.9999900e-01   8.7356195e-01   7.9999476e-01   2.0487699e+00
   3.9999900e-01   8.7356195e-01   7.9999476e-01   2.0487699e+00   8.3350129e-02   2.0634036e-01   3.9999902e-01   8.7356171e-01   7.9999477e-01   2.0487699e+00
   3.9999902e-01   8.7356171e-01   7.9999477e-01   2.0487699e+00   1.9039000e-01   2.0625805e-01   3.9999897e-01   1.8735571e+00   7.9999477e-01   2.0487699e+00
   3.9999897e-01   1.8735571e+00   7.9999477e-01   2.0487699e+00   1.2841774e-01   2.0961491e-01   6.9999756e-01   1.2371360e+00   7.9999478e-01   2.0487695e+00
   6.9999756e-01   1.2371360e+00   7.9999478e-01   2.0487695e+00   1.2010394e-01   2.0779058e-01   6.9999831e-01   1.2371349e+00   7.9999469e-01   2.0487700e+00
   6.9999831e-01   1.2371349e+00   7.9999469e-01   2.0487700e+00   1.1447581e-01   2.0771915e-01   6.9999846e-01   1.2371350e+00   7.9999474e-01   2.0487699e+00
   6.9999846e-01   1.2371350e+00   7.9999474e-01   2.0487699e+00   1.1151614e-01   2.0765122e-01   6.9999860e-01   1.2371350e+00   7.9999474e-01   2.0487699e+00
   6.9999860e-01   1.2371350e+00   7.9999474e-01   2.0487699e+00   1.1352678e-01   2.0758660e-01   6.9999867e-01   1.2371347e+00   7.9999475e-01   2.0487699e+00
   6.9999867e-01   1.2371347e+00   7.9999475e-01   2.0487699e+00   1.1897631e-01   2.0752513e-01   6.9999862e-01   1.2371343e+00   7.9999475e-01   2.0487699e+00
   6.9999862e-01   1.2371343e+00   7.9999475e-01   2.0487699e+00   1.2303344e-01   2.0746667e-01   6.9999849e-01   1.2371343e+00   7.9999475e-01   2.0487699e+00
   6.9999849e-01   1.2371343e+00   7.9999475e-01   2.0487699e+00   1.2147972e-01   2.0741105e-01   6.9999838e-01   1.2371346e+00   7.9999476e-01   2.0487699e+00
   6.9999838e-01   1.2371346e+00   7.9999476e-01   2.0487699e+00   1.1599145e-01   2.0735815e-01   6.9999842e-01   1.2371350e+00   7.9999476e-01   2.0487699e+00
   6.9999842e-01   1.2371350e+00   7.9999476e-01   2.0487699e+00   1.1187855e-01   2.0730784e-01   6.9999856e-01   1.2371350e+00   7.9999476e-01   2.0487699e+00
   6.9999856e-01   1.2371350e+00   7.9999476e-01   2.0487699e+00   1.1247141e-01   2.0725998e-01   6.9999866e-01   1.2371482e+00   7.9999477e-01   2.0487699e+00
   6.9999866e-01   1.2371482e+00   7.9999477e-01   2.0487699e+00   1.1732176e-01   2.0721449e-01   7.0000266e-01   1.2371260e+00   7.9999477e-01   2.0487699e+00
   7.0000266e-01   1.2371260e+00   7.9999477e-01   2.0487699e+00   1.2235191e-01   2.0717112e-01   6.9999853e-01   1.2371342e+00   7.9999477e-01   2.0487699e+00
   6.9999853e-01   1.2371342e+00   7.9999477e-01   2.0487699e+00   1.2251494e-01   2.0712995e-01   6.9999840e-01   1.2371345e+00   7.9999477e-01   2.0487699e+00
   6.9999840e-01   1.2371345e+00   7.9999477e-01   2.0487699e+00   1.1763469e-01   2.0709076e-01   6.9999840e-01   1.2371349e+00   7.9999477e-01   2.0487699e+00
   6.9999840e-01   1.2371349e+00   7.9999477e-01   2.0487699e+00   1.1264207e-01   2.0705349e-01   6.9999852e-01   1.2371355e+00   7.9999478e-01   2.0487699e+00
   6.9999852e-01   1.2371355e+00   7.9999478e-01   2.0487699e+00   1.1177907e-01   2.0701804e-01   6.9999878e-01   1.2371346e+00   7.9999478e-01   2.0487699e+00
   6.9999878e-01   1.2371346e+00   7.9999478e-01   2.0487699e+00   1.1569403e-01   2.0698432e-01   6.9999866e-01   1.2371345e+00   7.9999478e-01   2.0487699e+00
   6.9999866e-01   1.2371345e+00   7.9999478e-01   2.0487699e+00   1.2124412e-01   2.0695224e-01   6.9999857e-01   1.2371342e+00   7.9999478e-01   2.0487699e+00
   6.9999857e-01   1.2371342e+00   7.9999478e-01   2.0487699e+00   1.2310731e-01   2.0692172e-01   6.9999843e-01   1.2371344e+00   7.9999478e-01   2.0487699e+00
   6.9999843e-01   1.2371344e+00   7.9999478e-01   2.0487699e+00   1.1927810e-01   2.0689270e-01   6.9999838e-01   1.2371348e+00   7.9999479e-01   2.0487699e+00
   6.9999838e-01   1.2371348e+00   7.9999479e-01   2.0487699e+00   1.1376058e-01   2.0686509e-01   6.9999848e-01   1.2371350e+00   7.9999479e-01   2.0487699e+00
   6.9999848e-01   1.2371350e+00   7.9999479e-01   2.0487699e+00   1.1149496e-01   2.0683883e-01   6.9999861e-01   1.2371349e+00   7.9999479e-01   2.0487699e+00
   6.9999861e-01   1.2371349e+00   7.9999479e-01   2.0487699e+00   1.1421504e-01   2.0681385e-01   6.9999867e-01   1.2371346e+00   7.9999479e-01   2.0487699e+00
   6.9999867e-01   1.2371346e+00   7.9999479e-01   2.0487699e+00   1.1981827e-01   2.0679008e-01   6.9999860e-01   1.2371343e+00   7.9999479e-01   2.0487699e+00
   6.9999860e-01   1.2371343e+00   7.9999479e-01   2.0487699e+00   1.2319628e-01   2.0676748e-01   6.9999846e-01   1.2371343e+00   7.9999479e-01   2.0487699e+00
   6.9999846e-01   1.2371343e+00   7.9999479e-01   2.0487699e+00   1.2078345e-01   2.0674598e-01   6.9999838e-01   1.2371347e+00   7.9999479e-01   2.0487699e+00
   6.9999838e-01   1.2371347e+00   7.9999479e-01   2.0487699e+00   1.1516297e-01   2.0672553e-01   6.9999844e-01   1.2371350e+00   7.9999479e-01   2.0487699e+00
   6.9999844e-01   1.2371350e+00   7.9999479e-01   2.0487699e+00   1.1163417e-01   2.0670608e-01   6.9999858e-01   1.2371350e+00   7.9999479e-01   2.0487699e+00
   6.9999858e-01   1.2371350e+00   7.9999479e-01   2.0487699e+00   1.1298959e-01   1.5396463e-01   6.9999866e-01   1.2371347e+00   7.9999480e-01   1.5487766e+00
   6.9999866e-01   1.2371347e+00   7.9999480e-01   1.5487766e+00   1.1603759e-01   1.8320927e-01   6.9999863e-01   1.2371344e+00   6.9999612e-01   1.8556939e+00
   6.9999863e-01   1.2371344e+00   6.9999612e-01   1.8556939e+00   1.2179734e-01   1.8765370e-01   6.9999851e-01   1.2371343e+00   6.9999539e-01   1.8556956e+00
   6.9999851e-01   1.2371343e+00   6.9999539e-01   1.8556956e+00   1.2104520e-01   1.8763930e-01   6.9999840e-01   1.2371346e+00   6.9999528e-01   1.8556960e+00
   6.9999840e-01   1.2371346e+00   6.9999528e-01   1.8556960e+00   1.1582578e-01   1.8762555e-01   6.9999842e-01   1.2371350e+00   6.9999528e-01   1.8556960e+00
   6.9999842e-01   1.2371350e+00   6.9999528e-01   1.8556960e+00   1.1129753e-01   1.8761247e-01   6.9999855e-01   1.2371350e+00   6.9999528e-01   1.8556960e+00
   6.9999855e-01   1.2371350e+00   6.9999528e-01   1.8556960e+00   1.1120713e-01   1.8760002e-01   6.9999866e-01   1.2371348e+00   6.9999528e-01   1.8556960e+00
   6.9999866e-01   1.2371348e+00   6.9999528e-01   1.8556960e+00   1.1562228e-01   1.8758818e-01   6.9999866e-01   1.2371345e+00   6.9999528e-01   1.8556960e+00
   6.9999866e-01   1.2371345e+00   6.9999528e-01   1.8556960e+00   1.2091176e-01   1.8757691e-01   6.9999856e-01   1.2371342e+00   6.9999528e-01   1.8556960e+00
   6.9999856e-01   1.2371342e+00   6.9999528e-01   1.8556960e+00   1.2187668e-01   1.8756620e-01   6.9999842e-01   1.2371344e+00   6.9999528e-01   1.8556960e+00
   6.9999842e-01   1.2371344e+00   6.9999528e-01   1.8556960e+00   1.1747269e-01   1.8755601e-01   6.9999840e-01   1.2371349e+00   6.9999528e-01   1.8556960e+00
   6.9999840e-01   1.2371349e+00   6.9999528e-01   1.8556960e+00   1.1222726e-01   1.8754631e-01   6.9999851e-01   1.2371351e+00   6.9999528e-01   1.8556960e+00
   6.9999851e-01   1.2371351e+00   6.9999528e-01   1.8556960e+00   1.1070722e-01   1.8753709e-01   6.9999864e-01   1.2371349e+00   6.9999528e-01   1.8556960e+00
   6.9999864e-01   1.2371349e+00   6.9999528e-01   1.8556960e+00   1.1406196e-01   1.8752832e-01   6.9999867e-01   1.2371346e+00   6.9999528e-01   1.8556960e+00
   6.9999867e-01   1.2371346e+00   6.9999528e-01   1.8556960e+00   1.1964960e-01   1.8751998e-01   6.9999859e-01   1.2371343e+00   6.9999528e-01   1.8556960e+00
   6.9999859e-01   1.2371343e+00   6.9999528e-01   1.8556960e+00   1.2223476e-01   1.8751204e-01   6.9999846e-01   1.2371343e+00   6.9999528e-01   1.8556960e+00
   6.9999846e-01   1.2371343e+00   6.9999528e-01   1.8556960e+00   1.1905614e-01   1.8750449e-01   6.9999839e-01   1.2371348e+00   6.9999529e-01   1.8556960e+00
   6.9999839e-01   1.2371348e+00   6.9999529e-01   1.8556960e+00   1.1347925e-01   1.8749731e-01   6.9999847e-01   1.2371350e+00   6.9999528e-01   1.8556960e+00
   6.9999847e-01   1.2371350e+00   6.9999528e-01   1.8556960e+00   1.1062165e-01   1.8749048e-01   6.9999861e-01   1.2371350e+00   6.9999528e-01   1.8556960e+00
   6.9999861e-01   1.2371350e+00   6.9999528e-01   1.8556960e+00   1.1270117e-01   1.8748398e-01   6.9999868e-01   1.2371347e+00   6.9999528e-01   1.8556960e+00
   6.9999868e-01   1.2371347e+00   6.9999528e-01   1.8556960e+00   5.0317967e-02   1.8747780e-01   6.9999863e-01   5.7047051e-01   6.9999528e-01   1.8556960e+00
   6.9999863e-01   5.7047051e-01   6.9999528e-01   1.8556960e+00   9.5328029e-02   1.8564246e-01   4.9999935e-01   9.9999720e-01   6.9999528e-01   1.8556962e+00
   4.9999935e-01   9.9999720e-01   6.9999528e-01   1.8556962e+00   9.9337245e-02   1.8638589e-01   4.9999874e-01   9.9999837e-01   6.9999533e-01   1.8556960e+00
   4.9999874e-01   9.9999837e-01   6.9999533e-01   1.8556960e+00   9.4828133e-02   1.8638061e-01   4.9999871e-01   9.9999882e-01   6.9999531e-01   1.8556960e+00
   4.9999871e-01   9.9999882e-01   6.9999531e-01   1.8556960e+00   9.1515927e-02   1.8637558e-01   4.9999882e-01   9.9999884e-01   6.9999531e-01   1.8556960e+00
   4.9999882e-01   9.9999884e-01   6.9999531e-01   1.8556960e+00   9.2074156e-02   1.8637079e-01   4.9999890e-01   9.9999863e-01   6.9999531e-01   1.8556960e+00
   4.9999890e-01   9.9999863e-01   6.9999531e-01   1.8556960e+00   9.6084035e-02   1.8636624e-01   4.9999888e-01   9.9999834e-01   6.9999531e-01   1.8556960e+00
   4.9999888e-01   9.9999834e-01   6.9999531e-01   1.8556960e+00   1.0016009e-01   1.8636191e-01   4.9999879e-01   9.9999820e-01   6.9999531e-01   1.8556960e+00
   4.9999879e-01   9.9999820e-01   6.9999531e-01   1.8556960e+00   1.0020451e-01   1.8635778e-01   4.9999869e-01   9.9999842e-01   6.9999531e-01   1.8556960e+00
   4.9999869e-01   9.9999842e-01   6.9999531e-01   1.8556960e+00   9.6169109e-02   1.8635387e-01   4.9999868e-01   9.9999876e-01   6.9999531e-01   1.8556961e+00
   4.9999868e-01   9.9999876e-01   6.9999531e-01   1.8556961e+00   9.2121008e-02   1.8635014e-01   4.9999879e-01   9.9999887e-01   6.9999532e-01   1.8556960e+00
   4.9999879e-01   9.9999887e-01   6.9999532e-01   1.8556960e+00   9.1488819e-02   1.8634660e-01   4.9999888e-01   9.9999871e-01   6.9999531e-01   1.8556960e+00
   4.9999888e-01   9.9999871e-01   6.9999531e-01   1.8556960e+00   9.4747071e-02   1.8634322e-01   4.9999890e-01   9.9999842e-01   6.9999531e-01   1.8556960e+00
   4.9999890e-01   9.9999842e-01   6.9999531e-01   1.8556960e+00   9.9273053e-02   1.8634002e-01   4.9999882e-01   9.9999821e-01   6.9999531e-01   1.8556961e+00
   4.9999882e-01   9.9999821e-01   6.9999531e-01   1.8556961e+00   1.0071373e-01   1.8633696e-01   4.9999871e-01   9.9999833e-01   6.9999533e-01   1.8556960e+00
   4.9999871e-01   9.9999833e-01   6.9999533e-01   1.8556960e+00   9.7517084e-02   1.8633406e-01   4.9999867e-01   9.9999868e-01   6.9999531e-01   1.8556960e+00
   4.9999867e-01   9.9999868e-01   6.9999531e-01   1.8556960e+00   9.3019594e-02   1.8633130e-01   4.9999875e-01   9.9999887e-01   6.9999531e-01   1.8556960e+00
   4.9999875e-01   9.9999887e-01   6.9999531e-01   1.8556960e+00   9.1234907e-02   1.8632867e-01   4.9999886e-01   9.9999877e-01   6.9999531e-01   1.8556960e+00
   4.9999886e-01   9.9999877e-01   6.9999531e-01   1.8556960e+00   9.3526545e-02   1.8632617e-01   4.9999890e-01   9.9999850e-01   6.9999531e-01   1.8556960e+00
   4.9999890e-01   9.9999850e-01   6.9999531e-01   1.8556960e+00   9.8119587e-02   1.8632380e-01   4.9999885e-01   9.9999825e-01   6.9999531e-01   1.8556961e+00
   4.9999885e-01   9.9999825e-01   6.9999531e-01   1.8556961e+00   1.0081295e-01   1.8632154e-01   4.9999874e-01   9.9999826e-01   6.9999532e-01   1.8556961e+00
   4.9999874e-01   9.9999826e-01   6.9999532e-01   1.8556961e+00   9.8759236e-02   1.8631939e-01   4.9999867e-01   9.9999858e-01   6.9999532e-01   1.8556961e+00
   4.9999867e-01   9.9999858e-01   6.9999532e-01   1.8556961e+00   9.4154678e-02   1.8631734e-01   4.9999872e-01   9.9999884e-01   6.9999534e-01   1.8556960e+00
   4.9999872e-01   9.9999884e-01   6.9999534e-01   1.8556960e+00   9.1327146e-02   1.8631539e-01   4.9999883e-01   9.9999882e-01   6.9999532e-01   1.8556960e+00
   4.9999883e-01   9.9999882e-01   6.9999532e-01   1.8556960e+00   9.2508726e-02   1.8631354e-01   4.9999890e-01   9.9999859e-01   6.9999532e-01   1.8556960e+00
   4.9999890e-01   9.9999859e-01   6.9999532e-01   1.8556960e+00   9.6806950e-02   1.8631178e-01   4.9999887e-01   9.9999830e-01   6.9999532e-01   1.8556960e+00
   4.9999887e-01   9.9999830e-01   6.9999532e-01   1.8556960e+00   1.0049189e-01   1.8631011e-01   4.9999877e-01   9.9999822e-01   6.9999532e-01   1.8556961e+00
   4.9999877e-01   9.9999822e-01   6.9999532e-01   1.8556961e+00   9.9783577e-02   1.8630852e-01   4.9999868e-01   9.9999848e-01   6.9999533e-01   1.8556961e+00
   4.9999868e-01   9.9999848e-01   6.9999533e-01   1.8556961e+00   9.5448945e-02   1.8630700e-01   4.9999870e-01   9.9999879e-01   6.9999533e-01   1.8556960e+00
   4.9999870e-01   9.9999879e-01   6.9999533e-01   1.8556960e+00   9.1760221e-02   1.8630556e-01   4.9999880e-01   9.9999886e-01   6.9999532e-01   1.8556960e+00
   4.9999880e-01   9.9999886e-01   6.9999532e-01   1.8556960e+00   9.1760265e-02   8.1027306e-02   4.9999889e-01   9.9999866e-01   6.9999532e-01   8.5570924e-01
   4.9999889e-01   9.9999866e-01   6.9999532e-01   8.5570924e-01   9.1916121e-02   1.4061736e-01   4.9999889e-01   9.9999717e-01   4.9999795e-01   1.4999867e+00
   4.9999889e-01   9.9999717e-01   4.9999795e-01   1.4999867e+00   9.8385312e-02   1.5206586e-01   4.9999844e-01   9.9999819e-01   4.9999602e-01   1.4999937e+00
   4.9999844e-01   9.9999819e-01   4.9999602e-01   1.4999937e+00   9.9083694e-02   1.5206490e-01   4.9999846e-01   9.9999894e-01   4.9999619e-01   1.4999931e+00
   4.9999846e-01   9.9999894e-01   4.9999619e-01   1.4999931e+00   9.5450275e-02   1.5206399e-01   4.9999870e-01   9.9999874e-01   4.9999618e-01   1.4999931e+00
   4.9999870e-01   9.9999874e-01   4.9999618e-01   1.4999931e+00   9.1212310e-02   1.5206312e-01   4.9999879e-01   9.9999888e-01   4.9999618e-01   1.4999931e+00
   4.9999879e-01   9.9999888e-01   4.9999618e-01   1.4999931e+00   9.0047371e-02   1.5206229e-01   4.9999889e-01   9.9999876e-01   4.9999617e-01   1.4999931e+00
   4.9999889e-01   9.9999876e-01   4.9999617e-01   1.4999931e+00   9.2835349e-02   1.5206150e-01   4.9999892e-01   9.9999848e-01   4.9999617e-01   1.4999931e+00
   4.9999892e-01   9.9999848e-01   4.9999617e-01   1.4999931e+00   9.7375375e-02   1.5206075e-01   4.9999885e-01   9.9999825e-01   4.9999617e-01   1.4999931e+00
   4.9999885e-01   9.9999825e-01   4.9999617e-01   1.4999931e+00   9.9400218e-02   1.5206004e-01   4.9999874e-01   9.9999832e-01   4.9999617e-01   1.4999931e+00
   4.9999874e-01   9.9999832e-01   4.9999617e-01   1.4999931e+00   9.6744518e-02   1.5205935e-01   4.9999869e-01   9.9999865e-01   4.9999618e-01   1.4999931e+00
   4.9999869e-01   9.9999865e-01   4.9999618e-01   1.4999931e+00   9.2215849e-02   1.5205871e-01   4.9999875e-01   9.9999888e-01   4.9999617e-01   1.4999931e+00
   4.9999875e-01   9.9999888e-01   4.9999617e-01   1.4999931e+00   8.9956399e-02   1.5205810e-01   4.9999887e-01   9.9999882e-01   4.9999618e-01   1.4999931e+00
   4.9999887e-01   9.9999882e-01   4.9999618e-01   1.4999931e+00   9.1716157e-02   1.5205751e-01   4.9999892e-01   9.9999856e-01   4.9999617e-01   1.4999931e+00
   4.9999892e-01   9.9999856e-01   4.9999617e-01   1.4999931e+00   9.6150643e-02   1.5205697e-01   4.9999888e-01   9.9999830e-01   4.9999617e-01   1.4999932e+00
   4.9999888e-01   9.9999830e-01   4.9999617e-01   1.4999932e+00   9.9302418e-02   1.5205644e-01   4.9999877e-01   9.9999828e-01   4.9999619e-01   1.4999932e+00
   4.9999877e-01   9.9999828e-01   4.9999619e-01   1.4999932e+00   9.7881834e-02   1.5205591e-01   4.9999870e-01   9.9999853e-01   4.9999621e-01   1.4999930e+00
   4.9999870e-01   9.9999853e-01   4.9999621e-01   1.4999930e+00   9.3419259e-02   1.5205544e-01   4.9999873e-01   9.9999884e-01   4.9999617e-01   1.4999931e+00
   4.9999873e-01   9.9999884e-01   4.9999617e-01   1.4999931e+00   9.0206729e-02   1.5205499e-01   4.9999884e-01   9.9999886e-01   4.9999617e-01   1.4999931e+00
   4.9999884e-01   9.9999886e-01   4.9999617e-01   1.4999931e+00   9.0694725e-02   1.5205487e-01   4.9999891e-01   9.9859058e-01   4.9999617e-01   1.4999960e+00
   4.9999891e-01   9.9859058e-01   4.9999617e-01   1.4999960e+00  -7.2423247e-02  -1.1111802e-01   4.9957648e-01  -6.6576049e-01   4.9999676e-01  -9.9997577e-01
