   0.0000000e+00   0.0000000e+00   0.0000000e+00   0.0000000e+00   3.4118968e+00  -6.9179235e+00   1.8162258e-02   3.4118968e+01   3.3758239e-03  -3.4589618e+01
   1.8162258e-02   3.4118968e+01   3.3758239e-03  -3.4589618e+01   2.7848906e+00  -6.0233317e+00   1.0232782e+01   2.9020609e+01  -6.9080670e+00  -3.0869418e+01
   1.0232782e+01   2.9020609e+01  -6.9080670e+00  -3.0869418e+01   2.5407399e+00  -4.3478543e+00   9.7051135e+00   2.6619332e+01  -5.1958414e+00  -2.2800225e+01
   9.7051135e+00   2.6619332e+01  -5.1958414e+00  -2.2800225e+01   2.3674908e+00  -2.9385044e+00   8.9814402e+00   2.3916923e+01  -3.5913856e+00  -1.5772004e+01
   8.9814402e+00   2.3916923e+01  -3.5913856e+00  -1.5772004e+01   2.1744493e+00  -1.7608406e+00   8.1664777e+00   2.1018323e+01  -2.2240681e+00  -9.6674078e+00
   8.1664777e+00   2.1018323e+01  -2.2240681e+00  -9.6674078e+00   1.9197213e+00  -7.7030331e-01   7.2880490e+00   1.8400014e+01  -1.0985287e+00  -4.3222600e+00
   7.2880490e+00   1.8400014e+01  -1.0985287e+00  -4.3222600e+00   1.5843511e+00   1.6073942e-01   6.5096159e+00   1.5769935e+01  -3.0945803e-01   9.2628919e-01
   6.5096159e+00   1.5769935e+01  -3.0945803e-01   9.2628919e-01   1.2712010e+00   5.4137650e-01   5.7133556e+00   1.3298655e+01   2.7866058e-01   3.1761366e+00
   5.7133556e+00   1.3298655e+01   2.7866058e-01   3.1761366e+00   1.0389882e+00   5.3923461e-01   4.9367934e+00   1.1077460e+01   7.2648733e-01   3.2286831e+00
   4.9367934e+00   1.1077460e+01   7.2648733e-01   3.2286831e+00   8.7684993e-01   5.6576112e-01   4.2777995e+00   9.1301679e+00   9.8802263e-01   3.4580891e+00
   4.2777995e+00   9.1301679e+00   9.8802263e-01   3.4580891e+00   7.3256136e-01   5.6242171e-01   3.7096609e+00   7.3144334e+00   1.1858059e+00   3.5093633e+00
   3.7096609e+00   7.3144334e+00   1.1858059e+00   3.5093633e+00   5.9389566e-01   5.8571343e-01   3.1315901e+00   5.8437273e+00   1.2633721e+00   3.7316679e+00
   3.1315901e+00   5.8437273e+00   1.2633721e+00   3.7316679e+00   4.4740590e-01   5.4711055e-01   2.6515668e+00   4.5475674e+00   1.3544485e+00   3.5595610e+00
   2.6515668e+00   4.5475674e+00   1.3544485e+00   3.5595610e+00   2.5031830e-01   4.8594530e-01   2.2327899e+00   2.7500704e+00   1.3814321e+00   3.2370435e+00
   2.2327899e+00   2.7500704e+00   1.3814321e+00   3.2370435e+00   1.1335935e-01   4.5557435e-01   1.6655623e+00   1.4277085e+00   1.3129662e+00   3.1235185e+00
   1.6655623e+00   1.4277085e+00   1.3129662e+00   3.1235185e+00   4.8573781e-02   3.9468397e-01   1.1600647e+00   6.9260326e-01   1.2778394e+00   2.7913359e+00
   1.1600647e+00   6.9260326e-01   1.2778394e+00   2.7913359e+00   1.1940387e-02   3.8607591e-01   7.8625606e-01   2.4110160e-01   1.1715905e+00   2.8176232e+00
   7.8625606e-01   2.4110160e-01   1.1715905e+00   2.8176232e+00   2.9273888e-02   3.6876545e-01   4.5893916e-01   3.3828251e-01   1.1342684e+00   2.7262033e+00
   4.5893916e-01   3.3828251e-01   1.1342684e+00   2.7262033e+00   1.5934337e-02   3.4970770e-01   2.7629424e-01   1.7477996e-01   1.1045969e+00   2.6331595e+00
   2.7629424e-01   1.7477996e-01   1.1045969e+00   2.6331595e+00  -6.1005538e-03   3.0983542e-01   1.1445360e-01  -5.3150776e-02   1.1044961e+00   2.3860204e+00
   1.1445360e-01  -5.3150776e-02   1.1044961e+00   2.3860204e+00  -4.1696713e-02   3.1959508e-01  -4.2848523e-03  -4.3434567e-01   1.0467822e+00   2.5182589e+00
  -4.2848523e-03  -4.3434567e-01   1.0467822e+00   2.5182589e+00  -8.4204017e-02   3.4648069e-01  -1.1881874e-01  -8.7726292e-01   1.0216045e+00   2.7121544e+00
  -1.1881874e-01  -8.7726292e-01   1.0216045e+00   2.7121544e+00  -1.3194122e-01   3.4977830e-01  -2.4276740e-01  -1.3174399e+00   1.0445145e+00   2.7384411e+00
  -2.4276740e-01  -1.3174399e+00   1.0445145e+00   2.7384411e+00  -1.8291563e-01   3.3949425e-01  -3.3781036e-01  -1.7465591e+00   1.0790513e+00   2.6844846e+00
  -3.3781036e-01  -1.7465591e+00   1.0790513e+00   2.6844846e+00  -2.3052888e-01   3.6880392e-01  -4.0519653e-01  -2.1917207e+00   1.0718500e+00   2.9367457e+00
  -4.0519653e-01  -2.1917207e+00   1.0718500e+00   2.9367457e+00  -2.6988706e-01   3.8915454e-01  -4.9671966e-01  -2.6704704e+00   1.1163399e+00   3.1036284e+00
  -4.9671966e-01  -2.6704704e+00   1.1163399e+00   3.1036284e+00  -3.0233901e-01   4.0924057e-01  -5.8299357e-01  -3.1256868e+00   1.1739346e+00   3.2851488e+00
  -5.8299357e-01  -3.1256868e+00   1.1739346e+00   3.2851488e+00  -3.3698688e-01   4.3789824e-01  -7.0292776e-01  -3.5161960e+00   1.2379912e+00   3.5404019e+00
  -7.0292776e-01  -3.5161960e+00   1.2379912e+00   3.5404019e+00  -3.8727483e-01   4.8748321e-01  -7.1087624e-01  -3.9071929e+00   1.3007489e+00   3.9685828e+00
  -7.1087624e-01  -3.9071929e+00   1.3007489e+00   3.9685828e+00  -4.6224080e-01   5.4273562e-01  -8.2816385e-01  -4.4540367e+00   1.4095951e+00   4.4481761e+00
  -8.2816385e-01  -4.4540367e+00   1.4095951e+00   4.4481761e+00  -5.2243864e-01   6.1069921e-01  -9.3787355e-01  -4.9501979e+00   1.5419397e+00   5.0410189e+00
  -9.3787355e-01  -4.9501979e+00   1.5419397e+00   5.0410189e+00  -5.6012983e-01   6.9045733e-01  -1.0293129e+00  -5.4716367e+00   1.7033936e+00   5.7415801e+00
  -1.0293129e+00  -5.4716367e+00   1.7033936e+00   5.7415801e+00  -5.9183191e-01   7.9089484e-01  -1.1355100e+00  -6.0656359e+00   1.8839414e+00   6.6250544e+00
  -1.1355100e+00  -6.0656359e+00   1.8839414e+00   6.6250544e+00  -6.5001873e-01   9.3147959e-01  -1.2573912e+00  -6.8100402e+00   2.1078098e+00   7.8568749e+00
  -1.2573912e+00  -6.8100402e+00   2.1078098e+00   7.8568749e+00  -7.4719290e-01   1.1173547e+00  -1.4265619e+00  -7.6556687e+00   2.3764482e+00   9.4877608e+00
  -1.4265619e+00  -7.6556687e+00   2.3764482e+00   9.4877608e+00  -8.7820737e-01   1.3223201e+00  -1.6182117e+00  -8.5809508e+00   2.7459027e+00   1.1302781e+01
  -1.6182117e+00  -8.5809508e+00   2.7459027e+00   1.1302781e+01  -1.0138940e+00   1.5741768e+00  -1.8327867e+00  -9.6236864e+00   3.1438152e+00   1.3545561e+01
  -1.8327867e+00  -9.6236864e+00   3.1438152e+00   1.3545561e+01  -1.1255019e+00   1.9375311e+00  -2.1265307e+00  -1.0881162e+01   3.6115115e+00   1.6777972e+01
  -2.1265307e+00  -1.0881162e+01   3.6115115e+00   1.6777972e+01  -1.2313860e+00   2.3638631e+00  -2.4374837e+00  -1.2485408e+01   4.2834019e+00   2.0595217e+01
  -2.4374837e+00  -1.2485408e+01   4.2834019e+00   2.0595217e+01  -1.3672084e+00   2.8755460e+00  -2.8741268e+00  -1.4321027e+01   5.0593307e+00   2.5205128e+01
  -2.8741268e+00  -1.4321027e+01   5.0593307e+00   2.5205128e+01  -1.5795636e+00   3.4644255e+00  -3.4010917e+00  -1.6374585e+01   5.9947694e+00   3.0544685e+01
  -3.4010917e+00  -1.6374585e+01   5.9947694e+00   3.0544685e+01  -1.9497857e+00   4.2870436e+00  -3.9988111e+00  -1.9333874e+01   7.0894624e+00   3.8010571e+01
  -3.9988111e+00  -1.9333874e+01   7.0894624e+00   3.8010571e+01  -2.4032059e+00   5.2113982e+00  -4.8545319e+00  -2.2922213e+01   8.5843010e+00   4.6455893e+01
  -4.8545319e+00  -2.2922213e+01   8.5843010e+00   4.6455893e+01  -2.8156257e+00   6.1405174e+00  -5.9114121e+00  -2.6976730e+01   1.0268837e+01   5.5025908e+01
  -5.9114121e+00  -2.6976730e+01   1.0268837e+01   5.5025908e+01  -3.1239844e+00   6.8899482e+00  -7.1261985e+00  -3.1258446e+01   1.1995538e+01   6.2054537e+01
  -7.1261985e+00  -3.1258446e+01   1.1995538e+01   6.2054537e+01  -3.2438748e+00   7.1528794e+00  -8.3996215e+00  -3.3808648e+01   1.3396956e+01   6.4738051e+01
  -8.3996215e+00  -3.3808648e+01   1.3396956e+01   6.4738051e+01  -3.4653942e+00   7.2112553e+00  -9.1416931e+00  -3.6203674e+01   1.3933553e+01   6.5574646e+01
  -9.1416931e+00  -3.6203674e+01   1.3933553e+01   6.5574646e+01  -3.7888678e+00   7.0100205e+00  -9.8786471e+00  -3.8108385e+01   1.4121565e+01   6.4030965e+01
  -9.8786471e+00  -3.8108385e+01   1.4121565e+01   6.4030965e+01  -4.1147781e+00   6.5490187e+00  -1.0448078e+01  -3.9550218e+01   1.3815053e+01   6.0078481e+01
  -1.0448078e+01  -3.9550218e+01   1.3815053e+01   6.0078481e+01  -4.2333530e+00   5.8308973e+00  -1.0883476e+01  -4.0294398e+01   1.3010389e+01   5.3713114e+01
  -1.0883476e+01  -4.0294398e+01   1.3010389e+01   5.3713114e+01  -4.0803797e+00   4.9069588e+00  -1.1105865e+01  -4.0243187e+01   1.1723368e+01   4.5383833e+01
  -1.1105865e+01  -4.0243187e+01   1.1723368e+01   4.5383833e+01  -3.8127128e+00   3.8397073e+00  -1.1076985e+01  -3.9372516e+01   1.0081338e+01   3.5652242e+01
  -1.1076985e+01  -3.9372516e+01   1.0081338e+01   3.5652242e+01  -3.5899881e+00   2.7499714e+00  -1.0821750e+01  -3.7628907e+01   8.1302252e+00   2.5632938e+01
  -1.0821750e+01  -3.7628907e+01   8.1302252e+00   2.5632938e+01  -3.4761192e+00   1.7954453e+00  -1.0295385e+01  -3.5394612e+01   6.0836697e+00   1.6799824e+01
  -1.0295385e+01  -3.5394612e+01   6.0836697e+00   1.6799824e+01  -3.3730458e+00   9.1758999e-01  -9.6146547e+00  -3.2720664e+01   4.3461936e+00   8.6206028e+00
  -9.6146547e+00  -3.2720664e+01   4.3461936e+00   8.6206028e+00  -3.1382280e+00   2.4348215e-01  -8.8069866e+00  -2.9734190e+01   2.6673960e+00   2.3037743e+00
  -8.8069866e+00  -2.9734190e+01   2.6673960e+00   2.3037743e+00  -2.7356302e+00  -2.0696572e-01  -7.9218809e+00  -2.6556499e+01   1.3449215e+00  -1.9436655e+00
  -7.9218809e+00  -2.6556499e+01   1.3449215e+00  -1.9436655e+00  -2.3426483e+00  -2.7392446e-01  -6.9764290e+00  -2.3849212e+01   2.7040843e-01  -2.5871184e+00
  -6.9764290e+00  -2.3849212e+01   2.7040843e-01  -2.5871184e+00  -2.0342030e+00  -5.9030885e-01  -6.1570756e+00  -2.1267466e+01  -4.5236406e-01  -5.5951045e+00
  -6.1570756e+00  -2.1267466e+01  -4.5236406e-01  -5.5951045e+00  -1.8230195e+00  -9.4295972e-01  -5.3990873e+00  -1.8732394e+01  -9.4946387e-01  -8.9602103e+00
  -5.3990873e+00  -1.8732394e+01  -9.4946387e-01  -8.9602103e+00  -1.6761543e+00  -1.1495317e+00  -4.6306065e+00  -1.6438781e+01  -1.3288786e+00  -1.0948188e+01
  -4.6306065e+00  -1.6438781e+01  -1.3288786e+00  -1.0948188e+01  -1.4905517e+00  -1.2642732e+00  -3.9769484e+00  -1.4130913e+01  -1.5627146e+00  -1.2066779e+01
  -3.9769484e+00  -1.4130913e+01  -1.5627146e+00  -1.2066779e+01  -1.2611364e+00  -1.3260871e+00  -3.2934844e+00  -1.2099906e+01  -1.7046055e+00  -1.2682487e+01
  -3.2934844e+00  -1.2099906e+01  -1.7046055e+00  -1.2682487e+01  -1.0184907e+00  -1.3446162e+00  -2.7062116e+00  -1.0235272e+01  -1.7969334e+00  -1.2884536e+01
  -2.7062116e+00  -1.0235272e+01  -1.7969334e+00  -1.2884536e+01  -8.1298487e-01  -1.3404950e+00  -2.1927412e+00  -8.4772012e+00  -1.8135668e+00  -1.2868366e+01
  -2.1927412e+00  -8.4772012e+00  -1.8135668e+00  -1.2868366e+01  -6.1436745e-01  -1.3091401e+00  -1.7222951e+00  -6.3777738e+00  -1.8171058e+00  -1.2589220e+01
  -1.7222951e+00  -6.3777738e+00  -1.8171058e+00  -1.2589220e+01  -4.3670420e-01  -1.2690358e+00  -1.1549558e+00  -4.3466657e+00  -1.7627039e+00  -1.2222692e+01
  -1.1549558e+00  -4.3466657e+00  -1.7627039e+00  -1.2222692e+01  -2.4571316e-01  -1.2312544e+00  -7.2814261e-01  -2.3442877e+00  -1.7002283e+00  -1.1876998e+01
  -7.2814261e-01  -2.3442877e+00  -1.7002283e+00  -1.1876998e+01  -5.6488357e-02  -1.2104930e+00  -3.5986398e-01  -5.3599829e-01  -1.6233714e+00  -1.1694475e+01
  -3.5986398e-01  -5.3599829e-01  -1.6233714e+00  -1.1694475e+01   5.0076734e-02  -1.1961998e+00  -5.3998540e-02   4.9881383e-01  -1.6104243e+00  -1.1574869e+01
  -5.3998540e-02   4.9881383e-01  -1.6104243e+00  -1.1574869e+01   9.2488125e-02  -1.1878121e+00   1.5514671e-01   9.6069025e-01  -1.5994434e+00  -1.1510768e+01
   1.5514671e-01   9.6069025e-01  -1.5994434e+00  -1.1510768e+01   1.2782020e-01  -1.2006418e+00   2.9434292e-01   1.3391597e+00  -1.5692076e+00  -1.1652140e+01
   2.9434292e-01   1.3391597e+00  -1.5692076e+00  -1.1652140e+01   1.3516792e-01  -1.2186040e+00   4.8130351e-01   1.3694480e+00  -1.6104631e+00  -1.1844168e+01
   4.8130351e-01   1.3694480e+00  -1.6104631e+00  -1.1844168e+01   1.6707405e-01  -1.2441274e+00   5.8288999e-01   1.6157944e+00  -1.6445450e+00  -1.2108016e+01
   5.8288999e-01   1.6157944e+00  -1.6445450e+00  -1.2108016e+01   1.8225246e-01  -1.2838221e+00   7.1670353e-01   1.7349737e+00  -1.6875847e+00  -1.2510509e+01
   7.1670353e-01   1.7349737e+00  -1.6875847e+00  -1.2510509e+01   1.7221713e-01  -1.3381001e+00   8.7065887e-01   1.6919241e+00  -1.7510915e+00  -1.3055856e+01
   8.7065887e-01   1.6919241e+00  -1.7510915e+00  -1.3055856e+01   1.8951611e-01  -1.4000080e+00   9.4198567e-01   1.9530779e+00  -1.8500352e+00  -1.3676226e+01
   9.4198567e-01   1.9530779e+00  -1.8500352e+00  -1.3676226e+01   2.1512365e-01  -1.4827434e+00   1.0432201e+00   2.2632907e+00  -1.9585999e+00  -1.4500727e+01
   1.0432201e+00   2.2632907e+00  -1.9585999e+00  -1.4500727e+01   2.3422704e-01  -1.5813263e+00   1.2057659e+00   2.4074059e+00  -2.1108136e+00  -1.5481884e+01
   1.2057659e+00   2.4074059e+00  -2.1108136e+00  -1.5481884e+01   2.8249074e-01  -1.6986368e+00   1.3131000e+00   2.7679723e+00  -2.2840913e+00  -1.6647509e+01
   1.3131000e+00   2.7679723e+00  -2.2840913e+00  -1.6647509e+01   3.2652957e-01  -1.8263808e+00   1.4639679e+00   3.1089535e+00  -2.5103989e+00  -1.7917167e+01
   1.4639679e+00   3.1089535e+00  -2.5103989e+00  -1.7917167e+01   3.7136300e-01  -2.0113801e+00   1.6223282e+00   3.6030124e+00  -2.7241675e+00  -1.9750494e+01
   1.6223282e+00   3.6030124e+00  -2.7241675e+00  -1.9750494e+01   4.2032111e-01  -2.2243740e+00   1.7968583e+00   4.2754357e+00  -3.0614970e+00  -2.1862864e+01
   1.7968583e+00   4.2754357e+00  -3.0614970e+00  -2.1862864e+01   4.7116606e-01  -2.4574050e+00   2.0474290e+00   4.9461637e+00  -3.4718505e+00  -2.4173939e+01
   2.0474290e+00   4.9461637e+00  -3.4718505e+00  -2.4173939e+01   5.5932358e-01  -2.7291978e+00   2.2939144e+00   5.8050218e+00  -3.9135012e+00  -2.6869135e+01
   2.2939144e+00   5.8050218e+00  -3.9135012e+00  -2.6869135e+01   7.1495884e-01  -3.1011983e+00   2.5726724e+00   7.0934614e+00  -4.4332198e+00  -3.0555741e+01
   2.5726724e+00   7.0934614e+00  -4.4332198e+00  -3.0555741e+01   8.9580663e-01  -3.5262610e+00   2.9931453e+00   8.5510344e+00  -5.1674260e+00  -3.4770732e+01
   2.9931453e+00   8.5510344e+00  -5.1674260e+00  -3.4770732e+01   1.0701789e+00  -4.0224572e+00   3.4752476e+00   1.0268883e+01  -5.9877413e+00  -3.9691350e+01
   3.4752476e+00   1.0268883e+01  -5.9877413e+00  -3.9691350e+01   1.2357663e+00  -4.5626402e+00   4.0025922e+00   1.2386566e+01  -6.9789659e+00  -4.5051860e+01
   4.0025922e+00   1.2386566e+01  -6.9789659e+00  -4.5051860e+01   1.4296874e+00  -5.1979265e+00   4.6549963e+00   1.4918865e+01  -8.0265385e+00  -5.1357091e+01
   4.6549963e+00   1.4918865e+01  -8.0265385e+00  -5.1357091e+01   1.6973808e+00  -5.8404502e+00   5.4424043e+00   1.7739941e+01  -9.2883615e+00  -5.7740467e+01
   5.4424043e+00   1.7739941e+01  -9.2883615e+00  -5.7740467e+01   2.0780579e+00  -6.4451345e+00   6.2908121e+00   2.0898632e+01  -1.0563004e+01  -6.3753948e+01
   6.2908121e+00   2.0898632e+01  -1.0563004e+01  -6.3753948e+01   2.5127364e+00  -6.9251016e+00   7.2361847e+00   2.4156645e+01  -1.1758043e+01  -6.8537277e+01
   7.2361847e+00   2.4156645e+01  -1.1758043e+01  -6.8537277e+01   2.7776078e+00  -7.1353395e+00   8.2293005e+00   2.6468761e+01  -1.2709086e+01  -7.0651686e+01
   8.2293005e+00   2.6468761e+01  -1.2709086e+01  -7.0651686e+01   2.8882543e+00  -7.1505024e+00   8.9399997e+00   2.8539934e+01  -1.3142378e+01  -7.0832491e+01
   8.9399997e+00   2.8539934e+01  -1.3142378e+01  -7.0832491e+01   2.9289547e+00  -6.9487559e+00   9.5464068e+00   3.0303477e+01  -1.3173008e+01  -6.8862319e+01
   9.5464068e+00   3.0303477e+01  -1.3173008e+01  -6.8862319e+01   2.9948056e+00  -6.5089800e+00   1.0076345e+01   3.1436502e+01  -1.2774582e+01  -6.4528334e+01
   1.0076345e+01   3.1436502e+01  -1.2774582e+01  -6.4528334e+01   3.1240567e+00  -5.8481060e+00   1.0416775e+01   3.1852623e+01  -1.1897392e+01  -5.7995749e+01
   1.0416775e+01   3.1852623e+01  -1.1897392e+01  -5.7995749e+01   3.2316337e+00  -5.0109226e+00   1.0554869e+01   3.1413860e+01  -1.0613785e+01  -4.9707299e+01
   1.0554869e+01   3.1413860e+01  -1.0613785e+01  -4.9707299e+01   3.1845756e+00  -4.1079522e+00   1.0396857e+01   3.0285926e+01  -8.9500922e+00  -4.0759031e+01
   1.0396857e+01   3.0285926e+01  -8.9500922e+00  -4.0759031e+01   2.8931579e+00  -3.1944347e+00   1.0089262e+01   2.8239724e+01  -7.1627397e+00  -3.1700743e+01
   1.0089262e+01   2.8239724e+01  -7.1627397e+00  -3.1700743e+01   2.5207150e+00  -2.3818933e+00   9.4722385e+00   2.5831748e+01  -5.3418957e+00  -2.3640313e+01
   9.4722385e+00   2.5831748e+01  -5.3418957e+00  -2.3640313e+01   2.1911853e+00  -1.6630712e+00   8.7395822e+00   2.3073232e+01  -3.7549269e+00  -1.6508263e+01
   8.7395822e+00   2.3073232e+01  -3.7549269e+00  -1.6508263e+01   1.9406549e+00  -1.0544169e+00   7.9067569e+00   2.0104199e+01  -2.3776419e+00  -1.0467391e+01
   7.9067569e+00   2.0104199e+01  -2.3776419e+00  -1.0467391e+01   1.7241836e+00  -5.1744963e-01   7.0154939e+00   1.7084701e+01  -1.2503985e+00  -5.1363143e+00
   7.0154939e+00   1.7084701e+01  -1.2503985e+00  -5.1363143e+00   1.5304872e+00  -3.9694653e-02   6.0963602e+00   1.4715580e+01  -4.1043080e-01  -3.9063139e-01
   6.0963602e+00   1.4715580e+01  -4.1043080e-01  -3.9063139e-01   1.2627368e+00   2.0618992e-01   5.4101278e+00   1.2338860e+01   7.6969002e-02   2.0523191e+00
   5.4101278e+00   1.2338860e+01   7.6969002e-02   2.0523191e+00   1.0052161e+00   2.5721895e-01   4.6625949e+00   1.0330913e+01   4.1879701e-01   2.5600658e+00
   4.6625949e+00   1.0330913e+01   4.1879701e-01   2.5600658e+00   7.8476695e-01   2.4793084e-01   4.0554417e+00   8.4012761e+00   6.6655707e-01   2.4694502e+00
   4.0554417e+00   8.4012761e+00   6.6655707e-01   2.4694502e+00   6.2875961e-01   2.4929144e-01   3.4621834e+00   6.7548829e+00   7.9529942e-01   2.4869701e+00
   3.4621834e+00   6.7548829e+00   7.9529942e-01   2.4869701e+00   5.1262153e-01   2.3267743e-01   2.9404957e+00   5.3391526e+00   8.8263509e-01   2.3270648e+00
   2.9404957e+00   5.3391526e+00   8.8263509e-01   2.3270648e+00   4.0003388e-01   2.1768327e-01   2.4986729e+00   4.0696076e+00   9.0475044e-01   2.1862842e+00
   2.4986729e+00   4.0696076e+00   9.0475044e-01   2.1862842e+00   2.9478984e-01   2.0806971e-01   2.0742153e+00   3.0862916e+00   8.8265781e-01   2.1016679e+00
   2.0742153e+00   3.0862916e+00   8.8265781e-01   2.1016679e+00   1.5030101e-01   1.7569305e-01   1.7411985e+00   1.7693720e+00   8.5521759e-01   1.7912555e+00
   1.7411985e+00   1.7693720e+00   8.5521759e-01   1.7912555e+00   5.5016296e-02   1.6998588e-01   1.3030550e+00   9.4740941e-01   7.5565898e-01   1.7647131e+00
   1.3030550e+00   9.4740941e-01   7.5565898e-01   1.7647131e+00   3.9577988e-02   1.1567023e-01   9.0438021e-01   7.1862804e-01   7.3001745e-01   1.2381356e+00
   9.0438021e-01   7.1862804e-01   7.3001745e-01   1.2381356e+00   3.1418037e-02   1.0927709e-01   6.4640626e-01   5.4621408e-01   6.1349557e-01   1.2272751e+00
   6.4640626e-01   5.4621408e-01   6.1349557e-01   1.2272751e+00   4.3678444e-02   1.3660067e-01   4.4780235e-01   5.5308008e-01   5.1220349e-01   1.4788844e+00
   4.4780235e-01   5.5308008e-01   5.1220349e-01   1.4788844e+00   4.3833865e-02   1.1481453e-01   3.2122961e-01   4.7021496e-01   5.1474184e-01   1.2160390e+00
   3.2122961e-01   4.7021496e-01   5.1474184e-01   1.2160390e+00   2.8369251e-02   1.1771358e-01   2.2938267e-01   3.1322867e-01   4.6125401e-01   1.2686020e+00
   2.2938267e-01   3.1322867e-01   4.6125401e-01   1.2686020e+00   1.2974873e-02   1.3831137e-01   1.4493950e-01   1.5153338e-01   4.1158794e-01   1.4567768e+00
   1.4493950e-01   1.5153338e-01   4.1158794e-01   1.4567768e+00  -2.9307576e-03   1.2960435e-01   7.3326002e-02  -2.4433297e-02   4.2218805e-01   1.3464994e+00
   7.3326002e-02  -2.4433297e-02   4.2218805e-01   1.3464994e+00  -1.3041918e-02   1.1131136e-01  -1.0744389e-02  -1.3187419e-01   4.3062462e-01   1.1738509e+00
  -1.0744389e-02  -1.3187419e-01   4.3062462e-01   1.1738509e+00  -3.5664823e-02   1.1737997e-01  -3.1013194e-02  -3.4840231e-01   4.0374150e-01   1.2487138e+00
  -3.1013194e-02  -3.4840231e-01   4.0374150e-01   1.2487138e+00  -4.8060727e-02   1.1952959e-01  -1.1736587e-01  -4.5634232e-01   4.0709414e-01   1.2536616e+00
  -1.1736587e-01  -4.5634232e-01   4.0709414e-01   1.2536616e+00  -6.4818663e-02   1.4813391e-01  -1.1929105e-01  -6.2354486e-01   3.8005799e-01   1.5378064e+00
  -1.1929105e-01  -6.2354486e-01   3.8005799e-01   1.5378064e+00  -7.0451123e-02   1.2529976e-01  -1.9505776e-01  -7.1248475e-01   4.4621736e-01   1.2890365e+00
  -1.9505776e-01  -7.1248475e-01   4.4621736e-01   1.2890365e+00  -8.2172998e-02   1.3711219e-01  -1.8198850e-01  -8.5039638e-01   4.3458229e-01   1.4308114e+00
  -1.8198850e-01  -8.5039638e-01   4.3458229e-01   1.4308114e+00  -9.8457951e-02   1.5408286e-01  -2.2298958e-01  -1.0117103e+00   4.4296499e-01   1.5879272e+00
  -2.2298958e-01  -1.0117103e+00   4.4296499e-01   1.5879272e+00  -1.1789283e-01   1.5921534e-01  -2.6816498e-01  -1.1570362e+00   4.8280637e-01   1.6323454e+00
  -2.6816498e-01  -1.1570362e+00   4.8280637e-01   1.6323454e+00  -1.3981308e-01   1.7797994e-01  -2.9076815e-01  -1.3193771e+00   5.0757642e-01   1.8230572e+00
  -2.9076815e-01  -1.3193771e+00   5.0757642e-01   1.8230572e+00  -1.5739645e-01   1.9121617e-01  -3.3810505e-01  -1.4967193e+00   5.5700436e-01   1.9513305e+00
  -3.3810505e-01  -1.4967193e+00   5.5700436e-01   1.9513305e+00  -1.7170118e-01   1.8779925e-01  -3.5206243e-01  -1.7060332e+00   6.3352477e-01   1.9187596e+00
  -3.5206243e-01  -1.7060332e+00   6.3352477e-01   1.9187596e+00  -1.9039700e-01   2.1399540e-01  -4.1846988e-01  -1.9711882e+00   6.7892583e-01   2.1892033e+00
  -4.1846988e-01  -1.9711882e+00   6.7892583e-01   2.1892033e+00  -2.1819446e-01   2.4287439e-01  -4.4880827e-01  -2.2613252e+00   7.5721583e-01   2.4725383e+00
  -4.4880827e-01  -2.2613252e+00   7.5721583e-01   2.4725383e+00  -2.6272241e-01   2.7157852e-01  -5.1724958e-01  -2.6230962e+00   8.6181795e-01   2.7587432e+00
  -5.1724958e-01  -2.6230962e+00   8.6181795e-01   2.7587432e+00  -3.1722856e-01   3.1305727e-01  -5.6545987e-01  -3.0304309e+00   9.7455527e-01   3.1742208e+00
  -5.6545987e-01  -3.0304309e+00   9.7455527e-01   3.1742208e+00  -3.7764602e-01   3.8223906e-01  -6.4502985e-01  -3.5834159e+00   1.1100605e+00   3.8644972e+00
  -6.4502985e-01  -3.5834159e+00   1.1100605e+00   3.8644972e+00  -4.2581405e-01   4.5062303e-01  -7.8471439e-01  -4.1957213e+00   1.3251815e+00   4.5439059e+00
  -7.8471439e-01  -4.1957213e+00   1.3251815e+00   4.5439059e+00  -4.7267084e-01   5.5402892e-01  -8.7236949e-01  -4.8762005e+00   1.5498873e+00   5.5790324e+00
  -8.7236949e-01  -4.8762005e+00   1.5498873e+00   5.5790324e+00  -5.4333943e-01   6.9328379e-01  -1.0430011e+00  -5.6866432e+00   1.8204853e+00   6.9689146e+00
  -1.0430011e+00  -5.6866432e+00   1.8204853e+00   6.9689146e+00  -6.5939578e-01   9.0038081e-01  -1.2023370e+00  -6.7009291e+00   2.1591659e+00   9.0359387e+00
  -1.2023370e+00  -6.7009291e+00   2.1591659e+00   9.0359387e+00  -8.2569931e-01   1.1687254e+00  -1.4145704e+00  -8.0033882e+00   2.6172226e+00   1.1713759e+01
  -1.4145704e+00  -8.0033882e+00   2.6172226e+00   1.1713759e+01  -9.8938070e-01   1.5014874e+00  -1.7623606e+00  -9.3903663e+00   3.2031381e+00   1.5036632e+01
  -1.7623606e+00  -9.3903663e+00   3.2031381e+00   1.5036632e+01  -1.1433276e+00   1.9062360e+00  -2.0556750e+00  -1.1143036e+01   3.9283445e+00   1.9080364e+01
  -2.0556750e+00  -1.1143036e+01   3.9283445e+00   1.9080364e+01  -1.3034841e+00   2.4868884e+00  -2.5323509e+00  -1.3331317e+01   4.7449980e+00   2.4882508e+01
  -2.5323509e+00  -1.3331317e+01   4.7449980e+00   2.4882508e+01  -1.5230207e+00   3.1759803e+00  -3.1286469e+00  -1.5981212e+01   5.9478642e+00   3.1766357e+01
  -3.1286469e+00  -1.5981212e+01   5.9478642e+00   3.1766357e+01  -1.8568659e+00   4.0165233e+00  -3.8857992e+00  -1.9126591e+01   7.3286827e+00   4.0167180e+01
  -3.8857992e+00  -1.9126591e+01   7.3286827e+00   4.0167180e+01  -2.3203646e+00   4.9518162e+00  -4.8163515e+00  -2.2803694e+01   9.0302287e+00   4.9514830e+01
  -4.8163515e+00  -2.2803694e+01   9.0302287e+00   4.9514830e+01  -2.7497899e+00   5.7296424e+00  -5.8768967e+00  -2.6150264e+01   1.0867839e+01   5.7290348e+01
  -5.8768967e+00  -2.6150264e+01   1.0867839e+01   5.7290348e+01  -3.0758811e+00   6.4384520e+00  -6.8830855e+00  -2.9650919e+01   1.2448999e+01   6.4378446e+01
  -6.8830855e+00  -2.9650919e+01   1.2448999e+01   6.4378446e+01  -3.3003325e+00   7.0292015e+00  -7.9335429e+00  -3.3327759e+01   1.3859076e+01   7.0285608e+01
  -7.9335429e+00  -3.3327759e+01   1.3859076e+01   7.0285608e+01  -3.5355469e+00   7.3503011e+00  -9.0118998e+00  -3.6995288e+01   1.5061406e+01   7.3497656e+01
  -9.0118998e+00  -3.6995288e+01   1.5061406e+01   7.3497656e+01  -3.7854903e+00   7.3479956e+00  -1.0116354e+01  -3.9369609e+01   1.5713604e+01   7.3478096e+01
  -1.0116354e+01  -3.9369609e+01   1.5713604e+01   7.3478096e+01  -4.1490808e+00   7.0999659e+00  -1.0827581e+01  -4.1348131e+01   1.5700168e+01   7.1002536e+01
  -1.0827581e+01  -4.1348131e+01   1.5700168e+01   7.1002536e+01  -4.4696783e+00   6.5786834e+00  -1.1425281e+01  -4.2728320e+01   1.5194377e+01   6.5794393e+01
  -1.1425281e+01  -4.2728320e+01   1.5194377e+01   6.5794393e+01  -4.5465827e+00   5.7956018e+00  -1.1827002e+01  -4.3440834e+01   1.4146305e+01   5.7969007e+01
  -1.1827002e+01  -4.3440834e+01   1.4146305e+01   5.7969007e+01  -4.3425307e+00   4.8037696e+00  -1.2058722e+01  -4.3226914e+01   1.2567397e+01   4.8056119e+01
  -1.2058722e+01  -4.3226914e+01   1.2567397e+01   4.8056119e+01  -4.0653027e+00   3.6630624e+00  -1.1982911e+01  -4.2237131e+01   1.0625898e+01   3.6653571e+01
  -1.1982911e+01  -4.2237131e+01   1.0625898e+01   3.6653571e+01  -3.8595464e+00   2.5214679e+00  -1.1687108e+01  -4.0364225e+01   8.3355227e+00   2.5240297e+01
  -1.1687108e+01  -4.0364225e+01   8.3355227e+00   2.5240297e+01  -3.7448009e+00   1.4424857e+00  -1.1118545e+01  -3.7800411e+01   6.0313640e+00   1.4448923e+01
  -1.1118545e+01  -3.7800411e+01   6.0313640e+00   1.4448923e+01  -3.6837122e+00   7.0339423e-01  -1.0344094e+01  -3.5469585e+01   3.8656017e+00   7.0523409e+00
  -1.0344094e+01  -3.5469585e+01   3.8656017e+00   7.0523409e+00  -3.4676288e+00   9.5031146e-02  -9.6432762e+00  -3.2899006e+01   2.3375138e+00   9.6057725e-01
  -9.6432762e+00  -3.2899006e+01   2.3375138e+00   9.6057725e-01  -3.0764753e+00  -2.9925616e-01  -8.8865060e+00  -3.0133481e+01   1.0297554e+00  -2.9870566e+00
  -8.8865060e+00  -3.0133481e+01   1.0297554e+00  -2.9870566e+00  -2.6645258e+00  -5.0641202e-01  -8.0564538e+00  -2.7351935e+01  -7.9027033e-02  -5.0616660e+00
  -8.0564538e+00  -2.7351935e+01  -7.9027033e-02  -5.0616660e+00  -2.3515591e+00  -1.1153775e+00  -7.2123614e+00  -2.4605004e+01  -9.9235017e-01  -1.1150854e+01
  -7.2123614e+00  -2.4605004e+01  -9.9235017e-01  -1.1150854e+01  -2.1428888e+00  -1.5105639e+00  -6.3920710e+00  -2.1875619e+01  -1.7306950e+00  -1.5100628e+01
  -6.3920710e+00  -2.1875619e+01  -1.7306950e+00  -1.5100628e+01  -1.9732041e+00  -1.7612428e+00  -5.5916934e+00  -1.9205361e+01  -2.2517243e+00  -1.7604264e+01
  -5.5916934e+00  -1.9205361e+01  -2.2517243e+00  -1.7604264e+01  -1.7612253e+00  -1.9154013e+00  -4.8052442e+00  -1.6688473e+01  -2.6803919e+00  -1.9142575e+01
  -4.8052442e+00  -1.6688473e+01  -2.6803919e+00  -1.9142575e+01  -1.4130840e+00  -2.0300248e+00  -4.0602379e+00  -1.3670148e+01  -2.9605845e+00  -2.0285168e+01
  -4.0602379e+00  -1.3670148e+01  -2.9605845e+00  -2.0285168e+01  -1.0792180e+00  -2.0894992e+00  -3.1529120e+00  -1.0952126e+01  -3.1692625e+00  -2.0876509e+01
  -3.1529120e+00  -1.0952126e+01  -3.1692625e+00  -2.0876509e+01  -8.0052275e-01  -2.1145796e+00  -2.3779578e+00  -8.3785812e+00  -3.2595250e+00  -2.1123981e+01
  -2.3779578e+00  -8.3785812e+00  -3.2595250e+00  -2.1123981e+01  -5.7634404e-01  -2.0974511e+00  -1.6557444e+00  -5.9569474e+00  -3.3254089e+00  -2.0950339e+01
  -1.6557444e+00  -5.9569474e+00  -3.3254089e+00  -2.0950339e+01  -3.2410832e-01  -2.0821081e+00  -1.0477212e+00  -3.2012849e+00  -3.2698265e+00  -2.0794308e+01
  -1.0477212e+00  -3.2012849e+00  -3.2698265e+00  -2.0794308e+01  -2.4921464e-02  -2.0504509e+00  -4.3952495e-01  -2.3512958e-01  -3.2526862e+00  -2.0477054e+01
  -4.3952495e-01  -2.3512958e-01  -3.2526862e+00  -2.0477054e+01   1.7601436e-01  -2.0434688e+00   1.0084048e-01   1.6900863e+00  -3.1613350e+00  -2.0406294e+01
   1.0084048e-01   1.6900863e+00  -3.1613350e+00  -2.0406294e+01   2.3008699e-01  -2.0271810e+00   5.1335135e-01   2.3090331e+00  -3.1712588e+00  -2.0244976e+01
   5.1335135e-01   2.3090331e+00  -3.1712588e+00  -2.0244976e+01   2.4845619e-01  -2.0374263e+00   9.0228805e-01   2.5942015e+00  -3.1356759e+00  -2.0347193e+01
   9.0228805e-01   2.5942015e+00  -3.1356759e+00  -2.0347193e+01   2.9366553e-01  -2.0560075e+00   1.2224760e+00   3.0673985e+00  -3.1816372e+00  -2.0534002e+01
   1.2224760e+00   3.0673985e+00  -3.1816372e+00  -2.0534002e+01   3.5765001e-01  -2.1128632e+00   1.5146529e+00   3.5925267e+00  -3.2049872e+00  -2.1102542e+01
   1.5146529e+00   3.5925267e+00  -3.2049872e+00  -2.1102542e+01   4.3291793e-01  -2.1875508e+00   1.7719557e+00   4.1606491e+00  -3.3182244e+00  -2.1850552e+01
   1.7719557e+00   4.1606491e+00  -3.3182244e+00  -2.1850552e+01   4.9009064e-01  -2.2858594e+00   2.0146112e+00   4.6776292e+00  -3.4448476e+00  -2.2833841e+01
   2.0146112e+00   4.6776292e+00  -3.4448476e+00  -2.2833841e+01   5.3398324e-01  -2.3984469e+00   2.2091313e+00   5.2908536e+00  -3.6310255e+00  -2.3960148e+01
   2.2091313e+00   5.2908536e+00  -3.6310255e+00  -2.3960148e+01   5.7340464e-01  -2.5218449e+00   2.4116063e+00   5.9451458e+00  -3.8636830e+00  -2.5194084e+01
   2.4116063e+00   5.9451458e+00  -3.8636830e+00  -2.5194084e+01   6.2187533e-01  -2.6750183e+00   2.6526179e+00   6.5308879e+00  -4.0977834e+00  -2.6725427e+01
   2.6526179e+00   6.5308879e+00  -4.0977834e+00  -2.6725427e+01   7.2974350e-01  -2.8732364e+00   2.8382634e+00   7.4329901e+00  -4.4021010e+00  -2.8707651e+01
   2.8382634e+00   7.4329901e+00  -4.4021010e+00  -2.8707651e+01   8.6418512e-01  -3.1029152e+00   3.1149015e+00   8.3906744e+00  -4.7905254e+00  -3.1004504e+01
   3.1149015e+00   8.3906744e+00  -4.7905254e+00  -3.1004504e+01   9.9111901e-01  -3.3576133e+00   3.4192052e+00   9.4262238e+00  -5.2483967e+00  -3.3551198e+01
   3.4192052e+00   9.4262238e+00  -5.2483967e+00  -3.3551198e+01   1.0742490e+00  -3.6394442e+00   3.7697421e+00   1.0496479e+01  -5.7557208e+00  -3.6368986e+01
   3.7697421e+00   1.0496479e+01  -5.7557208e+00  -3.6368986e+01   1.1824104e+00  -4.0183952e+00   4.0884873e+00   1.2119531e+01  -6.2991542e+00  -4.0157913e+01
   4.0884873e+00   1.2119531e+01  -6.2991542e+00  -4.0157913e+01   1.3240422e+00  -4.4176629e+00   4.5720865e+00   1.3910272e+01  -7.0501177e+00  -4.4150996e+01
   4.5720865e+00   1.3910272e+01  -7.0501177e+00  -4.4150996e+01   1.5276603e+00  -4.8269794e+00   5.1476280e+00   1.5740542e+01  -7.8415851e+00  -4.8243396e+01
   5.1476280e+00   1.5740542e+01  -7.8415851e+00  -4.8243396e+01   1.8178069e+00  -5.2174726e+00   5.6880747e+00   1.7865510e+01  -8.6604085e+00  -5.2147567e+01
   5.6880747e+00   1.7865510e+01  -8.6604085e+00  -5.2147567e+01   2.0848339e+00  -5.5382583e+00   6.3281018e+00   1.9838768e+01  -9.4322919e+00  -5.5354599e+01
   6.3281018e+00   1.9838768e+01  -9.4322919e+00  -5.5354599e+01   2.2561218e+00  -5.7710455e+00   6.9275251e+00   2.1780171e+01  -1.0087034e+01  -5.7681490e+01
   6.9275251e+00   2.1780171e+01  -1.0087034e+01  -5.7681490e+01   2.3313276e+00  -5.8982118e+00   7.5210562e+00   2.3581378e+01  -1.0549548e+01  -5.8952255e+01
   7.5210562e+00   2.3581378e+01  -1.0549548e+01  -5.8952255e+01   2.4000997e+00  -5.8808059e+00   8.0676578e+00   2.5142131e+01  -1.0799385e+01  -5.8777580e+01
   8.0676578e+00   2.5142131e+01  -1.0799385e+01  -5.8777580e+01   2.5325773e+00  -5.6923872e+00   8.5307246e+00   2.6348973e+01  -1.0763386e+01  -5.6892788e+01
   8.5307246e+00   2.6348973e+01  -1.0763386e+01  -5.6892788e+01   2.7055444e+00  -5.3371250e+00   8.9044374e+00   2.6965770e+01  -1.0385939e+01  -5.3339645e+01
