   0.0000000e+00   0.0000000e+00   0.0000000e+00   0.0000000e+00   4.1531798e-01   4.0809153e-01  -1.3013577e-02   2.0765899e+00   1.0226356e-02   4.0809153e+00
  -1.3013577e-02   2.0765899e+00   1.0226356e-02   4.0809153e+00   2.1071297e-01   2.0942623e-01   6.2789512e-01   1.0535725e+00   8.2897631e-01   2.0942670e+00
   6.2789512e-01   1.0535725e+00   8.2897631e-01   2.0942670e+00   2.2271914e-01   2.0831174e-01   5.8678711e-01   1.1684812e+00   8.3000258e-01   2.1828532e+00
   5.8678711e-01   1.1684812e+00   8.3000258e-01   2.1828532e+00   1.9607099e-01   2.1292674e-01   6.1117334e-01   1.0243906e+00   8.4042448e-01   2.2214344e+00
   6.1117334e-01   1.0243906e+00   8.4042448e-01   2.2214344e+00   2.0451264e-01   2.1180141e-01   5.7858179e-01   1.0711341e+00   8.5163144e-01   2.2140109e+00
   5.7858179e-01   1.0711341e+00   8.5163144e-01   2.2140109e+00   2.1313037e-01   2.0222557e-01   5.5841144e-01   1.1087105e+00   8.6629235e-01   2.1204793e+00
   5.5841144e-01   1.1087105e+00   8.6629235e-01   2.1204793e+00   1.6405482e-01   2.1421530e-01   5.9276383e-01   8.6198326e-01   8.3996337e-01   2.2487907e+00
   5.9276383e-01   8.6198326e-01   8.3996337e-01   2.2487907e+00   2.0630963e-01   2.0316814e-01   5.1167967e-01   1.0783623e+00   8.5638815e-01   2.1303382e+00
   5.1167967e-01   1.0783623e+00   8.5638815e-01   2.1303382e+00   1.6600187e-01   2.0113624e-01   5.4712559e-01   8.6522522e-01   8.4138432e-01   2.1166903e+00
   5.4712559e-01   8.6522522e-01   8.4138432e-01   2.1166903e+00   1.7978274e-01   1.9664464e-01   4.9669717e-01   9.4206636e-01   8.2955642e-01   2.0748856e+00
   4.9669717e-01   9.4206636e-01   8.2955642e-01   2.0748856e+00   1.7696700e-01   1.8543510e-01   4.8298591e-01   9.2068954e-01   8.2175504e-01   1.9612196e+00
   4.8298591e-01   9.2068954e-01   8.2175504e-01   1.9612196e+00   1.6561687e-01   1.9050931e-01   4.7185385e-01   8.6470912e-01   7.8344118e-01   2.0190199e+00
   4.7185385e-01   8.6470912e-01   7.8344118e-01   2.0190199e+00   1.5194929e-01   1.7947721e-01   4.5789224e-01   7.9432987e-01   7.7533079e-01   1.8962768e+00
   4.5789224e-01   7.9432987e-01   7.7533079e-01   1.8962768e+00   1.5942822e-01   1.7087570e-01   4.1984354e-01   8.3311682e-01   7.4817742e-01   1.8193316e+00
   4.1984354e-01   8.3311682e-01   7.4817742e-01   1.8193316e+00   1.6064714e-01   1.5108338e-01   3.9973428e-01   8.3491692e-01   7.3283956e-01   1.6188907e+00
   3.9973428e-01   8.3491692e-01   7.3283956e-01   1.6188907e+00   1.7432622e-01   1.5586532e-01   3.6703712e-01   9.0454339e-01   6.7292915e-01   1.6785934e+00
   3.6703712e-01   9.0454339e-01   6.7292915e-01   1.6785934e+00   1.4192644e-01   1.4935879e-01   3.8832602e-01   7.3610576e-01   6.4433922e-01   1.5885098e+00
   3.8832602e-01   7.3610576e-01   6.4433922e-01   1.5885098e+00   1.5436728e-01   1.4493997e-01   3.3916949e-01   8.0549355e-01   6.0169847e-01   1.5478750e+00
   3.3916949e-01   8.0549355e-01   6.0169847e-01   1.5478750e+00   1.3101944e-01   1.1803577e-01   3.4766808e-01   6.8120152e-01   5.8703879e-01   1.2673915e+00
   3.4766808e-01   6.8120152e-01   5.8703879e-01   1.2673915e+00   1.2198293e-01   1.4388012e-01   3.2320840e-01   6.4531010e-01   4.8456000e-01   1.5467906e+00
   3.2320840e-01   6.4531010e-01   4.8456000e-01   1.5467906e+00   1.2580466e-01   1.2068122e-01   2.9580620e-01   6.5485645e-01   4.8232357e-01   1.2668100e+00
   2.9580620e-01   6.5485645e-01   4.8232357e-01   1.2668100e+00   1.3027576e-01   1.0254707e-01   2.7463645e-01   6.7816810e-01   4.3590732e-01   1.1000062e+00
   2.7463645e-01   6.7816810e-01   4.3590732e-01   1.1000062e+00   1.4392646e-01   8.7212783e-02   2.5033018e-01   7.4600527e-01   3.8343296e-01   9.4134128e-01
   2.5033018e-01   7.4600527e-01   3.8343296e-01   9.4134128e-01   1.0933452e-01   6.9099137e-02   2.8546499e-01   5.7087075e-01   3.3225563e-01   7.4967500e-01
   2.8546499e-01   5.7087075e-01   3.3225563e-01   7.4967500e-01   1.2834001e-01   7.4623412e-02   2.3185424e-01   6.8247983e-01   2.4258740e-01   8.0228876e-01
   2.3185424e-01   6.8247983e-01   2.4258740e-01   8.0228876e-01   1.2681947e-01   3.7919798e-02   2.3862547e-01   6.5888934e-01   2.3462941e-01   4.0640239e-01
   2.3862547e-01   6.5888934e-01   2.3462941e-01   4.0640239e-01   1.0694333e-01   3.7527441e-02   2.5109975e-01   5.6913631e-01   1.2926404e-01   4.0851292e-01
   2.5109975e-01   5.6913631e-01   1.2926404e-01   4.0851292e-01   1.0142584e-01   7.8370652e-03   2.3832715e-01   5.4895389e-01   1.0480549e-01   8.9124065e-02
   2.3832715e-01   5.4895389e-01   1.0480549e-01   8.9124065e-02   1.0798859e-01  -1.5314426e-02   2.2223921e-01   5.8296408e-01   3.3026688e-02  -1.4510367e-01
   2.2223921e-01   5.8296408e-01   3.3026688e-02  -1.4510367e-01   1.2695007e-01  -4.1216444e-02   2.0650021e-01   6.7101356e-01  -2.8980461e-02  -4.1139101e-01
   2.0650021e-01   6.7101356e-01  -2.8980461e-02  -4.1139101e-01   1.0384140e-01  -7.0877880e-02   2.4954491e-01   5.4552388e-01  -8.8667064e-02  -7.0827351e-01
   2.4954491e-01   5.4552388e-01  -8.8667064e-02  -7.0827351e-01   1.0806291e-01  -1.0937014e-01   2.3282391e-01   5.7477435e-01  -1.3232852e-01  -1.0894781e+00
   2.3282391e-01   5.7477435e-01  -1.3232852e-01  -1.0894781e+00   1.2253151e-01  -1.5275879e-01   2.2606336e-01   6.3404235e-01  -1.8662642e-01  -1.5207784e+00
   2.2606336e-01   6.3404235e-01  -1.8662642e-01  -1.5207784e+00   1.3239780e-01  -1.9186770e-01   2.3380491e-01   6.7561835e-01  -2.6847213e-01  -1.9094284e+00
   2.3380491e-01   6.7561835e-01  -2.6847213e-01  -1.9094284e+00   1.3178261e-01  -2.3075546e-01   2.5309836e-01   6.6947742e-01  -3.1226621e-01  -2.2935781e+00
   2.5309836e-01   6.6947742e-01  -3.1226621e-01  -2.2935781e+00   1.6170478e-01  -2.6904037e-01   2.3479735e-01   8.1793570e-01  -3.8382931e-01  -2.6760063e+00
   2.3479735e-01   8.1793570e-01  -3.8382931e-01  -2.6760063e+00   1.2306756e-01  -3.1141708e-01   3.0878970e-01   6.2147877e-01  -3.9365263e-01  -3.0975897e+00
   3.0878970e-01   6.2147877e-01  -3.9365263e-01  -3.0975897e+00   1.3902388e-01  -3.5904329e-01   2.8607093e-01   7.0368163e-01  -4.7711522e-01  -3.5764429e+00
   2.8607093e-01   7.0368163e-01  -4.7711522e-01  -3.5764429e+00   1.4745591e-01  -3.9221896e-01   2.9765027e-01   7.4291809e-01  -5.4829780e-01  -3.9063461e+00
   2.9765027e-01   7.4291809e-01  -5.4829780e-01  -3.9063461e+00   1.5572818e-01  -4.2614753e-01   3.1238526e-01   7.8381829e-01  -5.4095102e-01  -4.2436865e+00
   3.1238526e-01   7.8381829e-01  -5.4095102e-01  -4.2436865e+00   1.5474355e-01  -4.6957983e-01   3.3809761e-01   7.7861760e-01  -6.1750427e-01  -4.6809598e+00
   3.3809761e-01   7.7861760e-01  -6.1750427e-01  -4.6809598e+00   1.7878304e-01  -5.0187054e-01   3.3470142e-01   8.9869828e-01  -6.5226075e-01  -5.0025700e+00
   3.3470142e-01   8.9869828e-01  -6.5226075e-01  -5.0025700e+00   1.9370006e-01  -5.3305366e-01   3.5492347e-01   9.7260997e-01  -6.9517245e-01  -5.3147475e+00
   3.5492347e-01   9.7260997e-01  -6.9517245e-01  -5.3147475e+00   1.8314217e-01  -5.6260397e-01   3.9861469e-01   9.1981738e-01  -7.1934394e-01  -5.6101001e+00
   3.9861469e-01   9.1981738e-01  -7.1934394e-01  -5.6101001e+00   1.9062344e-01  -5.8845283e-01   4.0979820e-01   9.5781309e-01  -7.7494397e-01  -5.8690717e+00
   4.0979820e-01   9.5781309e-01  -7.7494397e-01  -5.8690717e+00   1.8141227e-01  -6.0361245e-01   4.4214786e-01   9.1160455e-01  -8.1020702e-01  -6.0196855e+00
   4.4214786e-01   9.1160455e-01  -8.1020702e-01  -6.0196855e+00   2.0234561e-01  -6.2005501e-01   4.3853995e-01   1.0167765e+00  -8.0814267e-01  -6.1833942e+00
   4.3853995e-01   1.0167765e+00  -8.0814267e-01  -6.1833942e+00   2.0451677e-01  -6.3942262e-01   4.6673606e-01   1.0272835e+00  -8.4315501e-01  -6.3780846e+00
   4.6673606e-01   1.0272835e+00  -8.4315501e-01  -6.3780846e+00   2.1573244e-01  -6.5350555e-01   4.8046341e-01   1.0836763e+00  -8.5683002e-01  -6.5185047e+00
   4.8046341e-01   1.0836763e+00  -8.5683002e-01  -6.5185047e+00   1.8870538e-01  -6.6653903e-01   5.3172120e-01   9.4861165e-01  -8.7113126e-01  -6.6490379e+00
   5.3172120e-01   9.4861165e-01  -8.7113126e-01  -6.6490379e+00   2.2191283e-01  -6.6933503e-01   5.0694258e-01   1.1155965e+00  -9.1763200e-01  -6.6769927e+00
   5.0694258e-01   1.1155965e+00  -9.1763200e-01  -6.6769927e+00   2.0531427e-01  -6.6940830e-01   5.5247719e-01   1.0319625e+00  -8.8407959e-01  -6.6761990e+00
   5.5247719e-01   1.0319625e+00  -8.8407959e-01  -6.6761990e+00   2.4122784e-01  -6.7230265e-01   5.3090580e-01   1.2125762e+00  -9.1390625e-01  -6.7063761e+00
   5.3090580e-01   1.2125762e+00  -9.1390625e-01  -6.7063761e+00   2.2157406e-01  -6.7560244e-01   5.8099362e-01   1.1137082e+00  -8.7105739e-01  -6.7385246e+00
   5.8099362e-01   1.1137082e+00  -8.7105739e-01  -6.7385246e+00   2.3405400e-01  -6.7769640e-01   5.7770144e-01   1.1772433e+00  -9.1518811e-01  -6.7611521e+00
   5.7770144e-01   1.1772433e+00  -9.1518811e-01  -6.7611521e+00   2.2730803e-01  -6.7058049e-01   5.9947859e-01   1.1433600e+00  -8.8280033e-01  -6.6885115e+00
   5.9947859e-01   1.1433600e+00  -8.8280033e-01  -6.6885115e+00   2.4715627e-01  -6.6238446e-01   5.8775372e-01   1.2432961e+00  -8.9839886e-01  -6.6074039e+00
   5.8775372e-01   1.2432961e+00  -8.9839886e-01  -6.6074039e+00   2.0585783e-01  -6.4557590e-01   6.4161148e-01   1.0366376e+00  -8.8306467e-01  -6.4384198e+00
   6.4161148e-01   1.0366376e+00  -8.8306467e-01  -6.4384198e+00   2.2589923e-01  -6.3005185e-01   6.0763034e-01   1.1387872e+00  -8.5334034e-01  -6.2827713e+00
   6.0763034e-01   1.1387872e+00  -8.5334034e-01  -6.2827713e+00   2.1845304e-01  -6.1771141e-01   6.1931799e-01   1.1009529e+00  -8.2627011e-01  -6.1598335e+00
   6.1931799e-01   1.1009529e+00  -8.2627011e-01  -6.1598335e+00   2.3741185e-01  -6.0040282e-01   5.9752094e-01   1.1964513e+00  -8.2901173e-01  -5.9871872e+00
   5.9752094e-01   1.1964513e+00  -8.2901173e-01  -5.9871872e+00   2.1497354e-01  -5.7738772e-01   6.2292168e-01   1.0840305e+00  -7.8792494e-01  -5.7560887e+00
   6.2292168e-01   1.0840305e+00  -7.8792494e-01  -5.7560887e+00   2.1570105e-01  -5.5417979e-01   6.0582826e-01   1.0893054e+00  -7.7562329e-01  -5.5244057e+00
   6.0582826e-01   1.0893054e+00  -7.7562329e-01  -5.5244057e+00   2.0801495e-01  -5.2792632e-01   5.9946617e-01   1.0510942e+00  -7.3084858e-01  -5.2610732e+00
   5.9946617e-01   1.0510942e+00  -7.3084858e-01  -5.2610732e+00   2.1763154e-01  -5.0303454e-01   5.7185481e-01   1.1000108e+00  -7.0602366e-01  -5.0126252e+00
   5.7185481e-01   1.1000108e+00  -7.0602366e-01  -5.0126252e+00   2.0634172e-01  -4.7663630e-01   5.6885131e-01   1.0434571e+00  -6.6263686e-01  -4.7483440e+00
   5.6885131e-01   1.0434571e+00  -6.6263686e-01  -4.7483440e+00   1.8424682e-01  -4.4761858e-01   5.6423203e-01   9.3413923e-01  -6.5004014e-01  -4.4585936e+00
   5.6423203e-01   9.3413923e-01  -6.5004014e-01  -4.4585936e+00   1.9821527e-01  -4.1444621e-01   5.1447194e-01   1.0054335e+00  -5.9034392e-01  -4.1253161e+00
   5.1447194e-01   1.0054335e+00  -5.9034392e-01  -4.1253161e+00   1.6816796e-01  -3.8533605e-01   5.1846683e-01   8.5449893e-01  -5.6501337e-01  -3.8352974e+00
   5.1846683e-01   8.5449893e-01  -5.6501337e-01  -3.8352974e+00   1.7514827e-01  -3.5283172e-01   4.6664856e-01   8.9178105e-01  -5.1957487e-01  -3.5092107e+00
   4.6664856e-01   8.9178105e-01  -5.1957487e-01  -3.5092107e+00   1.7283899e-01  -3.1780637e-01   4.3453426e-01   8.7933847e-01  -5.0271204e-01  -3.1592219e+00
   4.3453426e-01   8.7933847e-01  -5.0271204e-01  -3.1592219e+00   1.5106705e-01  -2.8167328e-01   4.1703202e-01   7.7106156e-01  -4.3025912e-01  -2.7955719e+00
   4.1703202e-01   7.7106156e-01  -4.3025912e-01  -2.7955719e+00   1.4030474e-01  -2.5291445e-01   3.7455026e-01   7.1964959e-01  -4.0381993e-01  -2.5098280e+00
   3.7455026e-01   7.1964959e-01  -4.0381993e-01  -2.5098280e+00   1.0974833e-01  -2.1620747e-01   3.5088258e-01   5.6632116e-01  -3.8454086e-01  -2.1415819e+00
   3.5088258e-01   5.6632116e-01  -3.8454086e-01  -2.1415819e+00   1.1812035e-01  -1.9067214e-01   2.7307282e-01   6.1093526e-01  -2.7667116e-01  -1.8821996e+00
   2.7307282e-01   6.1093526e-01  -2.7667116e-01  -1.8821996e+00   9.5862908e-02  -1.6863142e-01   2.4591531e-01   4.9425081e-01  -2.9404837e-01  -1.6709757e+00
   2.4591531e-01   4.9425081e-01  -2.9404837e-01  -1.6709757e+00   7.8186204e-02  -1.3388636e-01   1.9541246e-01   4.0559890e-01  -2.5871676e-01  -1.3177588e+00
   1.9541246e-01   4.0559890e-01  -2.5871676e-01  -1.3177588e+00   5.7857391e-02  -1.0519487e-01   1.4393979e-01   3.0215316e-01  -2.0182118e-01  -1.0291756e+00
   1.4393979e-01   3.0215316e-01  -2.0182118e-01  -1.0291756e+00   1.3026942e-02  -7.9374978e-02   1.1730257e-01   7.4589973e-02  -1.7230247e-01  -7.7498990e-01
   1.1730257e-01   7.4589973e-02  -1.7230247e-01  -7.7498990e-01  -7.4508418e-03  -5.9835017e-02   3.0170999e-02  -2.8842803e-02  -1.2216727e-01  -5.8002340e-01
   3.0170999e-02  -2.8842803e-02  -1.2216727e-01  -5.8002340e-01  -4.4144015e-02  -3.3776855e-02  -1.2701064e-02  -2.2004687e-01  -1.1311431e-01  -3.2661537e-01
  -1.2701064e-02  -2.2004687e-01  -1.1311431e-01  -3.2661537e-01  -8.7349025e-02  -1.7392247e-02  -6.9087505e-02  -4.3660700e-01  -5.6709238e-02  -1.6284717e-01
  -6.9087505e-02  -4.3660700e-01  -5.6709238e-02  -1.6284717e-01  -1.3576983e-01  -2.5781153e-03  -1.2938640e-01  -6.7493793e-01  -2.9839908e-02  -2.3149276e-02
  -1.2938640e-01  -6.7493793e-01  -2.9839908e-02  -2.3149276e-02  -1.9184928e-01   1.8620372e-02  -1.8413189e-01  -9.4775618e-01  -1.8589509e-02   1.8680829e-01
  -1.8413189e-01  -9.4775618e-01  -1.8589509e-02   1.8680829e-01  -2.5469295e-01   1.0398702e-02  -2.3965732e-01  -1.2559293e+00   6.0726694e-02   1.0416270e-01
  -2.3965732e-01  -1.2559293e+00   6.0726694e-02   1.0416270e-01  -3.1771392e-01   2.8192365e-02  -3.1431525e-01  -1.5664099e+00   3.6577894e-02   2.8331754e-01
  -3.1431525e-01  -1.5664099e+00   3.6577894e-02   2.8331754e-01  -3.7564905e-01   3.5961733e-02  -3.9016180e-01  -1.8502998e+00   7.1117841e-02   3.5998564e-01
  -3.9016180e-01  -1.8502998e+00   7.1117841e-02   3.5998564e-01  -4.3259563e-01   4.6807713e-02  -4.4137292e-01  -2.1295824e+00   8.4116073e-02   4.6915201e-01
  -4.4137292e-01  -2.1295824e+00   8.4116073e-02   4.6915201e-01  -5.0040040e-01   5.6224387e-02  -4.7235491e-01  -2.4681943e+00   1.0103437e-01   5.6343302e-01
  -4.7235491e-01  -2.4681943e+00   1.0103437e-01   5.6343302e-01  -5.7430704e-01   5.5940953e-02  -5.5589480e-01  -2.8414638e+00   1.2966696e-01   5.6074695e-01
  -5.5589480e-01  -2.8414638e+00   1.2966696e-01   5.6074695e-01  -6.4088043e-01   6.1693987e-02  -6.0677178e-01  -3.1715458e+00   1.3313946e-01   6.1867369e-01
  -6.0677178e-01  -3.1715458e+00   1.3313946e-01   6.1867369e-01  -7.0891884e-01   7.1553244e-02  -6.6560777e-01  -3.5124652e+00   1.3339612e-01   7.1703343e-01
  -6.6560777e-01  -3.5124652e+00   1.3339612e-01   7.1703343e-01  -7.7088524e-01   6.7712520e-02  -7.3855419e-01  -3.8224828e+00   1.5874484e-01   6.7837005e-01
  -7.3855419e-01  -3.8224828e+00   1.5874484e-01   6.7837005e-01  -8.2307940e-01   6.9008456e-02  -7.9700743e-01  -4.0815105e+00   1.5818081e-01   6.9160107e-01
  -7.9700743e-01  -4.0815105e+00   1.5818081e-01   6.9160107e-01  -8.7254050e-01   6.5945716e-02  -8.4502634e-01  -4.3277274e+00   1.6486224e-01   6.6079004e-01
  -8.4502634e-01  -4.3277274e+00   1.6486224e-01   6.6079004e-01  -9.2880295e-01   7.1068986e-02  -8.7004623e-01  -4.6086526e+00   1.5216268e-01   7.1199156e-01
  -8.7004623e-01  -4.6086526e+00   1.5216268e-01   7.1199156e-01  -9.7984495e-01   6.2332502e-02  -9.5572097e-01  -4.8659798e+00   1.6705556e-01   6.2431012e-01
  -9.5572097e-01  -4.8659798e+00   1.6705556e-01   6.2431012e-01  -1.0242974e+00   5.9059487e-02  -9.7366878e-01  -5.0850896e+00   1.5699422e-01   5.9166902e-01
  -9.7366878e-01  -5.0850896e+00   1.5699422e-01   5.9166902e-01  -1.0664237e+00   5.9967054e-02  -1.0399817e+00  -5.2973066e+00   1.4139272e-01   6.0054591e-01
  -1.0399817e+00  -5.2973066e+00   1.4139272e-01   6.0054591e-01  -1.1018810e+00   6.1864080e-02  -1.0694007e+00  -5.4726696e+00   1.2791826e-01   6.1929619e-01
  -1.0694007e+00  -5.4726696e+00   1.2791826e-01   6.1929619e-01  -1.1380258e+00   5.2225709e-02  -1.1031985e+00  -5.6536501e+00   1.3374385e-01   5.2276093e-01
  -1.1031985e+00  -5.6536501e+00   1.3374385e-01   5.2276093e-01  -1.1666896e+00   5.1453247e-02  -1.1498860e+00  -5.7968505e+00   1.0933353e-01   5.1505164e-01
  -1.1498860e+00  -5.7968505e+00   1.0933353e-01   5.1505164e-01  -1.1920692e+00   4.7392472e-02  -1.1697977e+00  -5.9224384e+00   9.7350310e-02   4.7425502e-01
  -1.1697977e+00  -5.9224384e+00   9.7350310e-02   4.7425502e-01  -1.2132596e+00   3.4004965e-02  -1.2038734e+00  -6.0286102e+00   9.7166495e-02   3.4030124e-01
  -1.2038734e+00  -6.0286102e+00   9.7166495e-02   3.4030124e-01  -1.2334831e+00   2.4395546e-02  -1.2148940e+00  -6.1287354e+00   7.5690001e-02   2.4419811e-01
  -1.2148940e+00  -6.1287354e+00   7.5690001e-02   2.4419811e-01  -1.2429709e+00   2.4141342e-03  -1.2571962e+00  -6.1766433e+00   7.8033791e-02   2.4284220e-02
  -1.2571962e+00  -6.1766433e+00   7.8033791e-02   2.4284220e-02  -1.2572779e+00   2.1678941e-02  -1.2373855e+00  -6.2460258e+00  -1.7261577e-02   2.1693891e-01
  -1.2373855e+00  -6.2460258e+00  -1.7261577e-02   2.1693891e-01  -1.2718880e+00  -7.1847084e-03  -1.2574040e+00  -6.3212194e+00   5.1275939e-02  -7.1839920e-02
  -1.2574040e+00  -6.3212194e+00   5.1275939e-02  -7.1839920e-02  -1.2758957e+00  -1.4517899e-02  -1.2755181e+00  -6.3408838e+00  -6.3940398e-03  -1.4511719e-01
  -1.2755181e+00  -6.3408838e+00  -6.3940398e-03  -1.4511719e-01  -1.2770121e+00  -1.5243772e-02  -1.2678853e+00  -6.3455981e+00  -4.3479561e-02  -1.5243676e-01
  -1.2678853e+00  -6.3455981e+00  -4.3479561e-02  -1.5243676e-01  -1.2708528e+00  -2.3856231e-02  -1.2789604e+00  -6.3153327e+00  -4.5430855e-02  -2.3851824e-01
  -1.2789604e+00  -6.3153327e+00  -4.5430855e-02  -2.3851824e-01  -1.2581004e+00  -3.2372075e-02  -1.2721472e+00  -6.2505495e+00  -6.6791191e-02  -3.2367227e-01
  -1.2721472e+00  -6.2505495e+00  -6.6791191e-02  -3.2367227e-01  -1.2408017e+00  -4.8201547e-02  -1.2632937e+00  -6.1637296e+00  -6.8343687e-02  -4.8190873e-01
  -1.2632937e+00  -6.1637296e+00  -6.8343687e-02  -4.8190873e-01  -1.2275511e+00  -6.5786624e-02  -1.2284252e+00  -6.0970731e+00  -8.4602238e-02  -6.5775181e-01
  -1.2284252e+00  -6.0970731e+00  -8.4602238e-02  -6.5775181e-01  -1.2083255e+00  -7.4722408e-02  -1.2267105e+00  -6.0025479e+00  -1.2390508e-01  -7.4704566e-01
  -1.2267105e+00  -6.0025479e+00  -1.2390508e-01  -7.4704566e-01  -1.1856066e+00  -8.5978638e-02  -1.1935597e+00  -5.8880153e+00  -1.2735946e-01  -8.5939367e-01
  -1.1935597e+00  -5.8880153e+00  -1.2735946e-01  -8.5939367e-01  -1.1629885e+00  -9.9186664e-02  -1.1631522e+00  -5.7758308e+00  -1.3961638e-01  -9.9143789e-01
  -1.1631522e+00  -5.7758308e+00  -1.3961638e-01  -9.9143789e-01  -1.1311001e+00  -9.9376492e-02  -1.1501903e+00  -5.6172418e+00  -1.9081551e-01  -9.9323373e-01
  -1.1501903e+00  -5.6172418e+00  -1.9081551e-01  -9.9323373e-01  -1.0957530e+00  -1.0358346e-01  -1.1039478e+00  -5.4393638e+00  -1.7055767e-01  -1.0347902e+00
  -1.1039478e+00  -5.4393638e+00  -1.7055767e-01  -1.0347902e+00  -1.0543161e+00  -1.1660690e-01  -1.0819946e+00  -5.2331192e+00  -1.6722752e-01  -1.1651842e+00
  -1.0819946e+00  -5.2331192e+00  -1.6722752e-01  -1.1651842e+00  -1.0093087e+00  -1.2322734e-01  -1.0292544e+00  -5.0072196e+00  -1.9844670e-01  -1.2313688e+00
  -1.0292544e+00  -5.0072196e+00  -1.9844670e-01  -1.2313688e+00  -9.6520862e-01  -1.2113825e-01  -9.8250079e-01  -4.7876991e+00  -2.1676901e-01  -1.2100078e+00
  -9.8250079e-01  -4.7876991e+00  -2.1676901e-01  -1.2100078e+00  -9.1363132e-01  -1.2715245e-01  -9.5246472e-01  -4.5302019e+00  -1.8348231e-01  -1.2697414e+00
  -9.5246472e-01  -4.5302019e+00  -1.8348231e-01  -1.2697414e+00  -8.6008503e-01  -1.2664554e-01  -8.8144581e-01  -4.2612692e+00  -2.2366177e-01  -1.2650551e+00
  -8.8144581e-01  -4.2612692e+00  -2.2366177e-01  -1.2650551e+00  -8.0494805e-01  -1.2247596e-01  -8.5038327e-01  -3.9874028e+00  -2.0701518e-01  -1.2224367e+00
  -8.5038327e-01  -3.9874028e+00  -2.0701518e-01  -1.2224367e+00  -7.4510474e-01  -1.1751456e-01  -7.7718559e-01  -3.6863000e+00  -2.1195276e-01  -1.1729038e+00
  -7.7718559e-01  -3.6863000e+00  -2.1195276e-01  -1.1729038e+00  -6.8826486e-01  -1.1540249e-01  -7.2654688e-01  -3.4035955e+00  -1.8811384e-01  -1.1513135e+00
  -7.2654688e-01  -3.4035955e+00  -1.8811384e-01  -1.1513135e+00  -6.2733641e-01  -1.0918459e-01  -6.6995469e-01  -3.0988293e+00  -1.9878314e-01  -1.0893949e+00
  -6.6995469e-01  -3.0988293e+00  -1.9878314e-01  -1.0893949e+00  -5.5998559e-01  -1.0523584e-01  -6.3170477e-01  -2.7619841e+00  -1.6673551e-01  -1.0491296e+00
  -6.3170477e-01  -2.7619841e+00  -1.6673551e-01  -1.0491296e+00  -4.8789936e-01  -9.5468833e-02  -5.5101528e-01  -2.3985980e+00  -1.7741001e-01  -9.5194347e-01
  -5.5101528e-01  -2.3985980e+00  -1.7741001e-01  -9.5194347e-01  -4.3025934e-01  -7.8799736e-02  -4.6242214e-01  -2.1118194e+00  -1.6746283e-01  -7.8404484e-01
  -4.6242214e-01  -2.1118194e+00  -1.6746283e-01  -7.8404484e-01  -3.6732400e-01  -6.6412530e-02  -4.6916427e-01  -1.8015798e+00  -1.3165824e-01  -6.5966565e-01
  -4.6916427e-01  -1.8015798e+00  -1.3165824e-01  -6.5966565e-01  -2.8994646e-01  -5.5931181e-02  -3.7048037e-01  -1.4028812e+00  -1.1026204e-01  -5.5577497e-01
  -3.7048037e-01  -1.4028812e+00  -1.1026204e-01  -5.5577497e-01  -2.2751703e-01  -4.3126569e-02  -3.0734585e-01  -1.0958549e+00  -9.1527809e-02  -4.2770478e-01
  -3.0734585e-01  -1.0958549e+00  -9.1527809e-02  -4.2770478e-01  -1.6586298e-01  -2.3973226e-02  -2.5631810e-01  -7.8982771e-01  -7.8689391e-02  -2.3635197e-01
  -2.5631810e-01  -7.8982771e-01  -7.8689391e-02  -2.3635197e-01  -1.2403512e-01  -1.7028199e-02  -1.5341772e-01  -5.8120551e-01  -2.1772292e-02  -1.6673434e-01
  -1.5341772e-01  -5.8120551e-01  -2.1772292e-02  -1.6673434e-01  -6.5630071e-02   1.0515964e-02  -1.5142800e-01  -3.1092069e-01  -3.8005241e-02   1.0550088e-01
  -1.5142800e-01  -3.1092069e-01  -3.8005241e-02   1.0550088e-01  -2.6394268e-02   2.7732634e-02  -5.3888565e-02  -1.1129925e-01   1.6908654e-02   2.7860375e-01
  -5.3888565e-02  -1.1129925e-01   1.6908654e-02   2.7860375e-01   3.2931392e-02   3.3620448e-02  -4.0000382e-02   1.6732044e-01   6.8880047e-02   3.3646608e-01
  -4.0000382e-02   1.6732044e-01   6.8880047e-02   3.3646608e-01   6.7964014e-02   6.4404831e-02   4.3794606e-02   3.4121632e-01   5.9848085e-02   6.4819990e-01
   4.3794606e-02   3.4121632e-01   5.9848085e-02   6.4819990e-01   8.8341910e-02   7.2534452e-02   1.0829144e-01   4.4295484e-01   1.2936686e-01   7.2767261e-01
   1.0829144e-01   4.4295484e-01   1.2936686e-01   7.2767261e-01   1.1460050e-01   8.6106721e-02   1.4769280e-01   5.7973268e-01   1.5954322e-01   8.7069963e-01
   1.4769280e-01   5.7973268e-01   1.5954322e-01   8.7069963e-01   1.5258334e-01   9.3596572e-02   1.7858536e-01   7.7320759e-01   2.0483882e-01   9.4799492e-01
   1.7858536e-01   7.7320759e-01   2.0483882e-01   9.4799492e-01   1.5266187e-01   1.0296048e-01   2.5874583e-01   7.7587297e-01   2.4123835e-01   1.0461996e+00
   2.5874583e-01   7.7587297e-01   2.4123835e-01   1.0461996e+00   1.7035645e-01   1.3401245e-01   2.8936753e-01   8.7608588e-01   2.4931876e-01   1.3611836e+00
   2.8936753e-01   8.7608588e-01   2.4931876e-01   1.3611836e+00   1.8679885e-01   1.1967781e-01   3.2911760e-01   9.5673245e-01   3.4044683e-01   1.2135596e+00
   3.2911760e-01   9.5673245e-01   3.4044683e-01   1.2135596e+00   1.7156769e-01   1.4393488e-01   3.9431165e-01   8.8875150e-01   3.4336103e-01   1.4724985e+00
   3.9431165e-01   8.8875150e-01   3.4336103e-01   1.4724985e+00   1.8349434e-01   1.4889082e-01   4.1334896e-01   9.5561711e-01   3.9713727e-01   1.5175683e+00
   4.1334896e-01   9.5561711e-01   3.9713727e-01   1.5175683e+00   2.0632236e-01   1.4640327e-01   4.3068688e-01   1.0706744e+00   4.4867541e-01   1.4999833e+00
   4.3068688e-01   1.0706744e+00   4.4867541e-01   1.4999833e+00   2.0003607e-01   1.7561696e-01   4.8121091e-01   1.0405255e+00   4.5271441e-01   1.8001065e+00
   4.8121091e-01   1.0405255e+00   4.5271441e-01   1.8001065e+00   2.0973247e-01   1.6419049e-01   5.0088291e-01   1.0905514e+00   5.2891139e-01   1.6788021e+00
   5.0088291e-01   1.0905514e+00   5.2891139e-01   1.6788021e+00   2.2176327e-01   1.5722597e-01   5.1884950e-01   1.1562655e+00   5.7227361e-01   1.6254582e+00
   5.1884950e-01   1.1562655e+00   5.7227361e-01   1.6254582e+00   2.1028277e-01   1.8425314e-01   5.5891383e-01   1.1021444e+00   5.7026486e-01   1.9049324e+00
   5.5891383e-01   1.1021444e+00   5.7026486e-01   1.9049324e+00   2.2141189e-01   1.7979602e-01   5.6402921e-01   1.1576998e+00   6.3018465e-01   1.8507881e+00
   5.6402921e-01   1.1576998e+00   6.3018465e-01   1.8507881e+00   1.9324611e-01   1.9522956e-01   6.0905779e-01   1.0178512e+00   6.4608098e-01   2.0175725e+00
   6.0905779e-01   1.0178512e+00   6.4608098e-01   2.0175725e+00   2.3300024e-01   2.0092136e-01   5.6988471e-01   1.2218604e+00   6.8372755e-01   2.0736545e+00
   5.6988471e-01   1.2218604e+00   6.8372755e-01   2.0736545e+00   2.1801247e-01   1.9659790e-01   6.1127456e-01   1.1347934e+00   7.2705626e-01   2.0316575e+00
   6.1127456e-01   1.1347934e+00   7.2705626e-01   2.0316575e+00   2.2705981e-01   1.9375419e-01   6.0397982e-01   1.1891091e+00   7.5580306e-01   2.0154042e+00
   6.0397982e-01   1.1891091e+00   7.5580306e-01   2.0154042e+00   2.1635082e-01   1.9946971e-01   6.2158688e-01   1.1335191e+00   7.7049904e-01   2.0782039e+00
   6.2158688e-01   1.1335191e+00   7.7049904e-01   2.0782039e+00   2.0368622e-01   2.0291270e-01   6.2844016e-01   1.0721125e+00   7.9118372e-01   2.1140562e+00
   6.2844016e-01   1.0721125e+00   7.9118372e-01   2.1140562e+00   2.1574476e-01   1.9312622e-01   6.0615337e-01   1.1332383e+00   8.2501579e-01   2.0205133e+00
   6.0615337e-01   1.1332383e+00   8.2501579e-01   2.0205133e+00   2.1831134e-01   1.9461824e-01   6.0261920e-01   1.1436929e+00   8.3051891e-01   2.0472573e+00
   6.0261920e-01   1.1436929e+00   8.3051891e-01   2.0472573e+00   1.8844756e-01   2.1523183e-01   6.2526362e-01   9.9275208e-01   8.1591466e-01   2.2528308e+00
   6.2526362e-01   9.9275208e-01   8.1591466e-01   2.2528308e+00   2.1628343e-01   2.0477068e-01   5.7460174e-01   1.1320162e+00   8.5503940e-01   2.1370436e+00
   5.7460174e-01   1.1320162e+00   8.5503940e-01   2.1370436e+00   2.0083663e-01   2.0574006e-01   5.8794940e-01   1.0477437e+00   8.5311001e-01   2.1592442e+00
   5.8794940e-01   1.0477437e+00   8.5311001e-01   2.1592442e+00   1.9968185e-01   2.1183964e-01   5.6963752e-01   1.0445750e+00   8.4670661e-01   2.2208195e+00
   5.6963752e-01   1.0445750e+00   8.4670661e-01   2.2208195e+00   1.9662548e-01   1.9989102e-01   5.5589913e-01   1.0250503e+00   8.6486273e-01   2.0964803e+00
   5.5589913e-01   1.0250503e+00   8.6486273e-01   2.0964803e+00   1.8932528e-01   1.8834821e-01   5.4304925e-01   9.8958252e-01   8.6340137e-01   1.9942133e+00
   5.4304925e-01   9.8958252e-01   8.6340137e-01   1.9942133e+00   2.0003581e-01   2.0186573e-01   5.1062425e-01   1.0441837e+00   8.2400191e-01   2.1379110e+00
   5.1062425e-01   1.0441837e+00   8.2400191e-01   2.1379110e+00   1.7697643e-01   1.9428584e-01   5.1900327e-01   9.2040512e-01   8.3014814e-01   2.0409524e+00
   5.1900327e-01   9.2040512e-01   8.3014814e-01   2.0409524e+00   1.6393594e-01   1.8660784e-01   4.9889964e-01   8.5987269e-01   8.1622221e-01   1.9757801e+00
   4.9889964e-01   8.5987269e-01   8.1622221e-01   1.9757801e+00   1.7970086e-01   1.7835452e-01   4.5337866e-01   9.3795410e-01   7.9853402e-01   1.8966171e+00
   4.5337866e-01   9.3795410e-01   7.9853402e-01   1.8966171e+00   1.5795571e-01   1.7537640e-01   4.5890661e-01   8.2339533e-01   7.6949608e-01   1.8659788e+00
   4.5890661e-01   8.2339533e-01   7.6949608e-01   1.8659788e+00   1.4155738e-01   1.6337631e-01   4.4214544e-01   7.4439956e-01   7.5155450e-01   1.7440191e+00
